/*--------------------------------*- C++ -*----------------------------------*\
  =========                 |
  \\      /  F ield         | OpenFOAM: The Open Source CFD Toolbox
   \\    /   O peration     | Website:  https://openfoam.org
    \\  /    A nd           | Version:  13
     \\/     M anipulation  |
\*---------------------------------------------------------------------------*/
FoamFile
{
    format      ascii;
    class       volScalarField;
    location    "24";
    object      p;
}
// * * * * * * * * * * * * * * * * * * * * * * * * * * * * * * * * * * * * * //

dimensions      [0 2 -2 0 0 0 0];

internalField   nonuniform List<scalar> 
6440
(
145.153
145.16
145.172
145.18
145.154
145.086
144.985
144.862
144.733
144.617
144.529
144.483
144.485
144.536
144.632
144.759
144.895
145.01
145.081
145.105
145.109
145.109
145.109
145.108
145.107
145.142
145.148
145.151
145.132
145.075
144.978
144.851
144.71
144.571
144.454
144.371
144.337
144.354
144.417
144.528
144.674
144.832
144.975
145.077
145.119
145.117
145.105
145.098
145.096
145.099
145.129
145.129
145.1
145.031
144.928
144.797
144.648
144.492
144.345
144.223
144.14
144.109
144.132
144.2
144.316
144.471
144.644
144.809
144.946
145.036
145.076
145.086
145.087
145.089
145.096
145.1
145.08
145
144.878
144.731
144.564
144.386
144.209
144.047
143.917
143.832
143.8
143.827
143.912
144.049
144.226
144.424
144.622
144.798
144.939
145.032
145.078
145.089
145.096
145.106
145.025
144.974
144.857
144.702
144.517
144.311
144.098
143.896
143.721
143.589
143.512
143.5
143.549
143.655
143.815
144.019
144.253
144.492
144.712
144.895
145.029
145.098
145.11
145.115
145.126
144.927
144.86
144.736
144.565
144.351
144.111
143.869
143.647
143.464
143.335
143.272
143.285
143.361
143.491
143.675
143.909
144.179
144.455
144.709
144.92
145.07
145.14
145.141
145.137
145.149
144.889
144.819
144.695
144.514
144.286
144.032
143.778
143.55
143.371
143.26
143.218
143.232
143.305
143.444
143.648
143.91
144.207
144.507
144.777
144.994
145.133
145.178
145.167
145.157
145.166
144.958
144.887
144.759
144.567
144.325
144.058
143.791
143.554
143.37
143.26
143.226
143.254
143.347
143.507
143.735
144.02
144.332
144.635
144.898
145.094
145.191
145.203
145.185
145.172
145.173
145.133
145.064
144.925
144.72
144.464
144.186
143.913
143.672
143.489
143.378
143.344
143.382
143.493
143.675
143.925
144.221
144.529
144.813
145.041
145.178
145.226
145.221
145.196
145.176
145.168
145.378
145.302
145.146
144.925
144.659
144.378
144.109
143.877
143.703
143.599
143.572
143.621
143.75
143.95
144.206
144.493
144.769
144.996
145.142
145.209
145.225
145.211
145.189
145.17
145.162
145.587
145.505
145.338
145.11
144.846
144.575
144.323
144.111
143.956
143.871
143.859
143.927
144.073
144.275
144.518
144.765
144.965
145.094
145.157
145.181
145.182
145.176
145.168
145.159
145.154
145.685
145.597
145.426
145.203
144.956
144.709
144.485
144.303
144.183
144.129
144.135
144.213
144.363
144.557
144.76
144.931
145.043
145.102
145.127
145.133
145.133
145.134
145.138
145.14
145.144
145.665
145.567
145.391
145.177
144.954
144.741
144.553
144.411
144.326
144.295
144.318
144.401
144.54
144.705
144.861
144.981
145.054
145.087
145.098
145.1
145.101
145.106
145.117
145.129
145.143
145.534
145.429
145.256
145.06
144.863
144.681
144.524
144.408
144.342
144.329
144.367
144.456
144.587
144.737
144.875
144.975
145.034
145.064
145.076
145.083
145.088
145.093
145.108
145.127
145.15
145.355
145.248
145.096
144.924
144.749
144.587
144.452
144.354
144.301
144.298
144.348
144.444
144.572
144.708
144.83
144.927
144.992
145.029
145.053
145.071
145.082
145.092
145.111
145.138
145.164
145.163
145.059
144.93
144.78
144.626
144.484
144.371
144.293
144.249
144.249
144.297
144.388
144.506
144.634
144.754
144.855
144.929
144.982
145.023
145.055
145.078
145.1
145.128
145.162
145.188
144.947
144.857
144.748
144.619
144.491
144.373
144.275
144.208
144.161
144.153
144.195
144.281
144.398
144.525
144.649
144.755
144.846
144.92
144.984
145.035
145.077
145.115
145.153
145.193
145.213
144.713
144.638
144.55
144.447
144.352
144.254
144.155
144.084
144.029
144.015
144.055
144.144
144.259
144.389
144.517
144.642
144.753
144.857
144.945
145.02
145.08
145.135
145.181
145.224
145.22
144.473
144.411
144.34
144.265
144.207
144.118
144.007
143.924
143.865
143.853
143.896
143.983
144.102
144.237
144.383
144.527
144.671
144.801
144.919
145.015
145.095
145.157
145.202
145.228
145.171
144.232
144.181
144.119
144.07
144.028
143.948
143.846
143.751
143.695
143.681
143.722
143.811
143.933
144.081
144.245
144.417
144.587
144.746
144.886
145.007
145.101
145.176
145.21
145.237
145.062
144.005
143.965
143.907
143.861
143.829
143.763
143.682
143.589
143.524
143.502
143.539
143.624
143.75
143.906
144.083
144.274
144.466
144.644
144.798
144.927
145.028
145.096
145.108
145.063
144.775
143.794
143.758
143.696
143.649
143.612
143.564
143.501
143.425
143.361
143.327
143.348
143.425
143.548
143.707
143.894
144.101
144.312
144.507
144.676
144.815
144.922
144.989
145.01
144.963
144.889
143.609
143.574
143.512
143.45
143.405
143.361
143.306
143.246
143.193
143.159
143.17
143.239
143.361
143.52
143.711
143.925
144.146
144.351
144.53
144.677
144.787
144.854
144.881
144.861
144.825
143.455
143.422
143.359
143.288
143.226
143.174
143.118
143.061
143.014
142.985
142.993
143.06
143.182
143.342
143.533
143.748
143.971
144.181
144.367
144.518
144.628
144.695
144.718
144.69
144.611
143.334
143.302
143.239
143.16
143.086
143.028
142.969
142.902
142.841
142.809
142.816
142.884
143.011
143.174
143.362
143.573
143.793
144.004
144.191
144.343
144.451
144.515
144.532
144.502
144.415
143.248
143.214
143.149
143.068
142.991
142.929
142.863
142.771
142.676
142.627
142.63
142.7
142.838
143.008
143.197
143.402
143.617
143.825
144.01
144.158
144.263
144.322
144.336
144.301
144.22
143.194
143.156
143.088
143.011
142.933
142.868
142.778
142.647
142.512
142.436
142.428
142.501
142.656
142.84
143.035
143.237
143.447
143.649
143.828
143.97
144.069
144.122
144.131
144.098
144.017
143.174
143.13
143.057
142.971
142.891
142.809
142.694
142.527
142.349
142.235
142.213
142.289
142.465
142.671
142.878
143.082
143.285
143.479
143.65
143.783
143.874
143.921
143.926
143.889
143.813
143.179
143.13
143.048
142.954
142.854
142.755
142.619
142.421
142.197
142.042
142.008
142.087
142.278
142.509
142.73
142.938
143.135
143.32
143.479
143.601
143.682
143.721
143.721
143.685
143.61
143.209
143.156
143.066
142.957
142.848
142.731
142.575
142.348
142.082
141.885
141.853
141.923
142.116
142.366
142.601
142.81
143.001
143.174
143.318
143.427
143.496
143.527
143.523
143.483
143.411
143.262
143.208
143.115
143.003
142.878
142.747
142.576
142.338
142.057
141.828
141.762
141.81
141.997
142.256
142.497
142.705
142.887
143.044
143.172
143.264
143.321
143.343
143.331
143.289
143.214
143.344
143.29
143.196
143.075
142.946
142.803
142.631
142.408
142.14
141.888
141.768
141.782
141.951
142.199
142.431
142.627
142.794
142.933
143.041
143.116
143.158
143.169
143.15
143.101
143.025
143.454
143.401
143.302
143.177
143.036
142.892
142.733
142.54
142.287
142.03
141.873
141.856
141.988
142.201
142.407
142.581
142.726
142.842
142.928
142.983
143.009
143.008
142.979
142.924
142.842
143.591
143.536
143.432
143.296
143.151
143.006
142.862
142.689
142.458
142.216
142.054
142.011
142.101
142.262
142.425
142.566
142.682
142.771
142.832
142.867
142.876
142.861
142.822
142.757
142.667
143.745
143.687
143.575
143.435
143.281
143.133
142.993
142.834
142.632
142.425
142.276
142.223
142.266
142.368
142.478
142.578
142.659
142.718
142.754
142.768
142.76
142.729
142.677
142.602
142.501
143.904
143.844
143.726
143.579
143.42
143.265
143.12
142.974
142.808
142.642
142.517
142.456
142.456
142.498
142.555
142.611
142.655
142.683
142.693
142.685
142.658
142.612
142.545
142.457
142.345
144.051
143.995
143.874
143.726
143.563
143.403
143.257
143.123
142.989
142.858
142.753
142.688
142.649
142.635
142.642
142.657
142.666
142.662
142.647
142.616
142.57
142.507
142.426
142.323
142.199
144.168
144.126
144.009
143.866
143.709
143.553
143.412
143.29
143.175
143.066
142.976
142.902
142.828
142.767
142.733
142.711
142.685
142.653
142.612
142.56
142.495
142.414
142.317
142.201
142.063
144.242
144.219
144.123
143.997
143.856
143.712
143.579
143.462
143.355
143.26
143.182
143.094
142.983
142.887
142.822
142.767
142.709
142.651
142.587
142.513
142.429
142.332
142.219
142.089
141.939
144.284
144.28
144.219
144.114
143.993
143.863
143.736
143.62
143.518
143.433
143.368
143.258
143.115
142.996
142.906
142.822
142.737
142.654
142.567
142.474
142.372
142.259
142.131
141.989
141.826
144.309
144.324
144.298
144.219
144.112
143.991
143.868
143.756
143.661
143.585
143.528
143.394
143.229
143.098
142.983
142.869
142.763
142.659
142.552
142.441
142.322
142.194
142.054
141.898
141.725
144.334
144.354
144.357
144.304
144.208
144.093
143.978
143.879
143.796
143.728
143.665
143.506
143.334
143.185
143.045
142.913
142.787
142.664
142.54
142.412
142.279
142.137
141.984
141.818
141.635
144.358
144.376
144.396
144.365
144.281
144.178
144.081
144
143.933
143.878
143.784
143.605
143.425
143.257
143.098
142.949
142.808
142.668
142.529
142.387
142.241
142.088
141.924
141.747
141.556
144.378
144.393
144.412
144.392
144.327
144.249
144.181
144.118
144.063
144.025
143.898
143.695
143.5
143.317
143.143
142.98
142.824
142.671
142.519
142.365
142.208
142.044
141.871
141.687
141.487
144.396
144.406
144.409
144.387
144.339
144.297
144.266
144.23
144.191
144.163
144.003
143.776
143.562
143.365
143.18
143.003
142.835
142.671
142.508
142.345
142.178
142.006
141.825
141.633
141.429
144.415
144.42
144.403
144.36
144.322
144.312
144.326
144.331
144.324
144.302
144.094
143.838
143.609
143.401
143.205
143.019
142.841
142.668
142.497
142.326
142.151
141.972
141.785
141.589
141.379
144.433
144.435
144.403
144.34
144.299
144.311
144.362
144.416
144.463
144.397
144.148
143.878
143.638
143.422
143.219
143.026
142.841
142.662
142.484
142.307
142.127
141.942
141.751
141.55
141.338
144.441
144.44
144.401
144.33
144.289
144.317
144.392
144.487
144.572
144.438
144.162
143.888
143.647
143.427
143.22
143.024
142.835
142.651
142.47
142.288
142.104
141.916
141.721
141.518
141.304
144.426
144.419
144.377
144.316
144.295
144.342
144.443
144.571
144.609
144.42
144.138
143.871
143.635
143.417
143.21
143.013
142.823
142.636
142.452
142.268
142.082
141.891
141.695
141.491
141.277
144.368
144.348
144.306
144.279
144.304
144.387
144.511
144.634
144.582
144.351
144.078
143.83
143.603
143.391
143.188
142.993
142.803
142.617
142.432
142.247
142.06
141.869
141.673
141.469
141.255
144.261
144.217
144.175
144.185
144.269
144.399
144.549
144.604
144.468
144.235
143.99
143.766
143.554
143.351
143.155
142.965
142.778
142.593
142.41
142.225
142.039
141.848
141.653
141.45
141.239
144.104
144.037
143.993
144.036
144.163
144.327
144.468
144.442
144.292
144.101
143.889
143.687
143.491
143.3
143.113
142.929
142.746
142.565
142.384
142.202
142.017
141.829
141.635
141.435
141.227
143.918
143.845
143.801
143.861
144.01
144.181
144.275
144.235
144.111
143.95
143.776
143.597
143.419
143.241
143.064
142.887
142.71
142.534
142.356
142.177
141.995
141.81
141.619
141.422
141.218
143.741
143.671
143.638
143.709
143.854
144.009
144.078
144.041
143.939
143.809
143.661
143.504
143.342
143.177
143.009
142.841
142.671
142.5
142.327
142.152
141.973
141.791
141.604
141.412
141.213
143.608
143.549
143.528
143.588
143.724
143.853
143.9
143.867
143.785
143.675
143.548
143.409
143.262
143.109
142.952
142.791
142.629
142.463
142.296
142.125
141.951
141.774
141.591
141.403
141.209
143.535
143.486
143.471
143.51
143.624
143.725
143.746
143.712
143.646
143.554
143.443
143.319
143.184
143.041
142.893
142.741
142.585
142.426
142.264
142.098
141.929
141.756
141.579
141.396
141.208
143.517
143.477
143.459
143.479
143.558
143.619
143.622
143.589
143.529
143.446
143.347
143.233
143.108
142.975
142.835
142.69
142.541
142.388
142.232
142.071
141.908
141.74
141.567
141.391
141.208
143.531
143.503
143.484
143.487
143.526
143.537
143.526
143.491
143.431
143.353
143.26
143.154
143.036
142.911
142.778
142.64
142.497
142.35
142.199
142.045
141.886
141.724
141.557
141.386
141.21
143.556
143.54
143.528
143.511
143.507
143.481
143.456
143.412
143.349
143.272
143.183
143.081
142.969
142.85
142.724
142.592
142.455
142.313
142.168
142.019
141.866
141.709
141.547
141.382
141.212
143.579
143.572
143.568
143.534
143.489
143.445
143.403
143.347
143.28
143.202
143.113
143.015
142.907
142.793
142.672
142.545
142.414
142.278
142.137
141.993
141.846
141.694
141.539
141.379
141.216
143.595
143.596
143.594
143.546
143.469
143.418
143.358
143.291
143.22
143.14
143.051
142.954
142.85
142.739
142.623
142.501
142.374
142.243
142.108
141.969
141.826
141.68
141.53
141.377
141.22
143.601
143.612
143.604
143.54
143.446
143.389
143.317
143.243
143.166
143.084
142.995
142.899
142.797
142.69
142.577
142.459
142.336
142.21
142.08
141.946
141.808
141.667
141.523
141.375
141.224
143.595
143.614
143.6
143.521
143.423
143.353
143.277
143.199
143.118
143.033
142.943
142.848
142.748
142.643
142.533
142.419
142.3
142.178
142.052
141.923
141.791
141.655
141.516
141.374
141.229
143.578
143.6
143.582
143.49
143.404
143.32
143.237
143.156
143.072
142.985
142.895
142.8
142.702
142.599
142.492
142.381
142.266
142.148
142.026
141.902
141.774
141.643
141.51
141.373
141.234
143.56
143.578
143.555
143.452
143.376
143.286
143.198
143.114
143.029
142.941
142.85
142.756
142.658
142.557
142.453
142.345
142.234
142.119
142.002
141.881
141.758
141.632
141.504
141.373
141.239
143.546
143.558
143.522
143.412
143.337
143.249
143.16
143.073
142.986
142.898
142.807
142.713
142.617
142.518
142.416
142.311
142.203
142.092
141.978
141.862
141.743
141.622
141.498
141.372
141.245
143.536
143.543
143.482
143.379
143.298
143.211
143.121
143.033
142.945
142.856
142.765
142.672
142.578
142.48
142.381
142.278
142.173
142.066
141.956
141.843
141.729
141.612
141.493
141.372
141.25
143.521
143.526
143.442
143.351
143.261
143.172
143.083
142.993
142.905
142.815
142.725
142.633
142.54
142.444
142.346
142.247
142.145
142.04
141.934
141.825
141.715
141.602
141.488
141.372
141.255
143.497
143.502
143.4
143.321
143.224
143.133
143.043
142.953
142.864
142.775
142.686
142.595
142.502
142.409
142.313
142.216
142.117
142.016
141.913
141.808
141.702
141.593
141.483
141.372
141.259
143.473
143.476
143.354
143.279
143.184
143.092
143.002
142.913
142.824
142.735
142.646
142.557
142.466
142.374
142.281
142.187
142.09
141.992
141.893
141.791
141.689
141.584
141.479
141.372
141.264
143.456
143.445
143.312
143.236
143.142
143.049
142.96
142.871
142.782
142.695
142.607
142.519
142.43
142.341
142.25
142.158
142.064
141.969
141.873
141.775
141.676
141.576
141.474
141.372
141.268
143.438
143.409
143.273
143.19
143.096
143.004
142.915
142.827
142.74
142.654
142.567
142.481
142.394
142.307
142.219
142.129
142.038
141.946
141.853
141.759
141.664
141.567
141.469
141.371
141.272
143.406
143.359
143.231
143.14
143.047
142.956
142.868
142.782
142.697
142.612
142.528
142.443
142.359
142.274
142.188
142.101
142.013
141.924
141.834
141.743
141.651
141.558
141.464
141.37
141.275
143.357
143.297
143.181
143.085
142.994
142.905
142.819
142.735
142.652
142.569
142.487
142.405
142.323
142.24
142.157
142.073
141.988
141.902
141.815
141.728
141.639
141.55
141.46
141.369
141.278
143.292
143.22
143.118
143.023
142.935
142.85
142.767
142.686
142.606
142.526
142.447
142.367
142.287
142.207
142.127
142.046
141.964
141.881
141.797
141.712
141.627
141.541
141.455
141.368
141.28
143.209
143.13
143.043
142.955
142.872
142.792
142.713
142.635
142.558
142.482
142.405
142.329
142.252
142.175
142.097
142.018
141.939
141.859
141.779
141.697
141.615
141.533
141.45
141.366
141.283
143.11
143.034
142.962
142.882
142.806
142.731
142.657
142.584
142.51
142.437
142.364
142.29
142.216
142.142
142.067
141.992
141.915
141.838
141.761
141.683
141.604
141.524
141.444
141.365
141.284
143.004
142.938
142.877
142.807
142.738
142.669
142.6
142.531
142.462
142.392
142.322
142.252
142.181
142.11
142.038
141.965
141.892
141.818
141.743
141.668
141.592
141.516
141.439
141.362
141.286
142.898
142.844
142.792
142.731
142.67
142.607
142.543
142.478
142.413
142.347
142.281
142.214
142.146
142.078
142.009
141.939
141.869
141.798
141.726
141.654
141.581
141.508
141.434
141.36
141.286
142.798
142.754
142.71
142.657
142.602
142.545
142.486
142.426
142.365
142.303
142.24
142.176
142.112
142.047
141.981
141.914
141.846
141.778
141.709
141.64
141.57
141.499
141.429
141.358
141.287
142.705
142.669
142.632
142.585
142.537
142.485
142.431
142.375
142.318
142.259
142.2
142.14
142.078
142.016
141.953
141.889
141.824
141.759
141.692
141.626
141.559
141.491
141.423
141.356
141.287
142.618
142.589
142.557
142.517
142.474
142.426
142.377
142.325
142.272
142.217
142.161
142.104
142.046
141.986
141.926
141.865
141.803
141.74
141.676
141.612
141.548
141.483
141.418
141.353
141.288
142.54
142.515
142.488
142.452
142.414
142.371
142.325
142.277
142.228
142.176
142.124
142.069
142.014
141.958
141.9
141.842
141.782
141.722
141.661
141.599
141.537
141.475
141.412
141.35
141.287
142.468
142.447
142.424
142.392
142.357
142.318
142.276
142.232
142.185
142.137
142.087
142.036
141.984
141.93
141.875
141.819
141.762
141.704
141.646
141.587
141.527
141.467
141.407
141.347
141.287
142.402
142.384
142.364
142.335
142.305
142.268
142.23
142.189
142.145
142.1
142.053
142.004
141.955
141.903
141.851
141.797
141.743
141.687
141.631
141.574
141.517
141.46
141.402
141.344
141.286
142.343
142.327
142.31
142.284
142.255
142.222
142.187
142.148
142.107
142.065
142.02
141.974
141.927
141.878
141.828
141.777
141.724
141.671
141.617
141.563
141.508
141.452
141.396
141.34
141.284
142.29
142.276
142.26
142.236
142.211
142.18
142.147
142.111
142.072
142.032
141.99
141.946
141.901
141.854
141.806
141.757
141.707
141.656
141.604
141.551
141.498
141.445
141.391
141.337
141.283
142.243
142.23
142.216
142.194
142.17
142.141
142.111
142.076
142.04
142.002
141.962
141.92
141.877
141.832
141.786
141.739
141.691
141.642
141.592
141.541
141.49
141.438
141.386
141.334
141.282
142.2
142.189
142.177
142.156
142.134
142.107
142.078
142.046
142.011
141.975
141.937
141.897
141.855
141.812
141.768
141.723
141.676
141.629
141.58
141.531
141.482
141.432
141.382
141.331
141.281
142.163
142.153
142.142
142.123
142.102
142.077
142.049
142.019
141.986
141.951
141.914
141.876
141.836
141.794
141.752
141.708
141.663
141.617
141.57
141.523
141.475
141.426
141.378
141.329
141.28
142.13
142.121
142.112
142.093
142.075
142.05
142.024
141.994
141.963
141.929
141.894
141.857
141.818
141.778
141.737
141.694
141.651
141.606
141.561
141.515
141.468
141.421
141.374
141.326
141.279
142.102
142.094
142.085
142.068
142.05
142.026
142.001
141.972
141.942
141.91
141.875
141.84
141.802
141.763
141.723
141.682
141.639
141.596
141.552
141.507
141.462
141.416
141.37
141.324
141.278
142.079
142.071
142.063
142.045
142.028
142.005
141.98
141.953
141.923
141.891
141.858
141.823
141.787
141.749
141.71
141.67
141.629
141.587
141.544
141.5
141.456
141.411
141.366
141.321
141.276
142.061
142.052
142.044
142.027
142.009
141.986
141.961
141.934
141.905
141.875
141.842
141.808
141.773
141.736
141.698
141.659
141.619
141.577
141.535
141.493
141.45
141.406
141.362
141.317
141.273
142.047
142.038
142.029
142.011
141.993
141.97
141.945
141.919
141.89
141.86
141.828
141.795
141.76
141.724
141.687
141.649
141.609
141.569
141.528
141.486
141.444
141.401
141.357
141.314
141.271
142.039
142.029
142.019
142
141.981
141.958
141.933
141.906
141.878
141.848
141.817
141.784
141.75
141.714
141.678
141.64
141.601
141.562
141.521
141.48
141.439
141.396
141.354
141.311
141.269
142.035
142.023
142.015
141.994
141.974
141.95
141.925
141.898
141.87
141.84
141.809
141.776
141.742
141.707
141.671
141.634
141.596
141.556
141.517
141.476
141.435
141.393
141.351
141.309
141.267
142.041
142.024
142.017
141.995
141.973
141.948
141.922
141.894
141.866
141.836
141.804
141.772
141.738
141.703
141.667
141.63
141.592
141.553
141.514
141.474
141.433
141.392
141.35
141.309
141.268
142.079
142.044
142.027
142.001
141.975
141.948
141.921
141.893
141.864
141.834
141.803
141.77
141.736
141.701
141.666
141.629
141.591
141.552
141.513
141.473
141.433
141.392
141.35
141.309
141.268
142.155
142.076
142.035
142.004
141.976
141.949
141.922
141.893
141.864
141.834
141.802
141.77
141.736
141.701
141.665
141.628
141.59
141.552
141.513
141.473
141.432
141.392
141.351
141.31
141.269
143.823
143.823
143.822
143.821
143.82
143.82
143.822
143.824
143.828
143.836
143.847
143.864
143.885
143.909
143.93
143.945
143.953
143.956
143.96
143.966
143.973
143.977
143.977
143.975
143.974
143.819
143.818
143.817
143.814
143.811
143.809
143.807
143.806
143.808
143.814
143.825
143.842
143.864
143.889
143.913
143.932
143.946
143.956
143.963
143.966
143.97
143.974
143.976
143.975
143.973
143.801
143.803
143.802
143.798
143.793
143.786
143.78
143.774
143.77
143.771
143.778
143.791
143.812
143.838
143.865
143.892
143.916
143.937
143.955
143.966
143.973
143.975
143.975
143.972
143.969
143.769
143.774
143.775
143.771
143.763
143.751
143.737
143.724
143.713
143.706
143.705
143.711
143.726
143.749
143.779
143.812
143.846
143.881
143.913
143.94
143.959
143.967
143.967
143.964
143.96
143.724
143.732
143.735
143.731
143.719
143.701
143.679
143.658
143.638
143.622
143.612
143.609
143.613
143.627
143.653
143.69
143.733
143.778
143.826
143.873
143.911
143.936
143.947
143.948
143.947
143.671
143.682
143.686
143.68
143.664
143.64
143.613
143.585
143.557
143.532
143.512
143.498
143.493
143.499
143.519
143.552
143.594
143.643
143.702
143.766
143.827
143.878
143.911
143.927
143.93
143.617
143.629
143.633
143.626
143.607
143.581
143.549
143.515
143.48
143.445
143.414
143.391
143.381
143.386
143.406
143.44
143.484
143.535
143.594
143.657
143.726
143.798
143.86
143.9
143.911
143.569
143.581
143.584
143.577
143.557
143.529
143.496
143.459
143.419
143.377
143.339
143.311
143.299
143.306
143.33
143.367
143.413
143.466
143.524
143.587
143.656
143.729
143.803
143.866
143.891
143.53
143.541
143.543
143.536
143.517
143.491
143.458
143.42
143.379
143.336
143.295
143.263
143.248
143.251
143.275
143.316
143.366
143.423
143.484
143.548
143.618
143.692
143.769
143.838
143.875
143.504
143.511
143.511
143.503
143.487
143.463
143.434
143.399
143.36
143.319
143.278
143.244
143.223
143.219
143.235
143.274
143.329
143.393
143.459
143.528
143.6
143.676
143.756
143.829
143.872
143.489
143.494
143.49
143.48
143.465
143.444
143.418
143.388
143.355
143.318
143.281
143.247
143.223
143.215
143.226
143.262
143.318
143.385
143.457
143.529
143.603
143.679
143.761
143.839
143.885
143.482
143.486
143.48
143.467
143.45
143.431
143.409
143.384
143.356
143.327
143.297
143.268
143.247
143.238
143.245
143.277
143.334
143.405
143.481
143.558
143.633
143.709
143.788
143.863
143.913
143.481
143.483
143.475
143.46
143.441
143.421
143.403
143.383
143.362
143.34
143.317
143.296
143.28
143.273
143.282
143.313
143.37
143.445
143.528
143.611
143.691
143.767
143.843
143.911
143.96
143.487
143.484
143.469
143.45
143.428
143.408
143.392
143.379
143.367
143.356
143.342
143.329
143.317
143.315
143.327
143.361
143.421
143.501
143.591
143.682
143.769
143.85
143.924
143.987
144.027
143.505
143.494
143.468
143.438
143.408
143.385
143.369
143.364
143.365
143.365
143.363
143.357
143.349
143.35
143.368
143.409
143.474
143.56
143.658
143.759
143.856
143.945
144.023
144.08
144.108
143.544
143.526
143.492
143.448
143.393
143.343
143.313
143.304
143.313
143.329
143.339
143.34
143.339
143.35
143.382
143.435
143.511
143.606
143.714
143.828
143.939
144.041
144.126
144.184
144.2
143.606
143.587
143.557
143.503
143.42
143.325
143.246
143.213
143.228
143.26
143.281
143.29
143.306
143.334
143.379
143.446
143.532
143.638
143.757
143.882
144.007
144.122
144.221
144.287
144.309
143.677
143.665
143.644
143.59
143.494
143.371
143.255
143.184
143.166
143.183
143.214
143.245
143.278
143.318
143.371
143.444
143.54
143.653
143.78
143.917
144.052
144.179
144.289
144.37
144.407
143.744
143.749
143.754
143.712
143.615
143.471
143.313
143.189
143.13
143.129
143.156
143.194
143.231
143.276
143.332
143.409
143.508
143.63
143.768
143.913
144.062
144.202
144.323
144.413
144.46
143.737
143.796
143.847
143.816
143.717
143.561
143.383
143.233
143.137
143.097
143.095
143.108
143.136
143.175
143.23
143.308
143.412
143.542
143.691
143.854
144.017
144.171
144.307
144.41
144.46
143.935
143.962
143.993
143.875
143.694
143.508
143.336
143.194
143.097
143.036
142.999
142.986
142.99
143.015
143.063
143.138
143.245
143.382
143.545
143.717
143.895
144.063
144.212
144.329
144.39
144.48
144.22
144.056
143.846
143.617
143.419
143.254
143.114
143.004
142.917
142.853
142.804
142.782
142.786
142.82
142.887
142.988
143.122
143.282
143.465
143.651
143.833
143.994
144.119
144.191
144.585
144.249
143.972
143.733
143.517
143.333
143.174
143.031
142.899
142.783
142.681
142.603
142.547
142.521
142.526
142.564
142.636
142.745
142.89
143.055
143.24
143.425
143.59
143.707
143.772
144.403
144.106
143.84
143.627
143.442
143.268
143.098
142.934
142.776
142.63
142.503
142.39
142.302
142.238
142.2
142.19
142.213
142.271
142.361
142.489
142.636
142.793
142.942
143.041
143.099
144.253
144.03
143.802
143.595
143.399
143.204
143.009
142.818
142.635
142.465
142.308
142.168
142.044
141.938
141.852
141.786
141.741
141.721
141.731
141.764
141.824
141.9
141.98
142.022
142.03
144.081
143.896
143.69
143.482
143.276
143.069
142.862
142.659
142.462
142.271
142.092
141.919
141.759
141.609
141.471
141.34
141.219
141.105
140.994
140.894
140.796
140.704
140.624
140.541
140.506
143.892
143.728
143.538
143.336
143.129
142.918
142.705
142.491
142.279
142.069
141.861
141.663
141.464
141.265
141.064
140.856
140.637
140.402
140.145
139.851
139.513
139.128
138.7
138.256
137.785
143.697
143.548
143.372
143.179
142.974
142.76
142.541
142.319
142.097
141.874
141.653
141.428
141.197
140.949
140.677
140.372
140.027
139.632
139.163
138.596
137.894
137.037
135.976
134.84
133.52
143.501
143.361
143.195
143.009
142.807
142.593
142.371
142.143
141.911
141.673
141.423
141.162
140.879
140.564
140.207
139.794
139.304
138.71
137.969
137.021
135.768
134.122
131.759
128.765
123.321
143.305
143.171
143.011
142.829
142.629
142.414
142.186
141.947
141.695
141.425
141.135
140.814
140.454
140.039
139.553
138.975
138.277
137.417
136.315
134.868
132.845
130.084
125.544
120.383
103.192
143.111
142.979
142.821
142.641
142.44
142.22
141.98
141.721
141.44
141.133
140.79
140.404
139.956
139.43
138.801
138.036
137.086
135.883
134.311
132.199
129.096
124.574
115.49
100.399
45.3758
142.919
142.786
142.627
142.445
142.238
142.009
141.755
141.474
141.163
140.815
140.421
139.965
139.43
138.792
138.018
137.064
135.865
134.323
132.276
129.484
125.412
119.349
108.982
92.0575
64.4467
142.731
142.595
142.432
142.243
142.029
141.787
141.516
141.212
140.87
140.48
140.031
139.509
138.886
138.136
137.219
136.08
134.642
132.79
130.345
127.036
122.423
115.841
106.427
92.5012
75.7411
142.55
142.407
142.237
142.04
141.815
141.559
141.27
140.942
140.567
140.136
139.636
139.045
138.339
137.482
136.43
135.12
133.466
131.343
128.566
124.876
119.887
113.07
103.792
90.937
74.5634
142.375
142.223
142.044
141.837
141.6
141.33
141.021
140.668
140.263
139.793
139.242
138.59
137.806
136.853
135.679
134.219
132.377
130.024
126.975
122.973
117.675
110.612
101.251
88.8974
73.4403
142.208
142.046
141.857
141.639
141.389
141.103
140.775
140.398
139.964
139.457
138.863
138.155
137.303
136.267
134.99
133.403
131.406
128.865
125.593
121.341
115.777
108.48
98.996
86.8156
71.8514
142.051
141.877
141.677
141.447
141.184
140.883
140.537
140.139
139.678
139.14
138.506
137.753
136.846
135.741
134.383
132.697
130.58
127.894
124.451
119.993
114.191
106.615
96.8095
84.2265
68.8821
141.904
141.719
141.507
141.266
140.99
140.674
140.312
139.895
139.412
138.848
138.185
137.395
136.446
135.292
133.876
132.121
129.923
127.139
123.57
118.96
112.943
105.058
94.7856
81.3205
64.8176
141.768
141.572
141.349
141.097
140.809
140.481
140.105
139.673
139.172
138.59
137.903
137.09
136.114
134.931
133.484
131.695
129.457
126.626
122.988
118.27
112.033
103.801
92.8076
77.9314
59.3896
141.644
141.437
141.205
140.942
140.644
140.306
139.919
139.475
138.963
138.367
137.67
136.843
135.857
134.668
133.218
131.434
129.208
126.396
122.766
118.034
111.596
102.951
90.3957
73.08
49.011
141.532
141.316
141.075
140.803
140.497
140.15
139.756
139.305
138.787
138.186
137.485
136.661
135.681
134.506
133.084
131.344
129.19
126.481
123.003
118.451
112.168
103.499
89.3897
69.3613
32.3265
141.433
141.209
140.959
140.681
140.369
140.017
139.619
139.165
138.646
138.047
137.354
136.541
135.583
134.444
133.077
131.421
129.393
126.876
123.692
119.591
114.074
106.538
94.358
76.4674
26.9968
141.346
141.115
140.859
140.576
140.26
139.906
139.507
139.055
138.54
137.951
137.271
136.483
135.56
134.474
133.185
131.643
129.783
127.516
124.719
121.216
116.741
110.963
103.092
93.4445
74.2442
141.271
141.034
140.775
140.488
140.171
139.817
139.42
138.974
138.469
137.894
137.237
136.48
135.604
134.583
133.387
131.979
130.31
128.32
125.931
123.046
119.536
115.259
110.017
103.83
96.1966
141.207
140.967
140.705
140.417
140.1
139.749
139.358
138.921
138.429
137.875
137.245
136.527
135.704
134.758
133.664
132.396
130.923
129.208
127.211
124.884
122.193
119.124
115.732
112.29
109.376
141.154
140.912
140.649
140.362
140.047
139.701
139.319
138.893
138.419
137.888
137.29
136.615
135.851
134.981
133.992
132.865
131.581
130.121
128.468
126.613
124.559
122.344
120.068
117.962
116.406
141.111
140.868
140.605
140.321
140.011
139.672
139.3
138.889
138.434
137.929
137.366
136.737
136.031
135.24
134.353
133.358
132.248
131.014
129.657
128.181
126.612
125.003
123.453
122.136
121.282
141.077
140.834
140.574
140.294
139.99
139.66
139.3
138.905
138.472
137.994
137.467
136.883
136.237
135.521
134.73
133.858
132.902
131.864
130.748
129.572
128.365
127.175
126.084
125.206
124.671
141.05
140.81
140.553
140.278
139.982
139.663
139.316
138.939
138.528
138.079
137.587
137.049
136.459
135.815
135.112
134.349
133.528
132.654
131.737
130.793
129.854
128.959
128.17
127.56
127.21
141.031
140.794
140.542
140.274
139.986
139.678
139.345
138.986
138.598
138.177
137.722
137.227
136.691
136.112
135.489
134.823
134.118
133.38
132.621
131.86
131.119
130.432
129.845
129.401
129.154
141.018
140.785
140.539
140.278
140
139.703
139.386
139.045
138.68
138.287
137.865
137.412
136.926
136.406
135.854
135.273
134.666
134.041
133.411
132.789
132.198
131.66
131.211
130.875
130.69
141.01
140.782
140.542
140.289
140.022
139.737
139.435
139.113
138.77
138.405
138.015
137.6
137.159
136.694
136.205
135.696
135.172
134.64
134.112
133.601
133.122
132.693
132.342
132.079
131.937
141.006
140.784
140.552
140.307
140.05
139.779
139.492
139.188
138.867
138.527
138.167
137.788
137.388
136.971
136.537
136.09
135.636
135.182
134.736
134.31
133.917
133.571
133.29
133.078
132.969
141.006
140.79
140.565
140.33
140.084
139.825
139.553
139.267
138.967
138.651
138.32
137.972
137.611
137.235
136.85
136.456
136.061
135.67
135.291
134.934
134.607
134.323
134.092
133.917
133.833
141.008
140.8
140.583
140.357
140.122
139.876
139.618
139.349
139.069
138.776
138.47
138.153
137.824
137.487
137.143
136.795
136.45
136.111
135.787
135.484
135.21
134.973
134.781
134.636
134.57
141.013
140.812
140.603
140.387
140.162
139.929
139.686
139.433
139.171
138.899
138.617
138.326
138.028
137.724
137.416
137.108
136.805
136.51
136.23
135.971
135.739
135.54
135.38
135.267
135.207
141.02
140.826
140.626
140.419
140.205
139.983
139.754
139.517
139.272
139.02
138.76
138.493
138.222
137.947
137.671
137.397
137.128
136.87
136.627
136.403
136.205
136.036
135.902
135.81
135.756
141.029
140.842
140.65
140.453
140.249
140.039
139.823
139.6
139.371
139.137
138.897
138.653
138.405
138.156
137.907
137.662
137.424
137.196
136.983
136.789
136.618
136.473
136.359
136.279
136.234
141.038
140.859
140.676
140.487
140.293
140.094
139.891
139.682
139.468
139.25
139.029
138.804
138.577
138.351
138.126
137.906
137.694
137.492
137.304
137.134
136.985
136.859
136.761
136.691
136.652
141.048
140.877
140.701
140.522
140.338
140.15
139.957
139.761
139.562
139.359
139.154
138.947
138.739
138.533
138.329
138.131
137.94
137.76
137.594
137.444
137.312
137.202
137.116
137.055
137.021
141.059
140.895
140.727
140.556
140.382
140.204
140.023
139.839
139.652
139.463
139.273
139.082
138.892
138.703
138.517
138.338
138.166
138.005
137.856
137.722
137.606
137.509
137.433
137.379
137.348
141.07
140.913
140.753
140.59
140.425
140.256
140.086
139.913
139.738
139.563
139.386
139.209
139.034
138.861
138.692
138.528
138.373
138.227
138.094
137.974
137.871
137.784
137.716
137.668
137.64
141.082
140.931
140.779
140.624
140.467
140.308
140.147
139.984
139.821
139.657
139.493
139.329
139.167
139.008
138.853
138.704
138.563
138.431
138.31
138.203
138.11
138.032
137.971
137.927
137.902
141.093
140.949
140.804
140.657
140.508
140.357
140.205
140.052
139.899
139.746
139.593
139.441
139.291
139.145
139.002
138.866
138.737
138.617
138.508
138.41
138.326
138.256
138.201
138.162
138.138
141.104
140.967
140.828
140.688
140.547
140.404
140.261
140.117
139.974
139.83
139.688
139.547
139.408
139.272
139.141
139.015
138.897
138.787
138.688
138.599
138.523
138.46
138.41
138.373
138.352
141.115
140.984
140.852
140.719
140.585
140.45
140.314
140.179
140.044
139.91
139.777
139.645
139.516
139.39
139.269
139.153
139.045
138.944
138.853
138.772
138.703
138.645
138.599
138.566
138.546
141.126
141.001
140.875
140.748
140.621
140.493
140.365
140.237
140.111
139.985
139.86
139.737
139.617
139.5
139.388
139.281
139.181
139.088
139.005
138.93
138.867
138.813
138.772
138.741
138.722
141.136
141.017
140.897
140.776
140.655
140.534
140.413
140.293
140.173
140.055
139.938
139.823
139.711
139.602
139.498
139.399
139.306
139.221
139.143
139.075
139.017
138.968
138.929
138.901
138.883
141.146
141.032
140.918
140.803
140.688
140.573
140.459
140.345
140.232
140.121
140.011
139.904
139.799
139.697
139.6
139.508
139.422
139.343
139.271
139.208
139.154
139.109
139.074
139.047
139.031
141.155
141.046
140.937
140.828
140.719
140.61
140.501
140.394
140.288
140.183
140.08
139.979
139.881
139.786
139.695
139.609
139.529
139.455
139.389
139.331
139.281
139.239
139.206
139.182
139.166
141.164
141.06
140.956
140.852
140.748
140.644
140.542
140.44
140.34
140.241
140.144
140.049
139.957
139.868
139.783
139.703
139.628
139.559
139.498
139.443
139.397
139.358
139.328
139.305
139.291
141.172
141.073
140.973
140.874
140.775
140.677
140.58
140.484
140.389
140.295
140.204
140.115
140.028
139.944
139.865
139.789
139.72
139.656
139.598
139.548
139.505
139.468
139.44
139.419
139.405
141.18
141.085
140.99
140.895
140.801
140.708
140.615
140.524
140.434
140.346
140.26
140.176
140.094
140.015
139.941
139.87
139.805
139.745
139.691
139.644
139.604
139.57
139.544
139.524
139.511
141.187
141.096
141.005
140.915
140.825
140.737
140.649
140.562
140.477
140.394
140.312
140.233
140.156
140.082
140.011
139.945
139.884
139.827
139.777
139.733
139.696
139.664
139.639
139.621
139.609
141.193
141.106
141.02
140.934
140.848
140.764
140.68
140.598
140.517
140.438
140.361
140.286
140.213
140.143
140.077
140.014
139.957
139.904
139.857
139.815
139.78
139.751
139.728
139.711
139.7
141.199
141.116
141.033
140.951
140.869
140.789
140.709
140.631
140.555
140.48
140.407
140.335
140.266
140.2
140.138
140.079
140.025
139.975
139.931
139.892
139.859
139.831
139.81
139.794
139.784
141.204
141.125
141.046
140.967
140.889
140.812
140.737
140.662
140.59
140.518
140.449
140.381
140.316
140.254
140.194
140.139
140.088
140.041
139.999
139.962
139.932
139.906
139.886
139.871
139.862
141.209
141.133
141.057
140.982
140.908
140.834
140.762
140.691
140.622
140.554
140.488
140.424
140.362
140.303
140.247
140.194
140.146
140.102
140.063
140.028
139.999
139.975
139.956
139.943
139.933
141.213
141.14
141.068
140.996
140.925
140.855
140.786
140.718
140.652
140.588
140.525
140.464
140.405
140.349
140.296
140.246
140.2
140.158
140.122
140.089
140.062
140.039
140.022
140.009
140
141.217
141.147
141.077
141.009
140.941
140.874
140.808
140.743
140.68
140.619
140.559
140.501
140.445
140.392
140.341
140.294
140.251
140.211
140.176
140.146
140.12
140.099
140.083
140.071
140.062
141.22
141.153
141.086
141.02
140.955
140.891
140.828
140.767
140.707
140.648
140.591
140.535
140.482
140.431
140.383
140.338
140.297
140.26
140.227
140.198
140.174
140.154
140.139
140.128
140.12
141.223
141.158
141.094
141.031
140.969
140.908
140.847
140.788
140.731
140.675
140.62
140.567
140.517
140.468
140.422
140.38
140.341
140.305
140.274
140.247
140.225
140.205
140.191
140.181
140.174
141.225
141.163
141.102
141.041
140.981
140.923
140.865
140.808
140.753
140.7
140.647
140.597
140.549
140.502
140.459
140.418
140.381
140.347
140.318
140.292
140.271
140.253
140.24
140.23
140.224
141.227
141.167
141.108
141.05
140.993
140.936
140.881
140.827
140.774
140.723
140.673
140.624
140.578
140.534
140.492
140.454
140.418
140.386
140.359
140.334
140.314
140.297
140.285
140.275
140.27
141.228
141.171
141.114
141.058
141.003
140.949
140.896
140.844
140.793
140.744
140.696
140.65
140.605
140.563
140.523
140.487
140.453
140.422
140.396
140.373
140.354
140.338
140.327
140.318
140.313
141.229
141.174
141.119
141.065
141.012
140.96
140.909
140.859
140.811
140.763
140.718
140.673
140.631
140.59
140.552
140.517
140.485
140.456
140.431
140.409
140.391
140.376
140.366
140.357
140.353
141.229
141.176
141.124
141.072
141.021
140.971
140.921
140.873
140.827
140.781
140.737
140.695
140.654
140.615
140.579
140.545
140.514
140.487
140.463
140.442
140.426
140.411
140.402
140.394
140.39
141.23
141.179
141.128
141.078
141.029
140.98
140.933
140.887
140.842
140.798
140.756
140.715
140.675
140.638
140.603
140.571
140.542
140.516
140.493
140.473
140.458
140.444
140.435
140.428
140.424
141.231
141.181
141.132
141.083
141.036
140.989
140.943
140.899
140.855
140.813
140.772
140.733
140.695
140.659
140.626
140.595
140.567
140.542
140.521
140.502
140.487
140.474
140.467
140.459
140.456
141.231
141.183
141.136
141.089
141.042
140.997
140.953
140.91
140.868
140.827
140.788
140.75
140.713
140.679
140.647
140.617
140.591
140.567
140.546
140.528
140.515
140.503
140.496
140.489
140.486
141.232
141.185
141.139
141.093
141.048
141.004
140.961
140.919
140.879
140.839
140.801
140.765
140.73
140.696
140.666
140.637
140.612
140.589
140.57
140.553
140.54
140.529
140.522
140.516
140.514
141.232
141.186
141.141
141.097
141.053
141.01
140.969
140.928
140.888
140.85
140.813
140.778
140.744
140.712
140.682
140.655
140.63
140.609
140.59
140.575
140.563
140.552
140.547
140.541
140.54
141.231
141.187
141.143
141.1
141.057
141.015
140.975
140.935
140.896
140.859
140.823
140.789
140.756
140.725
140.696
140.67
140.646
140.626
140.609
140.594
140.584
140.574
140.569
140.563
140.563
141.23
141.186
141.143
141.101
141.06
141.019
140.979
140.94
140.903
140.866
140.831
140.798
140.766
140.736
140.708
140.683
140.66
140.641
140.624
140.611
140.602
140.593
140.59
140.585
140.586
141.228
141.185
141.144
141.102
141.061
141.021
140.982
140.944
140.908
140.872
140.838
140.805
140.774
140.745
140.718
140.694
140.672
140.654
140.639
140.626
140.618
140.611
140.61
140.605
140.608
141.226
141.185
141.144
141.103
141.063
141.024
140.985
140.948
140.912
140.877
140.844
140.812
140.781
140.753
140.727
140.704
140.683
140.666
140.652
140.641
140.633
140.627
140.628
140.625
140.629
141.226
141.185
141.144
141.104
141.065
141.026
140.988
140.952
140.916
140.882
140.849
140.818
140.788
140.761
140.736
140.714
140.694
140.678
140.665
140.655
140.648
140.644
140.646
140.642
140.648
141.227
141.186
141.146
141.106
141.067
141.028
140.991
140.955
140.92
140.886
140.854
140.823
140.795
140.768
140.744
140.723
140.704
140.689
140.677
140.669
140.664
140.662
140.667
140.66
140.67
141.228
141.188
141.147
141.108
141.069
141.031
140.994
140.958
140.923
140.89
140.858
140.828
140.8
140.774
140.75
140.73
140.712
140.697
140.686
140.679
140.676
140.679
140.687
140.691
140.718
141.228
141.188
141.148
141.108
141.07
141.032
140.995
140.959
140.924
140.891
140.86
140.83
140.802
140.776
140.753
140.733
140.715
140.701
140.69
140.683
140.681
140.686
140.698
140.727
140.798
-74.6882
-48.8842
-22.0978
-21.6154
-27.1941
-28.2558
-26.3105
-25.3677
-26.2912
-28.2663
-30.625
-33.0661
-35.3125
-37.061
-38.1179
-38.4554
-38.1435
-37.2759
-35.9655
-34.3302
-32.4646
-30.5023
-28.6043
-26.9553
-25.811
-25.1788
-24.9474
-24.8194
-24.6117
-24.3348
-24.0652
-23.8659
-23.7525
-23.6607
-23.525
-23.3376
-23.1147
-22.819
-22.4342
-22.1709
-22.3057
-23.1557
-24.9799
-27.8481
-31.3565
-34.8776
-38.0011
-40.6185
-42.7172
-43.6742
-42.9416
-40.4037
-36.3531
-31.1509
-25.5619
-20.8446
-18.6489
-20.1819
-26.0305
-34.7592
-42.9273
-47.8346
-49.0832
-47.0802
-41.7796
-33.8726
-24.9184
-16.3047
-8.74091
-2.19725
3.11524
6.69201
8.51235
8.93826
8.3855
7.22451
5.70847
4.00346
2.22887
0.48765
-1.1404
-2.61127
-3.89718
-4.9895
-5.89293
-6.62171
-7.21603
-7.67622
-8.00702
-8.23988
-8.40272
-8.52457
-8.64198
-8.78718
-8.98664
-9.24855
-9.5587
-9.86716
-10.1229
-10.3038
-10.4245
-10.4977
-10.5408
-10.5562
-10.5555
-10.5371
-10.517
-10.5226
-10.5621
-10.7021
-11.0635
-11.5517
-11.8333
-11.5218
-10.5073
-8.97315
-7.1148
-5.05034
-2.96099
-0.788838
9.61241
-5.12144
-4.26475
-11.8605
-19.9994
-23.3649
-24.4905
-25.5553
-27.5469
-30.1325
-32.8651
-35.4851
-37.7264
-39.3362
-40.1914
-40.3013
-39.7666
-38.7347
-37.3442
-35.6942
-33.8654
-31.9079
-29.9081
-28.0044
-26.4
-25.2804
-24.6427
-24.3624
-24.199
-24.0328
-23.9051
-23.7931
-23.7039
-23.5977
-23.4165
-23.2074
-23.0037
-22.762
-22.481
-22.2964
-22.4885
-23.4914
-25.6008
-28.677
-32.2134
-35.5423
-38.3274
-40.6816
-42.7838
-44.0403
-43.4081
-40.5659
-35.9103
-30.3079
-24.591
-20.3244
-19.2618
-21.9936
-28.5716
-37.3452
-44.7673
-48.615
-48.6812
-46.1416
-41.5132
-34.8389
-26.7472
-18.3408
-10.5566
-3.95484
1.23902
4.77973
6.69222
7.28764
6.94361
5.99035
4.66388
3.12713
1.49951
-0.121244
-1.66283
-3.07783
-4.35411
-5.47922
-6.45281
-7.28384
-7.95669
-8.48544
-8.87123
-9.09837
-9.19348
-9.20536
-9.18812
-9.19067
-9.25443
-9.39252
-9.5897
-9.81232
-10.0246
-10.1971
-10.3268
-10.4169
-10.4775
-10.5099
-10.5232
-10.512
-10.4929
-10.519
-10.5986
-10.7495
-11.108
-11.6409
-11.9771
-11.6873
-10.6908
-9.16625
-7.30788
-5.22788
-3.14745
-0.864879
46.6317
21.322
7.98529
-1.76217
-10.6008
-17.3005
-21.9045
-25.5969
-29.2496
-32.8513
-36.2213
-39.1882
-41.5389
-43.0758
-43.7315
-43.5687
-42.7461
-41.5115
-40.0849
-38.5987
-37.1236
-35.6724
-34.25
-32.8429
-31.3333
-30.0124
-28.7516
-27.5415
-26.2936
-25.0369
-23.8727
-23.1265
-23.0002
-23.0408
-22.9098
-22.661
-22.4614
-22.2607
-22.0354
-21.9745
-22.3674
-23.6379
-25.9587
-29.0855
-32.5543
-35.7793
-38.4815
-40.9059
-43.2981
-44.9837
-44.5509
-41.617
-36.6728
-30.7993
-24.9959
-20.4363
-18.9479
-21.7596
-28.3291
-36.5643
-43.215
-46.4897
-46.7409
-44.8103
-40.8114
-34.7691
-27.393
-19.7277
-12.5657
-6.49063
-1.78515
1.47001
3.35869
4.11739
4.03238
3.36692
2.32634
1.05957
-0.32309
-1.73797
-3.12301
-4.43781
-5.66207
-6.78735
-7.81254
-8.73516
-9.54506
-10.2307
-10.7657
-11.1269
-11.3123
-11.3377
-11.2334
-11.0448
-10.8248
-10.6172
-10.4465
-10.3209
-10.2359
-10.1823
-10.1535
-10.1443
-10.1494
-10.1633
-10.1824
-10.2037
-10.2372
-10.3127
-10.4494
-10.6511
-10.9161
-11.1456
-11.1087
-10.5854
-9.5445
-8.09644
-6.38058
-4.51861
-2.63312
-0.782579
51.899
29.0587
13.2857
2.15698
-7.64891
-16.1735
-22.3738
-27.4891
-32.3227
-36.7878
-40.7253
-43.9741
-46.3464
-47.7118
-48.0458
-47.4717
-46.2404
-44.6668
-43.0512
-41.5409
-40.1801
-38.9455
-37.7173
-36.3891
-34.8675
-33.2135
-31.5275
-29.8941
-28.4392
-27.1528
-25.6132
-24.0964
-23.1256
-22.5444
-22.0578
-21.5799
-21.1907
-21.0153
-21.1385
-21.6035
-22.5093
-24.138
-26.5591
-29.5805
-32.8503
-35.9625
-38.675
-40.9206
-42.5642
-43.1929
-42.0305
-38.9589
-34.5044
-29.6534
-25.3145
-22.1996
-21.2328
-23.1421
-27.6789
-33.5095
-38.5115
-41.4398
-42.2308
-41.0353
-37.832
-32.7942
-26.607
-20.1461
-14.125
-9.01533
-5.00663
-2.1298
-0.330506
0.542916
0.68975
0.30966
-0.428885
-1.39763
-2.50305
-3.67961
-4.87846
-6.06599
-7.22785
-8.36165
-9.47226
-10.556
-11.5841
-12.5076
-13.2639
-13.7949
-14.0591
-14.0446
-13.772
-13.2976
-12.6982
-12.0412
-11.3813
-10.7684
-10.234
-9.79027
-9.44116
-9.18221
-9.0043
-8.89498
-8.842
-8.83344
-8.86453
-8.93736
-9.05127
-9.19439
-9.33686
-9.39856
-9.24275
-8.75047
-7.89598
-6.72695
-5.31998
-3.79024
-2.1942
-0.772403
54.7729
35.3764
19.0101
6.0445
-4.9087
-14.21
-21.7447
-28.2829
-34.3697
-39.9913
-44.903
-48.8286
-51.4896
-52.7516
-52.6571
-51.4616
-49.5894
-47.5054
-45.593
-44.0472
-42.9458
-42.1673
-41.466
-40.5543
-39.1907
-37.2979
-34.9804
-32.3894
-29.7615
-27.1783
-24.6755
-22.6259
-21.2167
-20.4299
-20.0099
-19.6793
-19.3614
-19.1829
-19.3418
-19.9453
-21.0551
-22.7178
-24.9169
-27.4533
-30.0808
-32.5444
-34.6295
-36.2465
-37.3215
-37.6206
-36.801
-34.8229
-31.9832
-28.8886
-26.0595
-24.0675
-23.5908
-25.0139
-28.0582
-31.8233
-35.1654
-37.2054
-37.5647
-36.2905
-33.5203
-29.4836
-24.6172
-19.5518
-14.9021
-10.9062
-7.67042
-5.27246
-3.69234
-2.83883
-2.57726
-2.76135
-3.2606
-3.97489
-4.83585
-5.79942
-6.827
-7.89177
-8.98751
-10.1229
-11.3142
-12.5608
-13.8255
-15.0256
-16.059
-16.8137
-17.1974
-17.1513
-16.6781
-15.8502
-14.8012
-13.6328
-12.4157
-11.2436
-10.1888
-9.28264
-8.53463
-7.94361
-7.50329
-7.20444
-7.02974
-6.95797
-6.97033
-7.05013
-7.1749
-7.31387
-7.42547
-7.44618
-7.2911
-6.88789
-6.21596
-5.30333
-4.20623
-3.00068
-1.71709
-0.655369
54.306
35.5287
18.2829
4.17924
-7.0845
-16.3466
-24.3571
-31.7978
-38.9732
-45.7358
-51.6735
-56.3348
-59.2929
-60.2551
-59.3254
-56.9617
-53.8371
-50.679
-48.0442
-46.2452
-45.4363
-45.2673
-45.2245
-44.819
-43.683
-41.5847
-38.6057
-35.0575
-31.3845
-27.9025
-24.7725
-22.1575
-20.0725
-18.4577
-17.256
-16.4136
-15.9138
-15.8088
-16.1732
-17.0139
-18.3061
-20.0188
-22.1122
-24.3847
-26.6759
-28.8912
-30.8235
-32.3128
-33.2617
-33.555
-33.0732
-31.8336
-30.028
-28.0035
-26.1429
-24.8053
-24.3675
-25.0374
-26.6402
-28.4134
-29.9597
-31.0304
-31.3166
-30.5755
-28.6679
-25.7524
-22.2691
-18.6468
-15.2282
-12.2092
-9.72888
-7.85454
-6.58188
-5.86237
-5.60011
-5.68448
-6.01438
-6.5153
-7.1572
-7.92638
-8.78384
-9.70646
-10.7085
-11.8242
-13.0998
-14.5586
-16.157
-17.7676
-19.2155
-20.3037
-20.853
-20.7521
-20.0054
-18.7265
-17.0885
-15.2501
-13.356
-11.5323
-9.87399
-8.44419
-7.27516
-6.36834
-5.70605
-5.26447
-5.01249
-4.91264
-4.93372
-5.04686
-5.21189
-5.38443
-5.51501
-5.55104
-5.44522
-5.15657
-4.66833
-3.99796
-3.18252
-2.27925
-1.29838
-0.535767
50.8551
31.73
14.2456
-0.225895
-11.4188
-19.8049
-27.1974
-35.0551
-43.3884
-51.7092
-59.1854
-65.1323
-68.8477
-69.5728
-67.4368
-63.2228
-58.1122
-53.3229
-49.7622
-47.821
-47.6132
-48.5964
-49.6978
-49.7944
-48.4503
-45.8369
-42.1539
-37.7441
-33.0787
-28.543
-24.3703
-20.8229
-17.9783
-15.7556
-14.1636
-13.1795
-12.7487
-12.8281
-13.3902
-14.3837
-15.7457
-17.4178
-19.3358
-21.3963
-23.486
-25.4856
-27.2443
-28.641
-29.5942
-30.0228
-29.8671
-29.1588
-28.0089
-26.6343
-25.3211
-24.3225
-23.8352
-23.9625
-24.6438
-25.592
-26.4991
-27.0637
-27.038
-26.3016
-24.8512
-22.8044
-20.3825
-17.8249
-15.355
-13.1388
-11.2876
-9.87797
-8.93267
-8.41193
-8.23598
-8.31495
-8.56957
-8.94845
-9.4351
-10.0275
-10.7072
-11.4698
-12.34
-13.3911
-14.7407
-16.4787
-18.5199
-20.6514
-22.6371
-24.2381
-25.123
-25.0328
-23.9216
-22.0312
-19.6565
-17.0146
-14.3323
-11.788
-9.49017
-7.51799
-5.91973
-4.69248
-3.80745
-3.23083
-2.91682
-2.81113
-2.86233
-3.0247
-3.24908
-3.47818
-3.65576
-3.74999
-3.73243
-3.57176
-3.25777
-2.80326
-2.23451
-1.59998
-0.892833
-0.395725
44.469
23.0567
5.10602
-9.31786
-21.4692
-29.5317
-35.0495
-41.8159
-50.1811
-59.7842
-69.3994
-77.2964
-81.9622
-82.4358
-78.6434
-71.3516
-62.8664
-55.3293
-50.1675
-48.2131
-49.3573
-52.7743
-56.4784
-58.1717
-56.7398
-52.6873
-47.0824
-40.9325
-34.8141
-28.8805
-23.3605
-18.7313
-15.0952
-12.374
-10.4962
-9.4346
-9.09308
-9.35074
-10.0947
-11.2279
-12.6756
-14.3803
-16.2853
-18.313
-20.3654
-22.3343
-24.0991
-25.5526
-26.6194
-27.2446
-27.3985
-27.1063
-26.4493
-25.5699
-24.6431
-23.8334
-23.2746
-23.047
-23.1251
-23.3589
-23.5666
-23.5844
-23.2836
-22.5881
-21.4947
-20.0873
-18.4975
-16.8689
-15.368
-14.0557
-12.9199
-12.0206
-11.4065
-11.0571
-10.9223
-10.9558
-11.1046
-11.341
-11.6599
-12.0603
-12.5393
-13.1044
-13.8016
-14.7479
-16.1649
-18.2418
-20.9968
-24.1142
-27.0562
-29.2753
-30.3583
-30.0995
-28.536
-25.9317
-22.6285
-18.9383
-15.2794
-11.9035
-8.88929
-6.33543
-4.29488
-2.76212
-1.69529
-1.03339
-0.704629
-0.633358
-0.748075
-0.984559
-1.28474
-1.59432
-1.86564
-2.06356
-2.16078
-2.13983
-2.00013
-1.75353
-1.41847
-1.03109
-0.589756
-0.313865
32.8982
3.25058
-16.7613
-26.6087
-32.2263
-35.0037
-37.7988
-43.2079
-51.588
-62.7633
-75.1536
-86.5179
-94.033
-95.4812
-90.2437
-79.5328
-66.6817
-55.3036
-47.76
-45.2719
-47.8987
-54.8218
-62.3348
-66.1057
-64.414
-58.7382
-51.2189
-43.443
-35.9111
-28.6914
-22.0561
-16.3075
-11.6565
-8.27713
-6.14144
-5.11135
-4.96432
-5.47231
-6.44538
-7.75505
-9.33812
-11.166
-13.2027
-15.3681
-17.5485
-19.6164
-21.4588
-22.9889
-24.161
-24.9516
-25.3542
-25.3819
-25.0715
-24.4988
-23.7722
-22.998
-22.2634
-21.6443
-21.1837
-20.8445
-20.5407
-20.1928
-19.7444
-19.1657
-18.4609
-17.6538
-16.7749
-15.8675
-14.9927
-14.1943
-13.5497
-13.138
-12.9422
-12.8884
-12.9141
-12.9859
-13.0867
-13.2171
-13.389
-13.6148
-13.8963
-14.2383
-14.6589
-15.3052
-16.5632
-18.8334
-22.3386
-26.7059
-31.0883
-34.4573
-36.1177
-35.8028
-33.6573
-30.0819
-25.6159
-20.784
-16.0406
-11.6948
-7.91496
-4.79141
-2.34683
-0.554664
0.643905
1.34064
1.63778
1.63469
1.42234
1.07985
0.672952
0.257262
-0.124105
-0.439876
-0.670981
-0.804771
-0.841134
-0.78907
-0.65785
-0.486087
-0.246586
-0.191004
9.24679
-24.0703
-38.3999
-41.4273
-38.0434
-36.0663
-37.7851
-43.1301
-51.8038
-63.1899
-75.8222
-87.5137
-95.581
-97.7966
-92.9544
-81.5054
-66.6774
-52.9175
-43.6673
-40.966
-46.0131
-57.4694
-69.4387
-75.6019
-73.4957
-65.6037
-55.2115
-45.0542
-35.7523
-27.2323
-19.6702
-13.1521
-7.79875
-3.86715
-1.52158
-0.600034
-0.744083
-1.57828
-2.80939
-4.28168
-5.9766
-7.94214
-10.1819
-12.601
-15.031
-17.2955
-19.2618
-20.8685
-22.1128
-23.0165
-23.5962
-23.8553
-23.7974
-23.4442
-22.8413
-22.0513
-21.1492
-20.2176
-19.3275
-18.5123
-17.7793
-17.1283
-16.5586
-16.0677
-15.6519
-15.3011
-14.9992
-14.7313
-14.4983
-14.3073
-14.172
-14.1004
-14.0791
-14.0771
-14.0742
-14.062
-14.0371
-14.0111
-14.0287
-14.1075
-14.2431
-14.4401
-14.6655
-15.0207
-16.0522
-18.4289
-22.463
-27.7689
-33.2574
-37.5692
-39.7935
-39.6387
-37.2337
-33.0296
-27.6845
-21.9391
-16.3238
-11.1756
-6.71647
-3.03865
-0.20981
1.78419
3.04968
3.72204
3.93589
3.81606
3.47235
2.99537
2.45758
1.91479
1.40835
0.964747
0.597007
0.310926
0.108501
-0.0144302
-0.0599569
-0.0709068
0.0118385
-0.128982
-28.5204
-48.2348
-45.2166
-43.1457
-40.9156
-39.1882
-39.4358
-42.8917
-50.3261
-61.0702
-73.4462
-85.0902
-93.0905
-95.0109
-90.2406
-80.0404
-67.2561
-55.0727
-46.0986
-42.3989
-46.3541
-57.6376
-70.3887
-76.8777
-74.8455
-67.0488
-55.642
-44.27
-33.987
-24.7564
-16.6574
-9.76269
-4.10627
0.087721
2.5316
3.28377
2.79656
1.59447
0.100848
-1.48932
-3.22
-5.25195
-7.65338
-10.3146
-13.002
-15.4793
-17.5823
-19.266
-20.566
-21.5477
-22.2569
-22.684
-22.8035
-22.5954
-22.0663
-21.2542
-20.213
-19.0208
-17.7843
-16.5781
-15.4677
-14.5266
-13.8344
-13.4426
-13.3467
-13.4755
-13.7257
-13.9887
-14.1816
-14.2961
-14.3519
-14.3729
-14.3751
-14.3652
-14.348
-14.3206
-14.2614
-14.1455
-14.0536
-14.0606
-14.1875
-14.4846
-14.8808
-15.2961
-16.096
-18.0685
-21.9918
-27.6264
-33.6067
-38.3415
-40.8151
-40.7105
-38.1884
-33.7629
-28.1067
-21.9438
-15.8984
-10.3649
-5.52634
-1.46577
1.6484
3.78678
5.09222
5.73517
5.87135
5.64639
5.18603
4.59068
3.93886
3.28556
2.66929
2.11636
1.6358
1.22726
0.890682
0.630972
0.44911
0.301434
0.258477
-0.0431769
-54.1389
-51.542
-49.1794
-44.2336
-41.5159
-40.1851
-40.5007
-43.2956
-49.3303
-58.4077
-68.9493
-78.754
-85.5331
-87.5903
-84.54
-77.6778
-68.8512
-59.7516
-51.8122
-46.5471
-46.3829
-52.6968
-63.039
-71.5629
-72.7892
-66.0912
-55.6224
-44.3227
-33.3552
-23.4604
-15.0105
-8.00308
-2.20281
2.21443
4.69209
5.26872
4.51663
3.04072
1.34318
-0.329147
-2.04134
-4.06021
-6.52718
-9.32315
-12.1682
-14.7628
-16.9214
-18.6103
-19.9103
-20.9143
-21.6618
-22.1481
-22.3306
-22.1659
-21.6415
-20.7795
-19.6461
-18.342
-16.9835
-15.6976
-14.5828
-13.726
-13.1909
-12.9948
-13.103
-13.4341
-13.8483
-14.1874
-14.3859
-14.4703
-14.487
-14.4715
-14.4452
-14.4173
-14.3917
-14.3655
-14.32
-14.2141
-14.0867
-14.0427
-14.155
-14.4348
-14.7172
-14.8969
-15.3757
-16.9856
-20.5441
-26.0468
-32.2491
-37.4346
-40.3495
-40.4598
-37.8243
-33.0778
-27.1204
-20.807
-14.812
-9.40997
-4.58107
-0.473822
2.66027
4.77259
6.03239
6.62271
6.694
6.39706
5.864
5.19978
4.48194
3.77249
3.11772
2.53463
2.0167
1.55976
1.17558
0.861802
0.619303
0.415114
0.306154
-0.0120337
)
;

boundaryField
{
    frontWall
    {
        type            empty;
    }
    backWall
    {
        type            empty;
    }
    sideWall
    {
        type            zeroGradient;
    }
    outlet
    {
        type            fixedValue;
        value           uniform 0;
    }
    inlet
    {
        type            zeroGradient;
    }
}


// ************************************************************************* //
