/*--------------------------------*- C++ -*----------------------------------*\
  =========                 |
  \\      /  F ield         | OpenFOAM: The Open Source CFD Toolbox
   \\    /   O peration     | Website:  https://openfoam.org
    \\  /    A nd           | Version:  13
     \\/     M anipulation  |
\*---------------------------------------------------------------------------*/
FoamFile
{
    format      ascii;
    class       volScalarField;
    location    "10";
    object      p;
}
// * * * * * * * * * * * * * * * * * * * * * * * * * * * * * * * * * * * * * //

dimensions      [0 2 -2 0 0 0 0];

internalField   nonuniform List<scalar> 
6440
(
-0.00139768
-0.00139801
-0.00139875
-0.00139988
-0.00140137
-0.00140315
-0.00140509
-0.00140709
-0.00140903
-0.00141079
-0.00141223
-0.00141325
-0.00141374
-0.00141365
-0.00141294
-0.00141164
-0.00140979
-0.00140747
-0.00140477
-0.00140177
-0.00139851
-0.00139506
-0.00139154
-0.00138803
-0.00138495
-0.00139582
-0.00139617
-0.00139693
-0.0013981
-0.00139965
-0.00140152
-0.00140362
-0.00140583
-0.00140807
-0.00141018
-0.00141205
-0.00141354
-0.00141452
-0.00141488
-0.00141454
-0.00141345
-0.00141161
-0.00140898
-0.00140556
-0.00140149
-0.00139684
-0.00139168
-0.00138622
-0.00138071
-0.00137568
-0.00139289
-0.00139333
-0.0013942
-0.00139553
-0.00139729
-0.00139942
-0.00140188
-0.00140453
-0.00140726
-0.00140994
-0.00141242
-0.00141454
-0.00141614
-0.00141706
-0.00141715
-0.00141631
-0.00141445
-0.00141144
-0.00140733
-0.00140222
-0.00139623
-0.00138948
-0.00138227
-0.00137515
-0.00136893
-0.00138901
-0.00138956
-0.0013906
-0.00139215
-0.0013942
-0.00139669
-0.00139955
-0.0014027
-0.001406
-0.00140931
-0.00141246
-0.00141527
-0.00141755
-0.00141908
-0.00141968
-0.00141918
-0.00141743
-0.00141428
-0.00140969
-0.00140381
-0.00139676
-0.00138873
-0.00138008
-0.00137161
-0.00136442
-0.0013841
-0.00138476
-0.00138597
-0.00138777
-0.00139013
-0.001393
-0.0013963
-0.00139997
-0.00140386
-0.00140781
-0.00141167
-0.00141523
-0.00141827
-0.00142055
-0.00142182
-0.00142185
-0.00142048
-0.00141751
-0.00141279
-0.00140647
-0.00139868
-0.00138961
-0.00137972
-0.00136998
-0.00136181
-0.00137809
-0.00137886
-0.00138024
-0.00138229
-0.00138498
-0.00138824
-0.00139199
-0.00139615
-0.00140064
-0.00140526
-0.00140985
-0.0014142
-0.00141808
-0.00142123
-0.00142337
-0.00142419
-0.00142347
-0.001421
-0.00141659
-0.00141017
-0.00140192
-0.00139205
-0.00138102
-0.00137007
-0.00136093
-0.00137095
-0.00137183
-0.0013734
-0.0013757
-0.00137872
-0.00138237
-0.00138659
-0.00139127
-0.00139633
-0.00140161
-0.00140693
-0.00141209
-0.00141687
-0.00142099
-0.00142416
-0.00142601
-0.00142622
-0.00142455
-0.00142077
-0.00141467
-0.00140626
-0.00139579
-0.00138375
-0.00137167
-0.00136156
-0.00136269
-0.00136368
-0.00136543
-0.001368
-0.00137135
-0.00137542
-0.00138011
-0.00138532
-0.00139094
-0.00139688
-0.00140292
-0.00140889
-0.00141458
-0.00141973
-0.00142402
-0.00142708
-0.00142852
-0.00142793
-0.00142508
-0.00141969
-0.00141147
-0.00140066
-0.0013878
-0.00137461
-0.00136353
-0.00135332
-0.00135442
-0.00135635
-0.00135919
-0.00136289
-0.00136737
-0.00137255
-0.0013783
-0.00138451
-0.00139108
-0.00139785
-0.00140462
-0.0014112
-0.00141737
-0.00142282
-0.00142721
-0.00143007
-0.0014309
-0.00142926
-0.00142486
-0.00141732
-0.00140647
-0.00139293
-0.00137867
-0.00136667
-0.00134287
-0.00134406
-0.00134617
-0.00134927
-0.00135333
-0.00135824
-0.00136392
-0.00137024
-0.00137707
-0.0013843
-0.00139179
-0.00139933
-0.00140676
-0.0014139
-0.0014205
-0.00142622
-0.00143063
-0.00143314
-0.0014331
-0.00143
-0.00142349
-0.00141305
-0.00139909
-0.00138385
-0.00137096
-0.00133137
-0.00133265
-0.00133492
-0.00133828
-0.00134267
-0.00134801
-0.00135419
-0.0013611
-0.0013686
-0.00137654
-0.00138475
-0.00139307
-0.00140132
-0.00140937
-0.00141703
-0.00142404
-0.00143001
-0.00143434
-0.00143626
-0.0014349
-0.0014297
-0.0014202
-0.00140624
-0.00139028
-0.00137649
-0.00131887
-0.00132022
-0.00132263
-0.00132621
-0.00133091
-0.00133665
-0.00134333
-0.00135082
-0.00135899
-0.00136768
-0.00137668
-0.00138581
-0.00139491
-0.00140385
-0.00141251
-0.00142073
-0.00142817
-0.00143428
-0.00143837
-0.00143924
-0.00143586
-0.00142767
-0.00141425
-0.00139783
-0.0013832
-0.00130546
-0.00130685
-0.00130936
-0.00131312
-0.00131807
-0.00132415
-0.00133126
-0.00133929
-0.00134811
-0.00135758
-0.00136741
-0.00137743
-0.00138748
-0.00139738
-0.00140709
-0.00141647
-0.00142523
-0.00143298
-0.00143907
-0.00144247
-0.00144176
-0.00143538
-0.00142304
-0.00140661
-0.00139138
-0.00129124
-0.00129264
-0.00129521
-0.00129907
-0.00130419
-0.0013105
-0.00131794
-0.0013264
-0.00133579
-0.00134596
-0.0013566
-0.0013676
-0.00137873
-0.0013898
-0.00140069
-0.00141125
-0.00142128
-0.00143057
-0.00143861
-0.0014445
-0.00144673
-0.00144333
-0.00143269
-0.0014169
-0.00140141
-0.00127633
-0.00127771
-0.00128028
-0.00128417
-0.00128934
-0.00129576
-0.00130336
-0.00131208
-0.00132184
-0.00133251
-0.0013439
-0.00135585
-0.00136811
-0.0013805
-0.00139287
-0.00140493
-0.00141638
-0.00142729
-0.00143721
-0.00144552
-0.00145086
-0.00145097
-0.00144348
-0.00142925
-0.00141411
-0.00126091
-0.00126223
-0.00126474
-0.00126855
-0.00127365
-0.00128001
-0.00128756
-0.00129627
-0.00130609
-0.00131699
-0.00132885
-0.00134158
-0.00135495
-0.00136876
-0.00138276
-0.00139666
-0.00141021
-0.00142316
-0.00143504
-0.00144591
-0.00145442
-0.00145859
-0.00145541
-0.00144455
-0.0014308
-0.00124517
-0.0012464
-0.00124878
-0.00125241
-0.00125727
-0.00126335
-0.00127062
-0.00127906
-0.00128864
-0.00129934
-0.00131122
-0.00132429
-0.00133841
-0.00135339
-0.00136901
-0.001385
-0.00140104
-0.00141677
-0.00143185
-0.00144589
-0.00145778
-0.00146668
-0.00146942
-0.00146438
-0.00145418
-0.00122931
-0.00123044
-0.00123264
-0.00123596
-0.00124043
-0.00124604
-0.00125279
-0.00126065
-0.00126963
-0.00127969
-0.00129104
-0.00130374
-0.00131786
-0.00133334
-0.00135005
-0.00136783
-0.0013865
-0.00140576
-0.00142508
-0.00144354
-0.00146094
-0.00147622
-0.00148718
-0.00149198
-0.00148982
-0.00121361
-0.0012146
-0.00121654
-0.00121947
-0.00122343
-0.00122842
-0.00123443
-0.00124147
-0.00124954
-0.00125866
-0.00126895
-0.00128058
-0.00129376
-0.00130872
-0.00132542
-0.00134392
-0.00136434
-0.00138667
-0.00141068
-0.00143547
-0.00146133
-0.00148718
-0.00151088
-0.0015324
-0.00154992
-0.00119828
-0.00119912
-0.00120077
-0.0012033
-0.00120673
-0.00121106
-0.0012163
-0.00122245
-0.00122953
-0.00123762
-0.00124681
-0.00125723
-0.00126904
-0.00128244
-0.00129789
-0.00131583
-0.0013364
-0.00135999
-0.00138699
-0.00141835
-0.0014544
-0.00149515
-0.00154199
-0.00159597
-0.00166328
-0.00118346
-0.00118417
-0.00118561
-0.00118786
-0.00119093
-0.00119483
-0.00119955
-0.00120511
-0.00121155
-0.00121893
-0.00122735
-0.00123694
-0.0012479
-0.00126045
-0.00127492
-0.00129171
-0.00131144
-0.0013348
-0.00136262
-0.00139606
-0.00143693
-0.00148867
-0.00155927
-0.00166826
-0.00186342
-0.00116869
-0.00116936
-0.00117072
-0.00117287
-0.00117581
-0.00117955
-0.0011841
-0.00118948
-0.00119572
-0.0012029
-0.0012111
-0.00122046
-0.00123117
-0.00124348
-0.00125769
-0.00127423
-0.00129364
-0.0013166
-0.00134435
-0.00137814
-0.00142006
-0.00147417
-0.0015478
-0.00165372
-0.0018062
-0.00115398
-0.00115461
-0.00115593
-0.00115802
-0.00116088
-0.00116453
-0.00116898
-0.00117425
-0.00118037
-0.00118742
-0.00119549
-0.00120471
-0.00121526
-0.00122738
-0.00124137
-0.00125764
-0.00127669
-0.00129921
-0.00132616
-0.00135879
-0.00139909
-0.0014498
-0.00151501
-0.001599
-0.00170035
-0.00113933
-0.00113994
-0.00114121
-0.00114322
-0.00114599
-0.00114952
-0.00115383
-0.00115894
-0.00116488
-0.00117172
-0.00117953
-0.00118846
-0.00119865
-0.00121033
-0.00122378
-0.00123934
-0.00125746
-0.00127871
-0.00130383
-0.00133376
-0.00136971
-0.00141313
-0.00146538
-0.00152634
-0.00159107
-0.00112477
-0.00112535
-0.00112656
-0.00112848
-0.00113112
-0.0011345
-0.00113861
-0.00114348
-0.00114914
-0.00115565
-0.00116307
-0.00117152
-0.00118113
-0.00119209
-0.00120464
-0.00121904
-0.00123564
-0.00125486
-0.00127718
-0.00130314
-0.00133328
-0.001368
-0.00140702
-0.00144873
-0.00148855
-0.00111033
-0.00111088
-0.00111201
-0.00111381
-0.0011163
-0.00111947
-0.00112334
-0.00112791
-0.00113321
-0.00113928
-0.00114618
-0.00115399
-0.00116283
-0.00117284
-0.0011842
-0.00119709
-0.00121176
-0.00122844
-0.00124738
-0.00126877
-0.00129266
-0.00131879
-0.00134626
-0.00137298
-0.00139555
-0.00109603
-0.00109653
-0.00109757
-0.00109925
-0.00110155
-0.00110449
-0.00110806
-0.00111227
-0.00111714
-0.00112268
-0.00112895
-0.00113601
-0.00114393
-0.00115281
-0.00116277
-0.00117392
-0.00118639
-0.00120027
-0.00121561
-0.00123235
-0.00125022
-0.00126863
-0.00128647
-0.00130186
-0.00131221
-0.00108189
-0.00108234
-0.00108329
-0.00108481
-0.00108691
-0.00108958
-0.00109282
-0.00109662
-0.00110099
-0.00110595
-0.00111151
-0.00111771
-0.0011246
-0.00113224
-0.00114068
-0.00114996
-0.00116013
-0.00117115
-0.00118293
-0.00119524
-0.00120767
-0.00121949
-0.0012296
-0.00123645
-0.00123803
-0.00106794
-0.00106834
-0.00106918
-0.00107054
-0.00107241
-0.00107479
-0.00107767
-0.00108102
-0.00108486
-0.00108917
-0.00109397
-0.00109926
-0.00110506
-0.00111139
-0.00111825
-0.00112564
-0.00113351
-0.00114176
-0.00115019
-0.00115849
-0.00116617
-0.00117252
-0.00117654
-0.00117695
-0.00117225
-0.00105421
-0.00105455
-0.00105528
-0.00105647
-0.0010581
-0.00106017
-0.00106266
-0.00106555
-0.00106882
-0.00107246
-0.00107646
-0.00108081
-0.00108549
-0.0010905
-0.0010958
-0.00110133
-0.001107
-0.00111266
-0.00111805
-0.00112282
-0.00112648
-0.00112837
-0.00112763
-0.00112323
-0.00111402
-0.00104073
-0.00104101
-0.00104163
-0.00104263
-0.00104401
-0.00104576
-0.00104785
-0.00105025
-0.00105295
-0.00105591
-0.0010591
-0.0010625
-0.00106608
-0.0010698
-0.00107358
-0.00107736
-0.00108099
-0.00108428
-0.00108698
-0.00108872
-0.00108904
-0.00108734
-0.00108292
-0.00107494
-0.00106253
-0.00102752
-0.00102775
-0.00102824
-0.00102906
-0.00103019
-0.00103162
-0.0010333
-0.00103522
-0.00103733
-0.00103961
-0.00104201
-0.00104449
-0.001047
-0.00104947
-0.00105184
-0.00105398
-0.00105576
-0.00105695
-0.00105732
-0.0010565
-0.00105408
-0.00104954
-0.00104229
-0.00103169
-0.00101704
-0.00101463
-0.00101479
-0.00101517
-0.0010158
-0.00101668
-0.00101778
-0.00101906
-0.0010205
-0.00102205
-0.00102366
-0.00102529
-0.00102688
-0.00102838
-0.0010297
-0.00103075
-0.00103142
-0.00103154
-0.00103091
-0.00102927
-0.00102633
-0.00102169
-0.00101493
-0.00100555
-0.000993047
-0.000976888
-0.00100207
-0.00100217
-0.00100243
-0.00100288
-0.00100351
-0.00100429
-0.00100519
-0.00100616
-0.00100716
-0.00100813
-0.00100903
-0.00100979
-0.00101035
-0.00101061
-0.00101047
-0.00100982
-0.00100848
-0.00100628
-0.00100298
-0.000998282
-0.000991878
-0.000983397
-0.000972442
-0.000958601
-0.000941469
-0.000989874
-0.00098992
-0.000990063
-0.000990341
-0.000990731
-0.000991205
-0.000991725
-0.000992248
-0.000992725
-0.000993102
-0.000993319
-0.000993309
-0.000992998
-0.000992296
-0.000991102
-0.000989289
-0.000986706
-0.000983175
-0.000978481
-0.000972377
-0.000964586
-0.000954802
-0.000942703
-0.000927962
-0.000910267
-0.000978068
-0.000978058
-0.000978092
-0.0009782
-0.000978361
-0.000978544
-0.000978709
-0.000978812
-0.000978802
-0.000978622
-0.00097821
-0.000977497
-0.000976406
-0.000974849
-0.000972723
-0.000969908
-0.000966263
-0.000961622
-0.000955797
-0.000948573
-0.000939714
-0.000928967
-0.000916072
-0.00090077
-0.000882822
-0.000966673
-0.000966609
-0.00096654
-0.000966489
-0.000966434
-0.000966343
-0.000966177
-0.000965889
-0.000965429
-0.000964738
-0.000963755
-0.000962409
-0.000960625
-0.000958316
-0.000955384
-0.000951715
-0.000947179
-0.000941629
-0.000934898
-0.000926802
-0.000917141
-0.000905709
-0.000892296
-0.000876698
-0.000858731
-0.000955708
-0.000955594
-0.000955428
-0.000955229
-0.000954973
-0.000954629
-0.000954156
-0.00095351
-0.000952639
-0.000951487
-0.000949991
-0.000948084
-0.000945692
-0.000942732
-0.000939111
-0.000934725
-0.000929456
-0.000923173
-0.000915732
-0.000906974
-0.000896735
-0.000884844
-0.000871133
-0.000855444
-0.000837635
-0.000945188
-0.000945029
-0.000944774
-0.000944438
-0.000943998
-0.000943421
-0.000942669
-0.000941698
-0.000940457
-0.000938893
-0.000936944
-0.000934545
-0.000931627
-0.000928111
-0.000923912
-0.000918934
-0.000913073
-0.000906213
-0.000898229
-0.000888989
-0.000878355
-0.000866189
-0.000852358
-0.000836736
-0.000819219
-0.000935128
-0.000934927
-0.000934591
-0.000934131
-0.000933523
-0.000932735
-0.000931732
-0.00093047
-0.0009289
-0.000926972
-0.000924627
-0.000921805
-0.000918438
-0.000914456
-0.000909779
-0.000904323
-0.000897994
-0.000890692
-0.000882311
-0.000872739
-0.000861863
-0.000849571
-0.000835758
-0.000820328
-0.000803203
-0.000925535
-0.000925297
-0.000924888
-0.000924316
-0.000923557
-0.000922582
-0.000921355
-0.000919835
-0.000917978
-0.000915733
-0.000913047
-0.000909864
-0.000906122
-0.000901755
-0.000896692
-0.000890858
-0.000884172
-0.000876546
-0.00086789
-0.000858113
-0.00084712
-0.000834823
-0.000821139
-0.000805995
-0.000789335
-0.000916417
-0.000916146
-0.000915672
-0.000915001
-0.000914109
-0.000912968
-0.000911544
-0.000909799
-0.000907692
-0.000905176
-0.000902202
-0.000898717
-0.000894666
-0.000889988
-0.000884622
-0.000878501
-0.000871552
-0.000863703
-0.000854878
-0.000845
-0.000833993
-0.000821788
-0.000808319
-0.000793533
-0.000777391
-0.000907777
-0.000907477
-0.000906947
-0.000906188
-0.000905179
-0.000903893
-0.000902299
-0.000900361
-0.000898041
-0.000895296
-0.000892082
-0.00088835
-0.000884051
-0.000879131
-0.000873534
-0.000867203
-0.000860076
-0.00085209
-0.000843183
-0.000833291
-0.000822355
-0.000810318
-0.000797132
-0.000782759
-0.000767171
-0.000899614
-0.000899289
-0.00089871
-0.000897877
-0.000896767
-0.000895357
-0.000893617
-0.000891516
-0.000889017
-0.000886083
-0.000882673
-0.000878745
-0.000874252
-0.000869149
-0.000863387
-0.000856914
-0.00084968
-0.000841631
-0.000832716
-0.000822882
-0.000812084
-0.000800277
-0.000787425
-0.000773503
-0.000758495
-0.000891926
-0.00089158
-0.00089096
-0.000890063
-0.000888868
-0.000887352
-0.000885491
-0.000883254
-0.000880609
-0.000877522
-0.000873958
-0.000869877
-0.000865241
-0.000860008
-0.000854136
-0.000847582
-0.000840302
-0.000832251
-0.000823389
-0.000813672
-0.000803065
-0.000791536
-0.000779058
-0.000765615
-0.0007512
-0.000884708
-0.000884345
-0.000883691
-0.00088274
-0.000881474
-0.000879872
-0.00087791
-0.000875563
-0.000872801
-0.000869595
-0.000865913
-0.000861721
-0.000856985
-0.000851669
-0.000845736
-0.000839151
-0.000831877
-0.000823877
-0.000815117
-0.000805565
-0.000795193
-0.000783977
-0.000771901
-0.000758955
-0.00074514
-0.000877953
-0.000877576
-0.000876895
-0.000875901
-0.000874577
-0.000872905
-0.000870863
-0.000868429
-0.000865577
-0.000862282
-0.000858515
-0.000854247
-0.000849449
-0.00084409
-0.00083814
-0.000831568
-0.000824343
-0.000816436
-0.00080782
-0.000798471
-0.000788367
-0.000777492
-0.000765837
-0.000753399
-0.000740182
-0.000871651
-0.000871264
-0.000870561
-0.000869533
-0.000868163
-0.000866437
-0.000864334
-0.000861834
-0.000858917
-0.000855559
-0.000851736
-0.000847425
-0.000842599
-0.000837233
-0.0008313
-0.000824777
-0.000817638
-0.000809859
-0.000801421
-0.000792303
-0.000782493
-0.000771979
-0.000760758
-0.000748831
-0.000736209
-0.000865791
-0.000865397
-0.000864678
-0.000863624
-0.000862221
-0.000860453
-0.000858305
-0.00085576
-0.000852798
-0.000849401
-0.00084555
-0.000841222
-0.000836397
-0.000831053
-0.00082517
-0.000818727
-0.000811703
-0.000804082
-0.000795846
-0.000786984
-0.000777486
-0.000767346
-0.000756565
-0.00074515
-0.000733112
-0.000860362
-0.000859963
-0.000859233
-0.000858161
-0.000856733
-0.000854938
-0.00085276
-0.000850185
-0.000847199
-0.000843785
-0.000839926
-0.000835606
-0.000830807
-0.000825512
-0.000819704
-0.000813365
-0.000806482
-0.00079904
-0.000791029
-0.000782439
-0.000773265
-0.000763507
-0.000753169
-0.00074226
-0.000730796
-0.000855348
-0.000854947
-0.000854211
-0.000853128
-0.000851685
-0.000849873
-0.000847678
-0.00084509
-0.000842096
-0.000838682
-0.000834836
-0.000830545
-0.000825793
-0.000820568
-0.000814856
-0.000808644
-0.00080192
-0.000794676
-0.000786903
-0.000778597
-0.000769757
-0.000760384
-0.000750487
-0.000740076
-0.00072917
-0.000850737
-0.000850336
-0.000849597
-0.000848508
-0.000847059
-0.000845239
-0.00084304
-0.000840451
-0.000837464
-0.000834067
-0.000830251
-0.000826006
-0.00082132
-0.000816182
-0.000810584
-0.000804514
-0.000797966
-0.000790932
-0.00078341
-0.000775396
-0.000766893
-0.000757906
-0.000748444
-0.000738522
-0.000728158
-0.000846511
-0.000846112
-0.000845374
-0.000844286
-0.000842837
-0.000841019
-0.000838825
-0.000836248
-0.00083328
-0.000829914
-0.000826142
-0.000821957
-0.000817351
-0.000812317
-0.000806846
-0.000800932
-0.000794571
-0.000787758
-0.000780492
-0.000772775
-0.000764611
-0.000756006
-0.000746973
-0.000737527
-0.000727687
-0.000842656
-0.000842259
-0.000841526
-0.000840443
-0.000839
-0.000837192
-0.000835012
-0.000832456
-0.000829519
-0.000826195
-0.00082248
-0.000818368
-0.000813855
-0.000808934
-0.000803602
-0.000797854
-0.000791688
-0.000785103
-0.000778099
-0.00077068
-0.000762852
-0.000754625
-0.000746011
-0.000737026
-0.000727692
-0.000839154
-0.000838762
-0.000838036
-0.000836961
-0.00083553
-0.000833738
-0.000831581
-0.000829054
-0.000826157
-0.000822885
-0.000819236
-0.000815208
-0.000810796
-0.000806
-0.000800815
-0.00079524
-0.000789276
-0.000782921
-0.000776181
-0.00076906
-0.000761565
-0.000753707
-0.000745501
-0.000736963
-0.000728115
-0.000835988
-0.000835602
-0.000834886
-0.000833823
-0.000832409
-0.000830638
-0.000828509
-0.00082602
-0.00082317
-0.000819958
-0.000816384
-0.000812447
-0.000808146
-0.00080348
-0.000798449
-0.000793052
-0.000787292
-0.000781171
-0.000774694
-0.000767867
-0.000760699
-0.000753203
-0.000745392
-0.000737285
-0.000728903
-0.000833142
-0.000832763
-0.000832058
-0.000831011
-0.000829617
-0.000827872
-0.000825777
-0.000823331
-0.000820535
-0.00081739
-0.000813897
-0.000810057
-0.000805872
-0.000801342
-0.000796469
-0.000791254
-0.0007857
-0.000779812
-0.000773595
-0.000767058
-0.00076021
-0.000753065
-0.000745637
-0.000737945
-0.000730009
-0.000830598
-0.000830228
-0.000829535
-0.000828506
-0.000827135
-0.000825421
-0.000823364
-0.000820966
-0.000818229
-0.000815156
-0.000811749
-0.000808012
-0.000803947
-0.000799556
-0.000794843
-0.000789811
-0.000784463
-0.000778806
-0.000772846
-0.000766593
-0.000760058
-0.000753252
-0.000746194
-0.000738899
-0.00073139
-0.00082834
-0.000827978
-0.0008273
-0.00082629
-0.000824945
-0.000823265
-0.00082125
-0.000818904
-0.00081623
-0.000813232
-0.000809916
-0.000806284
-0.000802342
-0.000798094
-0.000793542
-0.000788692
-0.000783549
-0.00077812
-0.000772412
-0.000766436
-0.000760203
-0.000753727
-0.000747023
-0.000740109
-0.000733007
-0.000826351
-0.000825997
-0.000825334
-0.000824346
-0.00082303
-0.000821385
-0.000819416
-0.000817124
-0.000814516
-0.000811597
-0.000808373
-0.00080485
-0.000801033
-0.000796927
-0.000792536
-0.000787867
-0.000782926
-0.000777721
-0.00077226
-0.000766553
-0.000760613
-0.000754453
-0.000748089
-0.000741539
-0.000734824
-0.000824614
-0.000824269
-0.000823622
-0.000822657
-0.00082137
-0.000819764
-0.000817841
-0.000815607
-0.000813067
-0.000810229
-0.0008071
-0.000803686
-0.000799993
-0.000796029
-0.000791799
-0.000787309
-0.000782566
-0.00077758
-0.000772358
-0.000766912
-0.000761254
-0.000755398
-0.00074936
-0.000743158
-0.000736811
-0.000823112
-0.000822777
-0.000822147
-0.000821205
-0.000819949
-0.000818382
-0.000816508
-0.000814332
-0.000811862
-0.000809106
-0.000806072
-0.000802768
-0.000799201
-0.000795377
-0.000791305
-0.000786991
-0.000782442
-0.000777668
-0.000772679
-0.000767485
-0.000762099
-0.000756534
-0.000750808
-0.000744936
-0.000738939
-0.000821831
-0.000821505
-0.000820892
-0.000819974
-0.00081875
-0.000817223
-0.000815398
-0.000813282
-0.000810883
-0.00080821
-0.000805271
-0.000802076
-0.000798632
-0.000794948
-0.000791031
-0.000786888
-0.000782529
-0.000777962
-0.000773197
-0.000768245
-0.00076312
-0.000757835
-0.000752405
-0.000746848
-0.000741182
-0.000820753
-0.000820437
-0.000819841
-0.000818947
-0.000817756
-0.00081627
-0.000814495
-0.000812439
-0.000810111
-0.00080752
-0.000804676
-0.000801589
-0.000798267
-0.000794719
-0.000790954
-0.000786979
-0.000782803
-0.000778435
-0.000773887
-0.000769169
-0.000764293
-0.000759275
-0.000754128
-0.000748869
-0.000743517
-0.000819865
-0.000819558
-0.000818979
-0.00081811
-0.000816951
-0.000815506
-0.000813782
-0.000811786
-0.000809528
-0.000807018
-0.000804268
-0.000801288
-0.000798086
-0.000794671
-0.000791054
-0.000787241
-0.000783243
-0.000779068
-0.000774728
-0.000770233
-0.000765597
-0.000760832
-0.000755955
-0.000750979
-0.000745924
-0.00081915
-0.000818854
-0.000818291
-0.000817446
-0.00081632
-0.000814916
-0.000813241
-0.000811305
-0.000809117
-0.000806688
-0.000804031
-0.000801154
-0.000798069
-0.000794785
-0.000791311
-0.000787655
-0.000783828
-0.000779839
-0.000775699
-0.000771418
-0.00076701
-0.000762488
-0.000757865
-0.000753158
-0.000748383
-0.000818596
-0.000818309
-0.000817762
-0.000816942
-0.000815848
-0.000814485
-0.000812859
-0.000810982
-0.000808862
-0.000806513
-0.000803946
-0.000801171
-0.0007982
-0.000795042
-0.000791707
-0.000788203
-0.000784541
-0.00078073
-0.000776781
-0.000772705
-0.000768514
-0.000764222
-0.000759841
-0.000755388
-0.000750879
-0.000818188
-0.00081791
-0.00081738
-0.000816583
-0.000815521
-0.000814197
-0.000812621
-0.000810801
-0.000808749
-0.000806477
-0.000803998
-0.000801322
-0.000798461
-0.000795426
-0.000792225
-0.000788867
-0.000785364
-0.000781723
-0.000777957
-0.000774076
-0.000770092
-0.000766018
-0.000761867
-0.000757654
-0.000753394
-0.000817914
-0.000817644
-0.000817129
-0.000816356
-0.000815325
-0.00081404
-0.000812511
-0.000810748
-0.000808762
-0.000806565
-0.000804171
-0.000801592
-0.000798838
-0.00079592
-0.000792848
-0.000789632
-0.00078628
-0.000782803
-0.000779211
-0.000775516
-0.000771728
-0.000767861
-0.000763927
-0.000759941
-0.000755917
-0.000817759
-0.000817497
-0.000816998
-0.000816248
-0.000815246
-0.000814
-0.000812517
-0.000810809
-0.000808887
-0.000806764
-0.000804453
-0.000801966
-0.000799315
-0.000796511
-0.000793563
-0.000790481
-0.000787275
-0.000783954
-0.000780528
-0.000777009
-0.000773408
-0.000769737
-0.000766009
-0.000762236
-0.000758434
-0.000817713
-0.000817458
-0.000816974
-0.000816245
-0.000815273
-0.000814064
-0.000812626
-0.000810971
-0.000809111
-0.000807059
-0.000804828
-0.000802431
-0.000799879
-0.000797184
-0.000794355
-0.000791402
-0.000788334
-0.000785162
-0.000781895
-0.000778543
-0.000775119
-0.000771634
-0.000768099
-0.000764528
-0.000760934
-0.000817763
-0.000817516
-0.000817045
-0.000816337
-0.000815393
-0.00081422
-0.000812825
-0.000811222
-0.000809421
-0.000807438
-0.000805284
-0.000802973
-0.000800517
-0.000797926
-0.000795211
-0.000792381
-0.000789446
-0.000786415
-0.000783298
-0.000780106
-0.000776849
-0.000773539
-0.000770187
-0.000766805
-0.000763408
-0.000817898
-0.000817657
-0.0008172
-0.000816512
-0.000815595
-0.000814456
-0.000813103
-0.000811549
-0.000809806
-0.000807889
-0.000805809
-0.000803581
-0.000801216
-0.000798726
-0.000796119
-0.000793407
-0.000790597
-0.000787701
-0.000784727
-0.000781685
-0.000778586
-0.000775441
-0.000772262
-0.000769059
-0.000765846
-0.000818107
-0.000817873
-0.000817427
-0.000816758
-0.000815867
-0.000814761
-0.000813449
-0.000811942
-0.000810255
-0.0008084
-0.000806392
-0.000804243
-0.000801966
-0.000799571
-0.000797068
-0.000794467
-0.000791778
-0.000789009
-0.00078617
-0.000783271
-0.000780321
-0.000777333
-0.000774315
-0.00077128
-0.00076824
-0.000818381
-0.000818151
-0.000817717
-0.000817066
-0.0008162
-0.000815125
-0.000813851
-0.00081239
-0.000810756
-0.000808962
-0.000807022
-0.000804949
-0.000802755
-0.000800451
-0.000798047
-0.000795553
-0.000792977
-0.000790329
-0.000787618
-0.000784853
-0.000782045
-0.000779203
-0.000776338
-0.000773461
-0.000770583
-0.000818709
-0.000818484
-0.00081806
-0.000817425
-0.000816582
-0.000815537
-0.0008143
-0.000812883
-0.000811299
-0.000809563
-0.000807688
-0.000805687
-0.000803573
-0.000801356
-0.000799046
-0.000796653
-0.000794185
-0.000791651
-0.000789061
-0.000786424
-0.000783749
-0.000781045
-0.000778324
-0.000775595
-0.000772868
-0.000819082
-0.00081886
-0.000818445
-0.000817826
-0.000817005
-0.000815988
-0.000814786
-0.00081341
-0.000811875
-0.000810194
-0.000808381
-0.00080645
-0.000804412
-0.000802277
-0.000800057
-0.000797759
-0.000795393
-0.000792968
-0.000790493
-0.000787975
-0.000785425
-0.000782852
-0.000780265
-0.000777674
-0.00077509
-0.000819491
-0.000819271
-0.000818864
-0.000818259
-0.000817459
-0.000816468
-0.000815299
-0.000813964
-0.000812475
-0.000810847
-0.000809093
-0.000807227
-0.000805261
-0.000803206
-0.00080107
-0.000798863
-0.000796594
-0.000794272
-0.000791904
-0.000789499
-0.000787067
-0.000784616
-0.000782155
-0.000779694
-0.000777243
-0.000819927
-0.000819709
-0.000819308
-0.000818717
-0.000817935
-0.00081697
-0.000815832
-0.000814534
-0.000813089
-0.000811511
-0.000809814
-0.000808011
-0.000806114
-0.000804133
-0.000802078
-0.000799957
-0.00079778
-0.000795554
-0.000793288
-0.000790989
-0.000788668
-0.000786331
-0.000783989
-0.00078165
-0.000779322
-0.000820382
-0.000820164
-0.000819769
-0.000819189
-0.000818424
-0.000817483
-0.000816375
-0.000815113
-0.00081371
-0.00081218
-0.000810537
-0.000808794
-0.000806962
-0.000805052
-0.000803073
-0.000801034
-0.000798943
-0.000796809
-0.000794638
-0.00079244
-0.000790222
-0.000787993
-0.000785762
-0.000783536
-0.000781324
-0.000820849
-0.00082063
-0.000820238
-0.000819668
-0.00081892
-0.000818
-0.000816921
-0.000815693
-0.00081433
-0.000812845
-0.000811254
-0.000809567
-0.000807798
-0.000805955
-0.000804049
-0.000802087
-0.000800078
-0.00079803
-0.00079595
-0.000793846
-0.000791725
-0.000789597
-0.000787469
-0.000785349
-0.000783245
-0.000821319
-0.000821098
-0.000820708
-0.000820146
-0.000819412
-0.000818514
-0.000817461
-0.000816265
-0.00081494
-0.0008135
-0.000811958
-0.000810326
-0.000808616
-0.000806837
-0.000805
-0.000803111
-0.000801179
-0.000799212
-0.000797217
-0.000795201
-0.000793172
-0.000791138
-0.000789106
-0.000787085
-0.000785082
-0.000821785
-0.000821559
-0.00082117
-0.000820615
-0.000819894
-0.000819015
-0.000817987
-0.000816823
-0.000815535
-0.000814137
-0.000812642
-0.000811062
-0.000809409
-0.000807692
-0.000805919
-0.0008041
-0.000802241
-0.000800351
-0.000798435
-0.000796502
-0.000794559
-0.000792612
-0.000790671
-0.000788741
-0.000786831
-0.00082224
-0.000822008
-0.000821617
-0.000821067
-0.000820358
-0.000819497
-0.000818494
-0.00081736
-0.000816107
-0.00081475
-0.0008133
-0.000811771
-0.000810172
-0.000808513
-0.000806803
-0.000805049
-0.00080326
-0.000801441
-0.0007996
-0.000797745
-0.000795881
-0.000794017
-0.000792159
-0.000790315
-0.000788491
-0.000822677
-0.000822436
-0.00082204
-0.000821494
-0.000820796
-0.000819952
-0.000818972
-0.000817868
-0.00081665
-0.000815333
-0.000813927
-0.000812446
-0.000810899
-0.000809297
-0.000807646
-0.000805954
-0.00080423
-0.000802479
-0.000800709
-0.000798925
-0.000797136
-0.000795348
-0.000793568
-0.000791803
-0.000790059
-0.000823087
-0.000822834
-0.000822432
-0.000821887
-0.000821199
-0.000820372
-0.000819416
-0.000818341
-0.000817158
-0.000815879
-0.000814518
-0.000813084
-0.000811588
-0.000810038
-0.000808444
-0.000806812
-0.000805149
-0.000803462
-0.000801757
-0.000800042
-0.000798322
-0.000796605
-0.000794897
-0.000793205
-0.000791535
-0.000823464
-0.000823195
-0.000822783
-0.000822238
-0.000821559
-0.000820749
-0.000819817
-0.000818772
-0.000817624
-0.000816385
-0.000815067
-0.000813679
-0.000812232
-0.000810734
-0.000809194
-0.000807618
-0.000806013
-0.000804386
-0.000802743
-0.000801091
-0.000799436
-0.000797784
-0.000796143
-0.000794518
-0.000792916
-0.000823798
-0.000823509
-0.000823083
-0.000822537
-0.000821868
-0.000821076
-0.00082017
-0.000819156
-0.000818045
-0.000816846
-0.00081557
-0.000814229
-0.00081283
-0.000811382
-0.000809893
-0.000808371
-0.000806821
-0.00080525
-0.000803665
-0.000802071
-0.000800476
-0.000798885
-0.000797305
-0.000795741
-0.000794201
-0.00082408
-0.000823764
-0.000823321
-0.000822773
-0.000822114
-0.000821344
-0.000820466
-0.000819487
-0.000818414
-0.000817257
-0.000816026
-0.00081473
-0.000813378
-0.000811979
-0.00081054
-0.000809068
-0.00080757
-0.000806052
-0.00080452
-0.000802981
-0.000801441
-0.000799905
-0.000798381
-0.000796874
-0.00079539
-0.000824297
-0.000823947
-0.000823482
-0.000822933
-0.000822289
-0.000821544
-0.000820699
-0.000819759
-0.000818728
-0.000817616
-0.00081643
-0.00081518
-0.000813875
-0.000812523
-0.000811132
-0.000809709
-0.000808259
-0.00080679
-0.000805308
-0.000803819
-0.000802329
-0.000800845
-0.000799371
-0.000797916
-0.000796483
-0.000824431
-0.00082404
-0.000823548
-0.000823001
-0.000822379
-0.000821667
-0.000820864
-0.000819969
-0.000818985
-0.00081792
-0.000816782
-0.000815579
-0.000814321
-0.000813015
-0.00081167
-0.000810291
-0.000808887
-0.000807464
-0.000806027
-0.000804584
-0.00080314
-0.000801702
-0.000800275
-0.000798866
-0.000797479
-0.00082446
-0.000824016
-0.000823496
-0.000822959
-0.00082237
-0.000821705
-0.000820954
-0.000820113
-0.000819183
-0.000818171
-0.000817082
-0.000815928
-0.000814715
-0.000813454
-0.000812152
-0.000810817
-0.000809454
-0.000808073
-0.000806678
-0.000805276
-0.000803874
-0.000802477
-0.000801092
-0.000799724
-0.000798378
-0.000824345
-0.000823839
-0.000823294
-0.000822784
-0.000822248
-0.000821648
-0.000820966
-0.000820191
-0.000819324
-0.000818369
-0.000817333
-0.000816227
-0.00081506
-0.000813842
-0.000812581
-0.000811285
-0.000809961
-0.000808617
-0.00080726
-0.000805895
-0.00080453
-0.00080317
-0.000801822
-0.00080049
-0.000799181
-0.000824021
-0.000823451
-0.000822897
-0.000822446
-0.000821999
-0.000821493
-0.0008209
-0.000820207
-0.000819411
-0.000818519
-0.000817538
-0.000816481
-0.000815358
-0.000814181
-0.000812957
-0.000811697
-0.000810408
-0.000809098
-0.000807774
-0.000806442
-0.000805109
-0.000803781
-0.000802465
-0.000801165
-0.000799887
-0.00082337
-0.000822764
-0.000822247
-0.000821916
-0.000821611
-0.000821239
-0.000820763
-0.000820168
-0.000819454
-0.000818629
-0.000817705
-0.000816695
-0.000815614
-0.000814474
-0.000813284
-0.000812056
-0.000810797
-0.000809516
-0.00080822
-0.000806916
-0.000805611
-0.000804311
-0.000803021
-0.000801748
-0.000800497
-0.000822185
-0.000821642
-0.000821268
-0.000821163
-0.00082108
-0.000820896
-0.00082057
-0.000820091
-0.000819466
-0.00081871
-0.00081784
-0.000816876
-0.000815833
-0.000814724
-0.000813564
-0.000812362
-0.000811129
-0.000809872
-0.0008086
-0.000807319
-0.000806037
-0.000804759
-0.000803492
-0.000802242
-0.000801013
-0.00082011
-0.000819886
-0.000819884
-0.000820178
-0.00082043
-0.000820498
-0.00082035
-0.000819999
-0.000819465
-0.000818776
-0.000817957
-0.000817031
-0.000816019
-0.000814937
-0.0008138
-0.000812619
-0.000811405
-0.000810167
-0.000808913
-0.00080765
-0.000806386
-0.000805126
-0.000803877
-0.000802644
-0.000801433
-0.000816214
-0.000817078
-0.000818038
-0.000819025
-0.000819745
-0.000820116
-0.000820164
-0.000819938
-0.000819486
-0.000818852
-0.00081807
-0.000817173
-0.000816182
-0.000815118
-0.000813997
-0.00081283
-0.000811629
-0.000810404
-0.000809163
-0.000807913
-0.000806661
-0.000805415
-0.000804179
-0.000802959
-0.000801761
-0.000807304
-0.000812301
-0.000815796
-0.000817919
-0.000819213
-0.0008199
-0.000820116
-0.000819979
-0.000819576
-0.000818969
-0.000818205
-0.000817318
-0.000816336
-0.000815279
-0.000814164
-0.000813003
-0.000811809
-0.00081059
-0.000809356
-0.000808113
-0.000806869
-0.00080563
-0.000804402
-0.000803191
-0.000802002
-0.000789556
-0.000805777
-0.000813693
-0.000817151
-0.000818981
-0.000819906
-0.000820219
-0.000820116
-0.000819721
-0.000819114
-0.000818347
-0.000817458
-0.000816473
-0.000815414
-0.000814297
-0.000813136
-0.000811942
-0.000810724
-0.000809492
-0.000808251
-0.00080701
-0.000805775
-0.000804551
-0.000803344
-0.000802159
0.475351
0.467551
0.450833
0.425235
0.393222
0.356384
0.31607
0.274026
0.231682
0.190417
0.151328
0.115889
0.0860814
0.0628112
0.0453564
0.0326097
0.0235344
0.0171964
0.0128055
0.00975414
0.00761654
0.00611732
0.00509197
0.0044269
0.00401033
0.402102
0.380864
0.342996
0.295002
0.245722
0.200338
0.162275
0.131865
0.10725
0.0863705
0.0675756
0.0506511
0.0365863
0.0259522
0.0182992
0.0131028
0.00962495
0.00731748
0.00579239
0.00476699
0.00404932
0.00353033
0.00315379
0.00288043
0.00266075
0.297035
0.267048
0.225461
0.18075
0.140954
0.109021
0.0852835
0.0677989
0.0543759
0.0436407
0.0345129
0.0264662
0.0197304
0.0144191
0.0104501
0.00758069
0.00557886
0.00422623
0.00333071
0.00274772
0.0023854
0.00213859
0.00195723
0.0018217
0.00170295
0.185387
0.166264
0.141915
0.11593
0.0919206
0.0708927
0.0538589
0.0412807
0.0323559
0.0259875
0.0210481
0.0169438
0.0135389
0.0107341
0.00842002
0.00654039
0.00505468
0.00391842
0.00307312
0.00246027
0.00203007
0.00172929
0.0015105
0.00136718
0.00128217
0.128123
0.111307
0.089561
0.0679937
0.0509062
0.0386459
0.0302631
0.0244131
0.0203555
0.0173262
0.0149402
0.0128911
0.0110203
0.00929995
0.00772848
0.00630855
0.00506765
0.00402506
0.00319065
0.00253969
0.00204806
0.0016903
0.00143889
0.00127664
0.00120094
0.0748329
0.0638615
0.0479948
0.0331205
0.0229142
0.0172703
0.0144724
0.0130292
0.0122408
0.0116055
0.0109384
0.0101376
0.00919714
0.00815114
0.00705358
0.00596749
0.00495147
0.00404738
0.0032689
0.00263076
0.00212844
0.00175077
0.00148585
0.00132339
0.00125984
0.0419353
0.0338969
0.0226166
0.0132145
0.00782169
0.00552761
0.00507821
0.00557165
0.00634337
0.00704387
0.0074675
0.00754848
0.0073142
0.00682632
0.00616629
0.00541611
0.00464626
0.00391124
0.00324503
0.00267163
0.00220018
0.00183185
0.00157089
0.00141391
0.00136129
0.0216939
0.0160946
0.00853436
0.00269991
-0.000109715
-0.000663408
2.4879e-05
0.00127681
0.00261249
0.00390532
0.00488933
0.0054862
0.00570942
0.00561838
0.00529274
0.00481614
0.00426309
0.00369273
0.00314826
0.00265901
0.00224206
0.00190796
0.00165928
0.00150979
0.00146518
0.00836381
0.00467215
-4.91629e-05
-0.00342404
-0.00455223
-0.00400788
-0.00263047
-0.00100196
0.000596644
0.00201335
0.00315458
0.00396601
0.00443731
0.00459891
0.00450985
0.00424159
0.00386449
0.00343688
0.00300396
0.00259848
0.00224231
0.00195015
0.00172928
0.00159004
0.00155104
0.000915548
-0.00157891
-0.00442301
-0.00613756
-0.00628693
-0.00534391
-0.00382656
-0.00215057
-0.000556395
0.000843858
0.00199751
0.00285918
0.00342974
0.00373588
0.00381312
0.00370667
0.00347224
0.00316479
0.00283005
0.00250205
0.00220508
0.00195595
0.0017668
0.00164421
0.00160917
-0.00291732
-0.00454805
-0.00613752
-0.00682869
-0.0065068
-0.00548972
-0.0041029
-0.00260841
-0.00118115
8.92858e-05
0.00116361
0.00201513
0.00262703
0.00300225
0.00318424
0.00320039
0.0030865
0.00288547
0.00263846
0.00238043
0.00213791
0.00193016
0.00177062
0.00166842
0.00163718
-0.0046506
-0.00569836
-0.00651242
-0.00663673
-0.00610679
-0.00514951
-0.00396778
-0.00271735
-0.00150557
-0.000403619
0.000554568
0.00135098
0.00196595
0.00239381
0.0026341
0.00273294
0.00271061
0.00259946
0.00243219
0.00223964
0.00204833
0.00187902
0.00174687
0.00166278
0.00163738
-0.0051732
-0.00584644
-0.0062379
-0.00609838
-0.00552661
-0.00468441
-0.00370205
-0.00267331
-0.00166269
-0.000718916
0.000123264
0.000845224
0.00143405
0.00187667
0.00216968
0.00232567
0.00236267
0.00231932
0.00221757
0.00208311
0.00193963
0.00180682
0.00170033
0.00163216
0.00161334
-0.00508572
-0.0055191
-0.00569465
-0.00546428
-0.00493586
-0.00422269
-0.00341137
-0.00256209
-0.00171658
-0.000908914
-0.000170791
0.000476321
0.00102304
0.0014566
0.00176971
0.00196642
0.00205941
0.00206055
0.00200741
0.00191962
0.00181709
0.00171727
0.00163505
0.00158198
0.00156935
-0.00474119
-0.00502355
-0.00509332
-0.00485432
-0.00439903
-0.00380572
-0.00313333
-0.00242409
-0.00170862
-0.00101312
-0.000363655
0.000216523
0.000715323
0.00112463
0.00143854
0.00165434
0.00177989
0.00182738
0.00181469
0.00175871
0.00168857
0.00161652
0.00155545
0.00151592
0.00150885
-0.00431546
-0.00450802
-0.00452962
-0.0043141
-0.00393308
-0.00344118
-0.00287935
-0.00227942
-0.00166641
-0.00106247
-0.000489389
3.13516e-05
0.000483731
0.000864741
0.00116803
0.00138977
0.00153376
0.00160895
0.00162881
0.00160876
0.00156185
0.00151032
0.00146662
0.00143872
0.0014359
-0.00389027
-0.00403335
-0.00403529
-0.00384994
-0.00353229
-0.00312217
-0.00264869
-0.00213661
-0.00160711
-0.00107947
-0.000572492
-0.000104837
0.000306821
0.000658851
0.000946212
0.00116617
0.00131949
0.00141236
0.00145464
0.00145896
0.00143848
0.00140551
0.00137319
0.00135458
0.0013551
-0.00349459
-0.00361833
-0.00361331
-0.00345125
-0.00318289
-0.00283832
-0.0024378
-0.00199993
-0.00154186
-0.00107995
-0.000630431
-0.000208987
0.000170105
0.000492903
0.00076237
0.00097648
0.00113336
0.00123727
0.00129541
0.00131767
0.00131534
0.00129961
0.00128004
0.00126708
0.00126995
-0.00312054
-0.00324431
-0.0032418
-0.00309759
-0.00287181
-0.00258394
-0.00224734
-0.001875
-0.00147988
-0.00107558
-0.000676373
-0.000296496
5.02475e-05
0.000351121
0.00060766
0.000814954
0.000972362
0.0010828
0.00115175
0.00118705
0.00119805
0.00119456
0.00118566
0.0011785
0.00118269
-0.00273951
-0.00288521
-0.00288496
-0.00277613
-0.002598
-0.00236432
-0.00208567
-0.00177102
-0.0014303
-0.00107512
-0.000718314
-0.000373021
-5.14899e-05
0.000236042
0.000476923
0.000675279
0.000830833
0.000944514
0.0010205
0.00106505
0.00108599
0.00109175
0.00109045
0.00108919
0.00109442
-0.00224582
-0.00244424
-0.00248518
-0.00242452
-0.00229337
-0.00210919
-0.00188258
-0.00162165
-0.00133494
-0.00103236
-0.000724861
-0.000423815
-0.000140159
0.000116239
0.000338589
0.000525339
0.000676189
0.000791831
0.000875179
0.000930794
0.000964523
0.000982816
0.000992052
0.000998022
0.0010062
-0.001989
-0.00211175
-0.00214958
-0.00210943
-0.00200818
-0.00185901
-0.00167127
-0.00145278
-0.00121153
-0.000956115
-0.000695696
-0.000439529
-0.000196438
2.57077e-05
0.00022231
0.000391664
0.000532819
0.000645865
0.000732543
0.000795873
0.000839856
0.000869003
0.000887893
0.000900795
0.000911946
-0.00179904
-0.0018705
-0.00189101
-0.00185678
-0.00177394
-0.00165029
-0.00149302
-0.00130903
-0.00110526
-0.000888983
-0.0006677
-0.000448882
-0.000239573
-4.601e-05
0.00012814
0.000281385
0.000412546
0.000521183
0.000608153
0.000675333
0.000725358
0.000761294
0.000786345
0.000803634
0.000816466
-0.00164711
-0.00168388
-0.00168768
-0.00165303
-0.00158103
-0.00147571
-0.00134219
-0.00118592
-0.00101266
-0.000828399
-0.000639251
-0.000451236
-0.000270007
-0.000100551
5.40751e-05
0.000192476
0.000313414
0.000416131
0.000500889
0.000568752
0.000621381
0.000660801
0.000689222
0.000708929
0.000722509
-0.00151914
-0.00153376
-0.00152481
-0.00148794
-0.00142257
-0.00133067
-0.00121564
-0.00108161
-0.000933149
-0.000775087
-0.000612369
-0.000449849
-0.000292077
-0.000143078
-5.4823e-06
0.000119364
0.000230252
0.000326265
0.00040727
0.000473761
0.000526704
0.00056738
0.000597286
0.000618109
0.000631869
-0.00140926
-0.00140953
-0.0013918
-0.00135301
-0.00129228
-0.00121056
-0.0011101
-0.00099395
-0.000865659
-0.000729077
-0.00058817
-0.000446849
-0.000308791
-0.000177266
-5.45688e-05
5.79999e-05
0.00015929
0.000248323
0.000324707
0.000388546
0.000440319
0.000480779
0.000510923
0.000532026
0.000545655
-0.00131436
-0.00130515
-0.00128163
-0.00124175
-0.00118472
-0.00111105
-0.00102227
-0.000920608
-0.000808816
-0.000689929
-0.000567117
-0.000443526
-0.000322137
-0.000205626
-9.59967e-05
5.50565e-06
9.77958e-05
0.000179884
0.000251225
0.000311661
0.000361334
0.000400629
0.000430204
0.000451077
0.000464427
-0.00123217
-0.00121665
-0.0011895
-0.00114934
-0.00109558
-0.00102854
-0.000949281
-0.000859492
-0.000761286
-0.000657056
-0.000549331
-0.000440646
-0.000333424
-0.000229865
-0.000131717
-4.01539e-05
4.3797e-05
0.00011917
0.000185335
0.000241965
0.000288976
0.000326502
0.000354998
0.000375438
0.000388631
-0.00116083
-0.00114117
-0.00111192
-0.00107213
-0.00102141
-0.000959984
-0.000888659
-0.000808712
-0.00072179
-0.000629782
-0.000534711
-0.000438624
-0.000343498
-0.000251156
-0.000163104
-8.04435e-05
-4.15001e-06
6.48528e-05
0.000125894
0.000178539
0.000222551
0.000257882
0.00028489
0.000304979
0.000319316
-0.00109881
-0.00107652
-0.00104622
-0.00100728
-0.00095944
-0.000902905
-0.000838297
-0.000766616
-0.000689156
-0.000607419
-0.00052303
-0.00043765
-0.000352901
-0.000270298
-0.000191132
-0.000116423
-4.71089e-05
1.59379e-05
7.20271e-05
0.00012064
0.000161402
0.00019403
0.000218655
0.000236973
0.000252287
-0.0010448
-0.00102096
-0.000990357
-0.000952582
-0.000907498
-0.000855287
-0.000796456
-0.0007318
-0.000662351
-0.000589316
-0.000514006
-0.000437776
-0.000361965
-0.000287836
-0.000216487
-0.000148864
-8.58632e-05
-2.83063e-05
2.31033e-05
6.77522e-05
0.000105081
0.000134469
0.00015501
0.000165266
0.000158786
-0.000997698
-0.000973062
-0.000942687
-0.000906303
-0.00086385
-0.000815509
-0.000761706
-0.000703089
-0.000640491
-0.000574886
-0.000507344
-0.000438977
-0.000370891
-0.000304135
-0.000239656
-0.000178333
-0.000120996
-6.84058e-05
-2.12514e-05
1.98166e-05
5.41896e-05
8.11471e-05
9.9675e-05
0.00010832
0.000104417
-0.000956578
-0.000931689
-0.0009019
-0.000867038
-0.000827099
-0.000782258
-0.000732884
-0.000679511
-0.000622825
-0.000563614
-0.000502758
-0.000441174
-0.000379776
-0.000319446
-0.000261018
-0.000205284
-0.000152987
-0.000104817
-6.14128e-05
-2.33925e-05
8.66536e-06
3.41772e-05
5.24363e-05
6.26748e-05
6.42796e-05
-0.000920674
-0.000895905
-0.000866939
-0.000833669
-0.000796121
-0.000754466
-0.000709025
-0.000660244
-0.000608688
-0.000555023
-0.000499957
-0.000444251
-0.000388673
-0.000333977
-0.000280889
-0.000230101
-0.000182265
-0.000137988
-9.78359e-05
-6.23398e-05
-3.1998e-05
-7.23791e-06
1.15579e-05
2.41204e-05
3.05342e-05
-0.000889339
-0.000864951
-0.000836954
-0.000805289
-0.000770004
-0.000731261
-0.000689335
-0.000644607
-0.00059755
-0.000548711
-0.00049869
-0.000448119
-0.000397646
-0.000347912
-0.00029954
-0.000253126
-0.000209232
-0.000168378
-0.000131041
-9.76507e-05
-6.85905e-05
-4.41665e-05
-2.45682e-05
-9.81698e-06
3.62236e-07
-0.000862018
-0.000838196
-0.000811258
-0.00078118
-0.000748024
-0.000711941
-0.000673172
-0.000632044
-0.000588956
-0.000544365
-0.000498777
-0.000452724
-0.00040675
-0.0003614
-0.000317204
-0.000274668
-0.000234269
-0.000196439
-0.000161567
-0.000129982
-0.000101955
-7.7677e-05
-5.72368e-05
-4.05739e-05
-2.74181e-05
-0.000838239
-0.000815109
-0.00078928
-0.000760753
-0.000729598
-0.000695955
-0.000660039
-0.00062213
-0.000582568
-0.00054174
-0.000500072
-0.000458014
-0.000416025
-0.000374565
-0.000334083
-0.000295004
-0.000257725
-0.000222599
-0.000189927
-0.000159951
-0.000132838
-0.000108681
-8.74825e-05
-6.91608e-05
-5.35321e-05
-0.000817593
-0.00079524
-0.000770543
-0.00074352
-0.000714244
-0.000682848
-0.000649521
-0.000614507
-0.000578097
-0.000540622
-0.000502442
-0.000463937
-0.000425496
-0.000387508
-0.00035035
-0.000314377
-0.000279913
-0.000247241
-0.000216587
-0.000188109
-0.000161886
-0.000137909
-0.000116092
-9.63113e-05
-7.84872e-05
-0.000799725
-0.000778203
-0.00075464
-0.000729067
-0.000701557
-0.000672235
-0.00064127
-0.000608874
-0.000575299
-0.000540828
-0.000505769
-0.000470443
-0.000435182
-0.000400312
-0.00036615
-0.000332991
-0.0003011
-0.000270697
-0.000241945
-0.000214933
-0.000189657
-0.000166003
-0.000143749
-0.000122642
-0.000102661
-0.000784325
-0.000763666
-0.000741226
-0.000717044
-0.000691195
-0.000663793
-0.000634989
-0.000604973
-0.000573961
-0.000542197
-0.000509946
-0.000477483
-0.000445087
-0.000413037
-0.000381597
-0.000351014
-0.000321502
-0.000293233
-0.000266323
-0.000240807
-0.000216615
-0.000193538
-0.000171164
-0.000148912
-0.000126603
-0.000771121
-0.000751338
-0.000730001
-0.000707151
-0.000682862
-0.000657242
-0.000630426
-0.000602581
-0.000573897
-0.000544587
-0.000514877
-0.000485005
-0.000455208
-0.000425724
-0.000396777
-0.000368571
-0.000341284
-0.000315051
-0.000289953
-0.000265995
-0.000243075
-0.000220928
-0.000198964
-0.000176068
-0.00015158
-0.00075987
-0.000740967
-0.000720704
-0.000699127
-0.000676307
-0.000652343
-0.00062736
-0.000601505
-0.000574947
-0.00054787
-0.000520472
-0.000492957
-0.000465532
-0.000438399
-0.000411749
-0.000385756
-0.000360567
-0.000336293
-0.000312991
-0.000290647
-0.000269157
-0.000248261
-0.000227242
-0.000204158
-0.000177858
-0.00075036
-0.00073233
-0.000713109
-0.000692745
-0.000671307
-0.000648888
-0.0006256
-0.000601576
-0.000576965
-0.00055193
-0.000526644
-0.000501287
-0.000476036
-0.000451068
-0.000426549
-0.000402629
-0.000379436
-0.000357063
-0.000335556
-0.000314891
-0.00029495
-0.000275459
-0.000255744
-0.000234104
-0.000208147
-0.000742399
-0.000725229
-0.000707015
-0.000687807
-0.00066767
-0.000646693
-0.000624976
-0.000602642
-0.000579822
-0.000556662
-0.000533314
-0.000509937
-0.000486689
-0.000463724
-0.00044119
-0.000419223
-0.00039794
-0.000377432
-0.000357759
-0.000338938
-0.000320938
-0.000303689
-0.000286988
-0.000270404
-0.000255256
-0.000735818
-0.000719489
-0.000702245
-0.000684136
-0.000665227
-0.000645597
-0.000625341
-0.000604569
-0.000583401
-0.000561967
-0.000540404
-0.000518852
-0.000497452
-0.000476345
-0.000455665
-0.000435538
-0.000416077
-0.000397384
-0.000379544
-0.000362629
-0.000346716
-0.000331916
-0.000318398
-0.000306499
-0.000297829
-0.000730465
-0.000714955
-0.000698643
-0.000681579
-0.000663826
-0.000645457
-0.000626561
-0.000607239
-0.000587598
-0.000567757
-0.000547839
-0.000527971
-0.000508282
-0.0004889
-0.000469948
-0.000451547
-0.000433811
-0.000416851
-0.000400776
-0.000385698
-0.00037176
-0.00035916
-0.000348182
-0.000339252
-0.000333313
-0.000726203
-0.000711486
-0.000696069
-0.000679998
-0.000663333
-0.000646146
-0.000628518
-0.000610541
-0.000592315
-0.000573947
-0.00055555
-0.000537239
-0.000519132
-0.000501347
-0.000484002
-0.000467211
-0.000451089
-0.000435753
-0.000421323
-0.000407937
-0.000395758
-0.000385003
-0.000375947
-0.000368933
-0.000364479
-0.000722909
-0.00070896
-0.000694397
-0.000679269
-0.000663631
-0.000647552
-0.000631107
-0.000614381
-0.000597467
-0.000580462
-0.00056347
-0.000546598
-0.000529954
-0.000513647
-0.000497789
-0.000482489
-0.000467861
-0.00045402
-0.000441093
-0.000429219
-0.000418564
-0.000409325
-0.000401739
-0.000396058
-0.000392578
-0.000720474
-0.000707264
-0.000693518
-0.000679283
-0.000664613
-0.000649572
-0.000634232
-0.00061867
-0.000602973
-0.000587231
-0.000571539
-0.000555996
-0.000540702
-0.00052576
-0.000511272
-0.000497345
-0.000484085
-0.000471606
-0.000460029
-0.000449489
-0.000440137
-0.000432143
-0.000425698
-0.000420985
-0.000418174
-0.000718798
-0.000706298
-0.000693331
-0.000679942
-0.000666185
-0.000652118
-0.000637808
-0.000623331
-0.000608763
-0.00059419
-0.0005797
-0.000565384
-0.000551335
-0.000537648
-0.000524419
-0.000511747
-0.000499733
-0.000488484
-0.000478112
-0.000468738
-0.000460497
-0.00045353
-0.000447986
-0.000444
-0.000441666
-0.000717793
-0.000705973
-0.000693748
-0.00068116
-0.000668262
-0.000655108
-0.000641762
-0.000628293
-0.000614774
-0.000601284
-0.000587905
-0.000574721
-0.000561817
-0.000549282
-0.000537205
-0.000525678
-0.000514792
-0.000504647
-0.000495343
-0.000486988
-0.000479696
-0.000473583
-0.000468766
-0.000465341
-0.000463364
-0.000717377
-0.000706208
-0.000694688
-0.000682859
-0.000670769
-0.000658471
-0.000646025
-0.000633495
-0.00062095
-0.000608463
-0.000596109
-0.000583967
-0.000572116
-0.000560637
-0.000549612
-0.000539124
-0.000529257
-0.0005201
-0.000511742
-0.000504277
-0.000497799
-0.000492405
-0.000488183
-0.000485206
-0.000483503
-0.000717479
-0.000706932
-0.000696082
-0.000684969
-0.000673639
-0.000662143
-0.000650537
-0.000638881
-0.00062724
-0.000615681
-0.000604274
-0.000593091
-0.000582206
-0.000571693
-0.000561626
-0.000552081
-0.000543133
-0.000534859
-0.000527339
-0.000520652
-0.000514878
-0.000510093
-0.000506367
-0.000503754
-0.000502269
-0.000718033
-0.000708079
-0.000697864
-0.000687427
-0.000676812
-0.000666068
-0.000655246
-0.000644404
-0.000633601
-0.0006229
-0.000612366
-0.000602066
-0.000592067
-0.000582436
-0.000573242
-0.00056455
-0.000556429
-0.000548946
-0.000542169
-0.000536166
-0.000531002
-0.000526739
-0.000523432
-0.00052112
-0.000519812
-0.000718981
-0.000709591
-0.000699978
-0.000690179
-0.000680236
-0.000670195
-0.000660105
-0.00065002
-0.000639994
-0.000630087
-0.000620359
-0.00061087
-0.000601683
-0.000592858
-0.000584456
-0.000576538
-0.000569162
-0.000562386
-0.000556269
-0.000550867
-0.000546236
-0.000542424
-0.000539475
-0.000537417
-0.000536255
-0.000720271
-0.000711417
-0.000702373
-0.000693175
-0.000683863
-0.000674481
-0.000665073
-0.000655692
-0.000646387
-0.000637214
-0.000628228
-0.000619485
-0.000611041
-0.000602952
-0.000595271
-0.000588053
-0.000581347
-0.000575205
-0.000569676
-0.000564806
-0.000560642
-0.000557223
-0.000554582
-0.000552741
-0.000551703
-0.000721855
-0.000713509
-0.000705004
-0.000696372
-0.000687652
-0.000678885
-0.000670115
-0.000661387
-0.000652751
-0.000644256
-0.000635954
-0.000627896
-0.000620133
-0.000612715
-0.000605691
-0.000599106
-0.000593005
-0.000587432
-0.000582426
-0.000578029
-0.000574277
-0.000571201
-0.000568828
-0.000567174
-0.000566241
-0.00072369
-0.000715827
-0.000707829
-0.00069973
-0.000691566
-0.000683375
-0.000675197
-0.000667078
-0.000659061
-0.000651193
-0.000643521
-0.000636092
-0.000628953
-0.000622149
-0.000615721
-0.00060971
-0.000604155
-0.000599093
-0.000594556
-0.000590579
-0.000587192
-0.000584418
-0.00058228
-0.000580789
-0.000579947
-0.000725739
-0.000718332
-0.000710813
-0.000703215
-0.000695572
-0.000687918
-0.000680294
-0.00067274
-0.000665297
-0.000658008
-0.000650917
-0.000644067
-0.000637499
-0.000631254
-0.000625369
-0.000619879
-0.000614818
-0.000610215
-0.000606099
-0.000602497
-0.000599433
-0.000596928
-0.000594996
-0.000593648
-0.000592886
-0.000727966
-0.00072099
-0.000713924
-0.000706797
-0.000699641
-0.00069249
-0.000685381
-0.000678352
-0.00067144
-0.000664687
-0.000658131
-0.000651812
-0.000645768
-0.000640034
-0.000634644
-0.000629627
-0.000625012
-0.000620823
-0.000617085
-0.000613819
-0.000611045
-0.000608777
-0.000607028
-0.000605806
-0.000605113
-0.000730341
-0.000723773
-0.000717132
-0.000710447
-0.000703748
-0.000697067
-0.000690438
-0.000683896
-0.000677477
-0.000671219
-0.000665156
-0.000659326
-0.000653761
-0.000648494
-0.000643555
-0.000638968
-0.000634757
-0.000630943
-0.000627545
-0.00062458
-0.000622064
-0.000620009
-0.000618423
-0.000617312
-0.000616681
-0.000732837
-0.000726653
-0.000720413
-0.000714142
-0.000707871
-0.000701628
-0.000695446
-0.000689357
-0.000683395
-0.000677593
-0.000671986
-0.000666604
-0.00066148
-0.00065664
-0.000652111
-0.000647915
-0.000644071
-0.000640596
-0.000637504
-0.000634811
-0.000632527
-0.000630662
-0.000629221
-0.000628209
-0.000627634
-0.000735427
-0.000729606
-0.000723743
-0.000717862
-0.00071199
-0.000706157
-0.00070039
-0.000694722
-0.000689183
-0.000683804
-0.000678615
-0.000673647
-0.000668926
-0.000664478
-0.000660324
-0.000656483
-0.000652972
-0.000649804
-0.00064699
-0.000644541
-0.000642466
-0.000640771
-0.000639461
-0.000638538
-0.000638011
-0.000738091
-0.000732612
-0.000727102
-0.000721586
-0.000716088
-0.000710636
-0.000705258
-0.00069998
-0.000694833
-0.000689844
-0.000685042
-0.000680454
-0.000676103
-0.000672013
-0.000668202
-0.000664686
-0.000661477
-0.000658587
-0.000656024
-0.000653796
-0.00065191
-0.000650369
-0.000649175
-0.000648332
-0.000647849
-0.000740808
-0.00073565
-0.000730473
-0.000725298
-0.000720151
-0.000715055
-0.000710036
-0.000705122
-0.000700337
-0.00069571
-0.000691264
-0.000687026
-0.000683015
-0.000679253
-0.000675755
-0.000672535
-0.000669602
-0.000666964
-0.000664629
-0.000662602
-0.000660885
-0.000659483
-0.000658394
-0.000657623
-0.000657179
-0.000743559
-0.000738704
-0.000733839
-0.000728985
-0.000724164
-0.0007194
-0.000714717
-0.000710139
-0.000705691
-0.000701397
-0.000697281
-0.000693364
-0.000689666
-0.000686205
-0.000682993
-0.000680043
-0.000677361
-0.000674954
-0.000672825
-0.000670979
-0.000669416
-0.000668139
-0.000667146
-0.00066644
-0.000666032
-0.00074633
-0.000741759
-0.000737186
-0.000732632
-0.000728117
-0.000723662
-0.000719291
-0.000715026
-0.00071089
-0.000706905
-0.000703092
-0.000699471
-0.000696061
-0.000692875
-0.000689926
-0.000687222
-0.000684769
-0.000682571
-0.000680631
-0.000678949
-0.000677526
-0.000676363
-0.000675456
-0.000674809
-0.000674433
-0.000749104
-0.000744801
-0.000740503
-0.000736229
-0.000731999
-0.000727833
-0.000723752
-0.000719777
-0.00071593
-0.00071223
-0.000708697
-0.00070535
-0.000702203
-0.00069927
-0.000696562
-0.000694083
-0.00069184
-0.000689833
-0.000688063
-0.000686531
-0.000685235
-0.000684175
-0.000683347
-0.000682753
-0.000682406
-0.00075187
-0.000747818
-0.000743777
-0.000739765
-0.000735801
-0.000731904
-0.000728093
-0.000724388
-0.000720808
-0.000717372
-0.000714098
-0.000711002
-0.000708098
-0.000705398
-0.000702909
-0.000700637
-0.000698585
-0.000696752
-0.000695138
-0.000693742
-0.000692562
-0.000691595
-0.000690838
-0.000690293
-0.000689973
-0.000754616
-0.000750799
-0.000746999
-0.000743232
-0.000739517
-0.00073587
-0.00073231
-0.000728855
-0.000725523
-0.000722331
-0.000719296
-0.000716431
-0.000713751
-0.000711264
-0.000708977
-0.000706894
-0.000705016
-0.000703342
-0.00070187
-0.000700598
-0.000699524
-0.000698642
-0.000697951
-0.00069745
-0.000697155
-0.000757332
-0.000753735
-0.00075016
-0.000746623
-0.000743138
-0.000739725
-0.000736398
-0.000733175
-0.000730072
-0.000727106
-0.000724291
-0.000721641
-0.000719166
-0.000716874
-0.000714773
-0.000712863
-0.000711144
-0.000709616
-0.000708274
-0.000707115
-0.000706136
-0.000705333
-0.000704701
-0.000704241
-0.000703969
-0.000760007
-0.000756618
-0.000753253
-0.000749929
-0.000746661
-0.000743464
-0.000740354
-0.000737346
-0.000734456
-0.000731698
-0.000729087
-0.000726633
-0.000724347
-0.000722236
-0.000720304
-0.000718552
-0.00071698
-0.000715584
-0.000714361
-0.000713306
-0.000712415
-0.000711683
-0.000711105
-0.000710683
-0.000710433
-0.000762634
-0.000759438
-0.000756271
-0.000753146
-0.000750079
-0.000747084
-0.000744175
-0.000741366
-0.000738673
-0.000736108
-0.000733684
-0.000731412
-0.0007293
-0.000727354
-0.000725578
-0.000723972
-0.000722534
-0.000721259
-0.000720145
-0.000719184
-0.000718373
-0.000717706
-0.000717178
-0.00071679
-0.000716561
-0.000765206
-0.000762191
-0.000759207
-0.000756269
-0.000753389
-0.000750581
-0.000747858
-0.000745235
-0.000742724
-0.000740337
-0.000738086
-0.000735981
-0.000734029
-0.000732236
-0.000730603
-0.00072913
-0.000727814
-0.000726651
-0.000725635
-0.000724761
-0.000724023
-0.000723416
-0.000722933
-0.000722576
-0.000722369
-0.000767715
-0.000764869
-0.000762057
-0.000759292
-0.000756586
-0.000753952
-0.000751403
-0.000748951
-0.000746608
-0.000744386
-0.000742295
-0.000740344
-0.00073854
-0.000736885
-0.000735384
-0.000734032
-0.000732829
-0.000731767
-0.000730842
-0.000730047
-0.000729376
-0.000728824
-0.000728384
-0.000728056
-0.000727866
-0.000770155
-0.000767467
-0.000764816
-0.000762212
-0.000759668
-0.000757196
-0.000754808
-0.000752514
-0.000750327
-0.000748257
-0.000746314
-0.000744504
-0.000742835
-0.000741309
-0.000739927
-0.000738687
-0.000737586
-0.000736618
-0.000735775
-0.000735053
-0.000734443
-0.000733941
-0.00073354
-0.000733241
-0.000733065
-0.000772522
-0.000769982
-0.000767479
-0.000765026
-0.000762633
-0.00076031
-0.000758071
-0.000755924
-0.000753881
-0.000751951
-0.000750143
-0.000748464
-0.000746919
-0.00074551
-0.000744238
-0.000743101
-0.000742093
-0.00074121
-0.000740443
-0.000739787
-0.000739234
-0.000738778
-0.000738413
-0.000738141
-0.000737979
-0.000774811
-0.000772408
-0.000770044
-0.00076773
-0.000765477
-0.000763294
-0.000761192
-0.000759181
-0.00075727
-0.00075547
-0.000753786
-0.000752226
-0.000750795
-0.000749494
-0.000748323
-0.000747278
-0.000746357
-0.00074555
-0.000744853
-0.000744257
-0.000743756
-0.000743343
-0.000743012
-0.000742764
-0.000742617
-0.000777017
-0.000774742
-0.000772507
-0.000770323
-0.000768199
-0.000766145
-0.00076417
-0.000762284
-0.000760496
-0.000758814
-0.000757245
-0.000755795
-0.000754467
-0.000753264
-0.000752185
-0.000751226
-0.000750382
-0.000749646
-0.000749012
-0.000748471
-0.000748018
-0.000747644
-0.000747345
-0.000747121
-0.000746988
-0.000779136
-0.000776981
-0.000774866
-0.000772802
-0.000770798
-0.000768863
-0.000767005
-0.000765235
-0.000763559
-0.000761985
-0.000760521
-0.000759171
-0.000757939
-0.000756825
-0.000755829
-0.000754948
-0.000754175
-0.000753503
-0.000752926
-0.000752436
-0.000752026
-0.000751689
-0.000751419
-0.000751218
-0.000751101
-0.000781167
-0.000779122
-0.000777118
-0.000775166
-0.000773272
-0.000771447
-0.000769697
-0.000768032
-0.00076646
-0.000764986
-0.000763618
-0.000762359
-0.000761213
-0.000760181
-0.000759261
-0.000758449
-0.00075774
-0.000757127
-0.000756602
-0.000756158
-0.000755788
-0.000755485
-0.000755243
-0.000755064
-0.000754962
-0.000783105
-0.000781162
-0.000779262
-0.000777412
-0.000775621
-0.000773896
-0.000772246
-0.000770678
-0.0007692
-0.000767817
-0.000766536
-0.00076536
-0.000764293
-0.000763334
-0.000762482
-0.000761734
-0.000761082
-0.000760521
-0.000760044
-0.000759642
-0.000759308
-0.000759037
-0.000758821
-0.000758664
-0.000758577
-0.000784949
-0.000783101
-0.000781296
-0.000779541
-0.000777843
-0.000776211
-0.000774652
-0.000773173
-0.00077178
-0.000770481
-0.000769278
-0.000768178
-0.000767181
-0.000766288
-0.000765498
-0.000764805
-0.000764206
-0.000763692
-0.000763256
-0.000762892
-0.000762592
-0.000762349
-0.000762159
-0.000762024
-0.000761954
-0.000786696
-0.000784936
-0.000783218
-0.00078155
-0.000779939
-0.000778392
-0.000776916
-0.000775517
-0.000774203
-0.000772978
-0.000771847
-0.000770814
-0.00076988
-0.000769046
-0.00076831
-0.000767668
-0.000767113
-0.000766641
-0.000766242
-0.000765912
-0.000765642
-0.000765427
-0.000765261
-0.000765148
-0.000765096
-0.000788345
-0.000786665
-0.000785028
-0.00078344
-0.000781907
-0.000780438
-0.000779037
-0.000777712
-0.000776468
-0.000775311
-0.000774244
-0.000773271
-0.000772393
-0.000771611
-0.000770923
-0.000770324
-0.000769809
-0.000769372
-0.000769006
-0.000768705
-0.000768462
-0.000768272
-0.00076813
-0.00076804
-0.000768007
-0.000789894
-0.000788288
-0.000786725
-0.00078521
-0.000783749
-0.00078235
-0.000781018
-0.000779759
-0.000778579
-0.000777481
-0.000776471
-0.000775551
-0.000774723
-0.000773986
-0.000773338
-0.000772776
-0.000772295
-0.000771888
-0.000771549
-0.000771273
-0.000771054
-0.000770887
-0.000770768
-0.000770703
-0.00077069
-0.000791343
-0.000789805
-0.000788309
-0.00078686
-0.000785465
-0.000784129
-0.000782859
-0.000781659
-0.000780536
-0.000779492
-0.000778532
-0.000777658
-0.000776872
-0.000776173
-0.000775559
-0.000775028
-0.000774573
-0.00077419
-0.000773873
-0.000773618
-0.000773419
-0.000773272
-0.000773176
-0.000773136
-0.000773148
-0.00079269
-0.000791214
-0.000789779
-0.00078839
-0.000787054
-0.000785776
-0.000784561
-0.000783414
-0.000782341
-0.000781344
-0.000780427
-0.000779593
-0.000778842
-0.000778175
-0.000777589
-0.000777081
-0.000776647
-0.000776281
-0.000775979
-0.000775739
-0.000775555
-0.000775426
-0.000775351
-0.000775339
-0.00077538
-0.000793936
-0.000792516
-0.000791136
-0.000789802
-0.000788518
-0.000787292
-0.000786126
-0.000785026
-0.000783996
-0.00078304
-0.000782161
-0.00078136
-0.000780638
-0.000779996
-0.000779431
-0.000778939
-0.000778517
-0.000778161
-0.000777868
-0.000777635
-0.000777461
-0.000777346
-0.000777292
-0.00077731
-0.000777384
-0.000795079
-0.00079371
-0.00079238
-0.000791094
-0.000789858
-0.000788677
-0.000787555
-0.000786496
-0.000785504
-0.000784583
-0.000783735
-0.000782961
-0.000782263
-0.000781639
-0.000781087
-0.000780604
-0.000780187
-0.000779833
-0.000779539
-0.000779305
-0.000779133
-0.000779026
-0.000778989
-0.000779041
-0.000779155
-0.000796121
-0.000794797
-0.000793511
-0.000792269
-0.000791075
-0.000789934
-0.00078885
-0.000787827
-0.000786868
-0.000785976
-0.000785154
-0.000784401
-0.00078372
-0.000783107
-0.000782562
-0.000782081
-0.00078166
-0.000781297
-0.000780992
-0.000780747
-0.000780566
-0.000780456
-0.000780433
-0.000780521
-0.000780683
-0.000797061
-0.000795777
-0.00079453
-0.000793326
-0.000792169
-0.000791063
-0.000790012
-0.00078902
-0.000788089
-0.000787222
-0.00078642
-0.000785684
-0.000785014
-0.000784407
-0.000783861
-0.000783373
-0.000782939
-0.000782557
-0.000782227
-0.000781956
-0.00078175
-0.000781625
-0.000781605
-0.00078173
-0.00078195
-0.000797899
-0.00079665
-0.000795438
-0.000794267
-0.000793142
-0.000792067
-0.000791045
-0.000790079
-0.000789171
-0.000788324
-0.000787539
-0.000786814
-0.00078615
-0.000785543
-0.00078499
-0.000784487
-0.000784029
-0.000783616
-0.000783247
-0.000782929
-0.000782677
-0.000782513
-0.000782478
-0.000782637
-0.000782923
-0.000798636
-0.000797418
-0.000796235
-0.000795094
-0.000793996
-0.000792947
-0.00079195
-0.000791006
-0.000790118
-0.000789287
-0.000788513
-0.000787796
-0.000787134
-0.000786522
-0.000785957
-0.000785431
-0.00078494
-0.000784481
-0.000784054
-0.000783667
-0.000783338
-0.000783099
-0.000783014
-0.000783189
-0.000783542
-0.000799273
-0.000798081
-0.000796923
-0.000795806
-0.000794733
-0.000793706
-0.000792729
-0.000791804
-0.000790932
-0.000790114
-0.00078935
-0.000788638
-0.000787974
-0.000787354
-0.000786771
-0.000786217
-0.000785685
-0.000785166
-0.00078466
-0.000784173
-0.000783723
-0.000783353
-0.000783157
-0.0007833
-0.000783692
-0.00079981
-0.000798639
-0.000797503
-0.000796407
-0.000795353
-0.000794344
-0.000793384
-0.000792475
-0.000791616
-0.000790809
-0.000790052
-0.000789343
-0.000788677
-0.000788047
-0.000787445
-0.00078686
-0.000786279
-0.00078569
-0.000785085
-0.000784462
-0.000783836
-0.000783252
-0.000782837
-0.00078284
-0.000783171
-0.000800248
-0.000799095
-0.000797976
-0.000796895
-0.000795857
-0.000794864
-0.000793919
-0.000793022
-0.000792175
-0.000791377
-0.000790626
-0.00078992
-0.000789251
-0.000788613
-0.000787992
-0.000787376
-0.000786745
-0.00078608
-0.00078536
-0.00078457
-0.000783701
-0.000782789
-0.000781979
-0.000781612
-0.000781625
-0.000800589
-0.000799449
-0.000798343
-0.000797275
-0.00079625
-0.000795269
-0.000794335
-0.000793449
-0.000792611
-0.000791822
-0.000791078
-0.000790375
-0.000789707
-0.000789063
-0.000788431
-0.000787791
-0.000787119
-0.000786384
-0.000785548
-0.00078457
-0.000783405
-0.00078203
-0.000780529
-0.000779203
-0.000778128
-0.000800839
-0.000799707
-0.000798611
-0.000797553
-0.000796537
-0.000795565
-0.000794641
-0.000793764
-0.000792935
-0.000792154
-0.000791418
-0.000790722
-0.000790059
-0.000789419
-0.000788786
-0.000788139
-0.000787448
-0.000786673
-0.000785756
-0.000784615
-0.000783139
-0.000781193
-0.000778558
-0.000774697
-0.00076949
-0.000801001
-0.000799875
-0.000798783
-0.000797731
-0.000796722
-0.000795757
-0.000794838
-0.000793969
-0.000793147
-0.000792374
-0.000791645
-0.000790958
-0.000790304
-0.000789674
-0.00078905
-0.000788411
-0.000787726
-0.000786946
-0.000785999
-0.000784765
-0.000783052
-0.000780573
-0.000776604
-0.000768324
-0.000751897
0.00010541
7.59947e-05
6.08271e-05
5.18443e-05
4.67414e-05
4.42692e-05
4.35519e-05
4.4029e-05
4.53319e-05
4.71999e-05
4.94402e-05
5.19081e-05
5.44946e-05
5.71176e-05
5.97165e-05
6.22467e-05
6.46744e-05
6.69775e-05
6.91409e-05
7.11552e-05
7.30152e-05
7.47189e-05
7.62667e-05
7.76607e-05
7.89045e-05
8.00027e-05
8.09603e-05
8.17828e-05
8.24758e-05
8.30451e-05
8.34967e-05
8.38365e-05
8.40703e-05
8.42039e-05
8.42428e-05
8.41924e-05
8.40581e-05
8.38448e-05
8.35575e-05
8.32008e-05
8.27792e-05
8.2297e-05
8.17582e-05
8.11667e-05
8.05262e-05
7.98402e-05
7.9112e-05
7.83447e-05
7.75414e-05
7.67048e-05
7.58376e-05
7.49421e-05
7.40209e-05
7.30761e-05
7.21097e-05
7.11237e-05
7.01199e-05
6.91e-05
6.80655e-05
6.7018e-05
6.59589e-05
6.48893e-05
6.38105e-05
6.27236e-05
6.16296e-05
6.05294e-05
5.9424e-05
5.83141e-05
5.72005e-05
5.60839e-05
5.49648e-05
5.38439e-05
5.27216e-05
5.15984e-05
5.04748e-05
4.93512e-05
4.82278e-05
4.7105e-05
4.59832e-05
4.48624e-05
4.3743e-05
4.26251e-05
4.15089e-05
4.03945e-05
3.92821e-05
3.81717e-05
3.70634e-05
3.59573e-05
3.48534e-05
3.37517e-05
3.26524e-05
3.15553e-05
3.04605e-05
2.93679e-05
2.82776e-05
2.71894e-05
2.61034e-05
2.50194e-05
2.39375e-05
2.28576e-05
2.17795e-05
2.07033e-05
1.96289e-05
1.85561e-05
1.74849e-05
1.64152e-05
1.53469e-05
1.428e-05
1.32142e-05
1.21497e-05
1.10861e-05
1.00236e-05
8.96191e-06
7.90109e-06
6.8411e-06
5.78208e-06
4.7238e-06
3.65557e-06
2.58235e-06
9.98365e-07
8.32654e-05
6.55327e-05
5.44743e-05
4.7696e-05
4.38591e-05
4.21537e-05
4.19563e-05
4.28133e-05
4.44032e-05
4.64913e-05
4.89015e-05
5.15008e-05
5.41887e-05
5.68901e-05
5.95487e-05
6.21236e-05
6.45864e-05
6.69169e-05
6.91014e-05
7.11321e-05
7.30047e-05
7.47181e-05
7.62734e-05
7.76733e-05
7.89216e-05
8.00228e-05
8.09825e-05
8.1806e-05
8.24994e-05
8.30688e-05
8.35201e-05
8.38594e-05
8.40925e-05
8.42252e-05
8.42632e-05
8.42119e-05
8.40766e-05
8.38623e-05
8.3574e-05
8.32163e-05
8.27938e-05
8.23106e-05
8.17709e-05
8.11786e-05
8.05372e-05
7.98505e-05
7.91215e-05
7.83536e-05
7.75496e-05
7.67124e-05
7.58445e-05
7.49486e-05
7.40268e-05
7.30815e-05
7.21146e-05
7.11282e-05
7.0124e-05
6.91037e-05
6.80689e-05
6.7021e-05
6.59615e-05
6.48917e-05
6.38126e-05
6.27254e-05
6.16312e-05
6.05309e-05
5.94253e-05
5.83152e-05
5.72014e-05
5.60846e-05
5.49654e-05
5.38443e-05
5.27219e-05
5.15987e-05
5.0475e-05
4.93513e-05
4.82278e-05
4.7105e-05
4.59831e-05
4.48623e-05
4.37428e-05
4.26248e-05
4.15086e-05
4.03942e-05
3.92817e-05
3.81713e-05
3.7063e-05
3.59569e-05
3.4853e-05
3.37513e-05
3.2652e-05
3.15549e-05
3.046e-05
2.93675e-05
2.82771e-05
2.7189e-05
2.61029e-05
2.5019e-05
2.39371e-05
2.28572e-05
2.17792e-05
2.0703e-05
1.96286e-05
1.85558e-05
1.74846e-05
1.64149e-05
1.53467e-05
1.42797e-05
1.3214e-05
1.21494e-05
1.10859e-05
1.00234e-05
8.96167e-06
7.90079e-06
6.84071e-06
5.78159e-06
4.72358e-06
3.65558e-06
2.58006e-06
9.95368e-07
5.75172e-05
4.95903e-05
4.37701e-05
4.0138e-05
3.83403e-05
3.80189e-05
3.88091e-05
4.03989e-05
4.25448e-05
4.50594e-05
4.77987e-05
5.06525e-05
5.35376e-05
5.63917e-05
5.91689e-05
6.1836e-05
6.43701e-05
6.67557e-05
6.8983e-05
7.10468e-05
7.29449e-05
7.46779e-05
7.62482e-05
7.76595e-05
7.89163e-05
8.00239e-05
8.09882e-05
8.18152e-05
8.25112e-05
8.30822e-05
8.35345e-05
8.38744e-05
8.41077e-05
8.42403e-05
8.4278e-05
8.42263e-05
8.40905e-05
8.38756e-05
8.35867e-05
8.32284e-05
8.28051e-05
8.23213e-05
8.17809e-05
8.11879e-05
8.0546e-05
7.98586e-05
7.91291e-05
7.83606e-05
7.75561e-05
7.67184e-05
7.585e-05
7.49536e-05
7.40315e-05
7.30858e-05
7.21185e-05
7.11317e-05
7.01272e-05
6.91066e-05
6.80715e-05
6.70234e-05
6.59637e-05
6.48935e-05
6.38143e-05
6.27269e-05
6.16325e-05
6.0532e-05
5.94262e-05
5.8316e-05
5.72021e-05
5.60852e-05
5.49658e-05
5.38447e-05
5.27222e-05
5.15989e-05
5.04751e-05
4.93513e-05
4.82278e-05
4.71049e-05
4.59829e-05
4.48621e-05
4.37426e-05
4.26246e-05
4.15083e-05
4.03939e-05
3.92814e-05
3.8171e-05
3.70627e-05
3.59565e-05
3.48526e-05
3.3751e-05
3.26516e-05
3.15545e-05
3.04597e-05
2.93671e-05
2.82768e-05
2.71886e-05
2.61026e-05
2.50187e-05
2.39368e-05
2.28569e-05
2.17789e-05
2.07027e-05
1.96283e-05
1.85555e-05
1.74844e-05
1.64147e-05
1.53465e-05
1.42795e-05
1.32138e-05
1.21493e-05
1.10857e-05
1.00232e-05
8.96141e-06
7.90044e-06
6.84021e-06
5.78086e-06
4.72251e-06
3.65407e-06
2.57309e-06
9.89826e-07
3.16827e-05
3.07696e-05
2.9929e-05
2.9807e-05
3.05398e-05
3.20659e-05
3.42299e-05
3.68606e-05
3.98046e-05
4.29349e-05
4.61508e-05
4.93743e-05
5.25463e-05
5.56232e-05
5.85734e-05
6.13751e-05
6.40137e-05
6.64804e-05
6.87709e-05
7.08838e-05
7.28202e-05
7.45829e-05
7.61763e-05
7.76055e-05
7.88761e-05
7.99946e-05
8.09672e-05
8.18006e-05
8.25014e-05
8.30762e-05
8.35313e-05
8.38733e-05
8.41081e-05
8.42419e-05
8.42805e-05
8.42293e-05
8.40938e-05
8.38792e-05
8.35903e-05
8.3232e-05
8.28088e-05
8.23248e-05
8.17843e-05
8.11912e-05
8.05491e-05
7.98616e-05
7.91319e-05
7.83632e-05
7.75585e-05
7.67206e-05
7.58522e-05
7.49556e-05
7.40333e-05
7.30874e-05
7.21201e-05
7.11332e-05
7.01285e-05
6.91078e-05
6.80726e-05
6.70244e-05
6.59646e-05
6.48944e-05
6.3815e-05
6.27276e-05
6.16331e-05
6.05325e-05
5.94267e-05
5.83164e-05
5.72025e-05
5.60855e-05
5.49661e-05
5.38449e-05
5.27224e-05
5.1599e-05
5.04752e-05
4.93514e-05
4.82279e-05
4.7105e-05
4.5983e-05
4.48621e-05
4.37426e-05
4.26246e-05
4.15083e-05
4.03939e-05
3.92814e-05
3.81709e-05
3.70626e-05
3.59565e-05
3.48526e-05
3.37509e-05
3.26516e-05
3.15545e-05
3.04597e-05
2.93671e-05
2.82767e-05
2.71886e-05
2.61026e-05
2.50186e-05
2.39368e-05
2.28569e-05
2.17789e-05
2.07027e-05
1.96283e-05
1.85555e-05
1.74844e-05
1.64147e-05
1.53465e-05
1.42795e-05
1.32138e-05
1.21492e-05
1.10857e-05
1.00231e-05
8.96124e-06
7.90014e-06
6.83969e-06
5.77998e-06
4.72099e-06
3.65155e-06
2.56818e-06
9.86831e-07
6.73298e-06
1.0985e-05
1.44445e-05
1.77556e-05
2.11827e-05
2.47936e-05
2.85688e-05
3.24512e-05
3.63694e-05
4.02581e-05
4.40641e-05
4.77466e-05
5.12756e-05
5.46302e-05
5.77964e-05
6.07662e-05
6.35356e-05
6.61042e-05
6.84745e-05
7.06497e-05
7.26347e-05
7.44355e-05
7.60588e-05
7.75114e-05
7.88006e-05
7.99336e-05
8.09178e-05
8.17603e-05
8.24683e-05
8.30488e-05
8.35086e-05
8.38542e-05
8.40921e-05
8.42283e-05
8.42687e-05
8.42191e-05
8.4085e-05
8.38714e-05
8.35835e-05
8.3226e-05
8.28033e-05
8.232e-05
8.178e-05
8.11873e-05
8.05456e-05
7.98583e-05
7.9129e-05
7.83606e-05
7.75562e-05
7.67185e-05
7.58502e-05
7.49539e-05
7.40317e-05
7.3086e-05
7.21188e-05
7.11321e-05
7.01275e-05
6.91069e-05
6.80719e-05
6.70238e-05
6.5964e-05
6.48939e-05
6.38146e-05
6.27273e-05
6.16329e-05
6.05324e-05
5.94266e-05
5.83164e-05
5.72025e-05
5.60855e-05
5.49662e-05
5.3845e-05
5.27226e-05
5.15992e-05
5.04755e-05
4.93517e-05
4.82282e-05
4.71053e-05
4.59833e-05
4.48624e-05
4.37429e-05
4.26249e-05
4.15087e-05
4.03942e-05
3.92817e-05
3.81713e-05
3.7063e-05
3.59568e-05
3.48529e-05
3.37513e-05
3.26519e-05
3.15548e-05
3.046e-05
2.93674e-05
2.8277e-05
2.71889e-05
2.61029e-05
2.50189e-05
2.3937e-05
2.28571e-05
2.17791e-05
2.07029e-05
1.96285e-05
1.85557e-05
1.74846e-05
1.64149e-05
1.53467e-05
1.42797e-05
1.3214e-05
1.21494e-05
1.10858e-05
1.00231e-05
8.96122e-06
7.89999e-06
6.83934e-06
5.77929e-06
4.71973e-06
3.64943e-06
2.56492e-06
9.85106e-07
-1.72014e-05
-8.91854e-06
-1.73987e-06
4.80705e-06
1.0935e-05
1.67202e-05
2.22242e-05
2.74776e-05
3.24768e-05
3.7213e-05
4.16811e-05
4.58797e-05
4.98108e-05
5.34784e-05
5.68884e-05
6.00482e-05
6.2966e-05
6.56502e-05
6.81114e-05
7.03577e-05
7.23985e-05
7.42434e-05
7.59014e-05
7.73817e-05
7.86928e-05
7.98433e-05
8.08415e-05
8.16954e-05
8.24126e-05
8.30007e-05
8.34666e-05
8.38173e-05
8.40594e-05
8.41991e-05
8.42426e-05
8.41956e-05
8.40637e-05
8.38521e-05
8.35659e-05
8.32098e-05
8.27886e-05
8.23065e-05
8.17676e-05
8.11759e-05
8.05351e-05
7.98488e-05
7.91202e-05
7.83525e-05
7.75488e-05
7.67118e-05
7.58441e-05
7.49483e-05
7.40267e-05
7.30815e-05
7.21147e-05
7.11284e-05
7.01242e-05
6.9104e-05
6.80692e-05
6.70215e-05
6.5962e-05
6.48922e-05
6.38131e-05
6.2726e-05
6.16318e-05
6.05315e-05
5.94259e-05
5.83159e-05
5.72021e-05
5.60853e-05
5.49661e-05
5.3845e-05
5.27227e-05
5.15994e-05
5.04757e-05
4.9352e-05
4.82286e-05
4.71057e-05
4.59838e-05
4.4863e-05
4.37435e-05
4.26256e-05
4.15093e-05
4.03949e-05
3.92824e-05
3.8172e-05
3.70637e-05
3.59575e-05
3.48536e-05
3.3752e-05
3.26526e-05
3.15555e-05
3.04607e-05
2.93681e-05
2.82777e-05
2.71895e-05
2.61035e-05
2.50195e-05
2.39376e-05
2.28577e-05
2.17797e-05
2.07035e-05
1.9629e-05
1.85562e-05
1.7485e-05
1.64154e-05
1.53471e-05
1.42801e-05
1.32143e-05
1.21497e-05
1.10861e-05
1.00233e-05
8.96138e-06
7.90007e-06
6.83927e-06
5.77902e-06
4.71915e-06
3.64817e-06
2.56334e-06
9.845e-07
-4.02403e-05
-2.85598e-05
-1.80146e-05
-8.39462e-06
3.6808e-07
8.33067e-06
1.56091e-05
2.22799e-05
2.83979e-05
3.40122e-05
3.91671e-05
4.39021e-05
4.82514e-05
5.22451e-05
5.59096e-05
5.92682e-05
6.23414e-05
6.51478e-05
6.77041e-05
7.00255e-05
7.21257e-05
7.40176e-05
7.57131e-05
7.72232e-05
7.85584e-05
7.97283e-05
8.07422e-05
8.1609e-05
8.23368e-05
8.29336e-05
8.34069e-05
8.37638e-05
8.40112e-05
8.41555e-05
8.42029e-05
8.41594e-05
8.40305e-05
8.38217e-05
8.35379e-05
8.31841e-05
8.27649e-05
8.22846e-05
8.17475e-05
8.11573e-05
8.0518e-05
7.9833e-05
7.91057e-05
7.83393e-05
7.75366e-05
7.67006e-05
7.58339e-05
7.4939e-05
7.40182e-05
7.30738e-05
7.21078e-05
7.11221e-05
7.01186e-05
6.9099e-05
6.80648e-05
6.70175e-05
6.59585e-05
6.48891e-05
6.38105e-05
6.27238e-05
6.16299e-05
6.05299e-05
5.94246e-05
5.83149e-05
5.72013e-05
5.60848e-05
5.49658e-05
5.38449e-05
5.27227e-05
5.15996e-05
5.0476e-05
4.93524e-05
4.82291e-05
4.71064e-05
4.59845e-05
4.48638e-05
4.37444e-05
4.26265e-05
4.15103e-05
4.03959e-05
3.92834e-05
3.8173e-05
3.70647e-05
3.59586e-05
3.48547e-05
3.3753e-05
3.26537e-05
3.15566e-05
3.04617e-05
2.93691e-05
2.82787e-05
2.71905e-05
2.61045e-05
2.50205e-05
2.39385e-05
2.28586e-05
2.17805e-05
2.07043e-05
1.96298e-05
1.8557e-05
1.74858e-05
1.6416e-05
1.53477e-05
1.42807e-05
1.32149e-05
1.21502e-05
1.10865e-05
1.00238e-05
8.96176e-06
7.9004e-06
6.83956e-06
5.77925e-06
4.71934e-06
3.6483e-06
2.56341e-06
9.84524e-07
-6.25383e-05
-4.7722e-05
-3.39159e-05
-2.1308e-05
-9.97714e-06
1.33567e-07
9.1518e-06
1.72045e-05
2.441e-05
3.08763e-05
3.6697e-05
4.19513e-05
4.67057e-05
5.10154e-05
5.49268e-05
5.84785e-05
6.17033e-05
6.46292e-05
6.72786e-05
6.96739e-05
7.18329e-05
7.37717e-05
7.55047e-05
7.70451e-05
7.84047e-05
7.95946e-05
8.0625e-05
8.15054e-05
8.22446e-05
8.28509e-05
8.33324e-05
8.36963e-05
8.39497e-05
8.40993e-05
8.41514e-05
8.4112e-05
8.39869e-05
8.37814e-05
8.35007e-05
8.31498e-05
8.27331e-05
8.22553e-05
8.17203e-05
8.11323e-05
8.04949e-05
7.98117e-05
7.90861e-05
7.83212e-05
7.752e-05
7.66854e-05
7.582e-05
7.49263e-05
7.40067e-05
7.30633e-05
7.20983e-05
7.11135e-05
7.01109e-05
6.90921e-05
6.80586e-05
6.7012e-05
6.59537e-05
6.48849e-05
6.38069e-05
6.27206e-05
6.16273e-05
6.05277e-05
5.94228e-05
5.83134e-05
5.72002e-05
5.6084e-05
5.49652e-05
5.38446e-05
5.27226e-05
5.15997e-05
5.04764e-05
4.9353e-05
4.82298e-05
4.71072e-05
4.59854e-05
4.48648e-05
4.37455e-05
4.26276e-05
4.15115e-05
4.03972e-05
3.92848e-05
3.81744e-05
3.70661e-05
3.596e-05
3.48561e-05
3.37544e-05
3.2655e-05
3.15579e-05
3.04631e-05
2.93704e-05
2.828e-05
2.71918e-05
2.61057e-05
2.50217e-05
2.39397e-05
2.28597e-05
2.17816e-05
2.07053e-05
1.96308e-05
1.85579e-05
1.74867e-05
1.64169e-05
1.53485e-05
1.42814e-05
1.32156e-05
1.21509e-05
1.10872e-05
1.00244e-05
8.96233e-06
7.90097e-06
6.84018e-06
5.77998e-06
4.72027e-06
3.64982e-06
2.56514e-06
9.85177e-07
-8.42369e-05
-6.61994e-05
-4.89834e-05
-3.33425e-05
-1.95e-05
-7.35937e-06
3.27024e-06
1.2588e-05
2.07816e-05
2.80177e-05
3.44378e-05
4.01589e-05
4.52771e-05
4.98708e-05
5.40043e-05
5.77302e-05
6.10918e-05
6.41255e-05
6.68609e-05
6.93242e-05
7.15376e-05
7.352e-05
7.52882e-05
7.68572e-05
7.82403e-05
7.94495e-05
8.0496e-05
8.13899e-05
8.21405e-05
8.27566e-05
8.32465e-05
8.36177e-05
8.38776e-05
8.4033e-05
8.40902e-05
8.40555e-05
8.39346e-05
8.3733e-05
8.34559e-05
8.31082e-05
8.26946e-05
8.22195e-05
8.16872e-05
8.11017e-05
8.04666e-05
7.97856e-05
7.9062e-05
7.8299e-05
7.74996e-05
7.66667e-05
7.58029e-05
7.49106e-05
7.39924e-05
7.30503e-05
7.20865e-05
7.11029e-05
7.01013e-05
6.90834e-05
6.80509e-05
6.70052e-05
6.59477e-05
6.48796e-05
6.38022e-05
6.27166e-05
6.16238e-05
6.05248e-05
5.94204e-05
5.83114e-05
5.71987e-05
5.60828e-05
5.49644e-05
5.38441e-05
5.27224e-05
5.15998e-05
5.04767e-05
4.93534e-05
4.82305e-05
4.7108e-05
4.59864e-05
4.48659e-05
4.37467e-05
4.2629e-05
4.15129e-05
4.03986e-05
3.92863e-05
3.81759e-05
3.70677e-05
3.59616e-05
3.48577e-05
3.37561e-05
3.26567e-05
3.15595e-05
3.04646e-05
2.9372e-05
2.82816e-05
2.71933e-05
2.61072e-05
2.50231e-05
2.39411e-05
2.2861e-05
2.17829e-05
2.07066e-05
1.9632e-05
1.85591e-05
1.74877e-05
1.64179e-05
1.53495e-05
1.42823e-05
1.32164e-05
1.21517e-05
1.10879e-05
1.00251e-05
8.96305e-06
7.90173e-06
6.84106e-06
5.78111e-06
4.72187e-06
3.65217e-06
2.56854e-06
9.86948e-07
-0.000105512
-8.37201e-05
-6.26265e-05
-4.38543e-05
-2.76242e-05
-1.36608e-05
-1.63557e-06
8.75133e-06
1.77664e-05
2.56361e-05
3.25463e-05
3.86476e-05
4.40618e-05
4.88869e-05
5.32022e-05
5.70711e-05
6.05458e-05
6.36692e-05
6.64762e-05
6.8997e-05
7.12566e-05
7.32765e-05
7.50754e-05
7.66696e-05
7.80736e-05
7.93003e-05
8.03616e-05
8.1268e-05
8.20295e-05
8.26551e-05
8.31532e-05
8.35318e-05
8.37982e-05
8.39595e-05
8.40221e-05
8.39923e-05
8.38759e-05
8.36784e-05
8.34051e-05
8.3061e-05
8.26508e-05
8.21789e-05
8.16495e-05
8.10667e-05
8.04342e-05
7.97557e-05
7.90344e-05
7.82735e-05
7.74762e-05
7.66451e-05
7.57831e-05
7.48925e-05
7.39758e-05
7.30352e-05
7.20728e-05
7.10905e-05
7.00901e-05
6.90734e-05
6.80419e-05
6.69971e-05
6.59405e-05
6.48733e-05
6.37967e-05
6.27118e-05
6.16197e-05
6.05213e-05
5.94174e-05
5.8309e-05
5.71967e-05
5.60813e-05
5.49633e-05
5.38434e-05
5.2722e-05
5.15997e-05
5.04768e-05
4.93538e-05
4.82311e-05
4.71088e-05
4.59874e-05
4.4867e-05
4.37479e-05
4.26303e-05
4.15144e-05
4.04002e-05
3.92879e-05
3.81776e-05
3.70694e-05
3.59633e-05
3.48595e-05
3.37578e-05
3.26584e-05
3.15613e-05
3.04664e-05
2.93737e-05
2.82832e-05
2.71949e-05
2.61088e-05
2.50247e-05
2.39426e-05
2.28625e-05
2.17843e-05
2.07079e-05
1.96332e-05
1.85603e-05
1.74889e-05
1.6419e-05
1.53505e-05
1.42833e-05
1.32173e-05
1.21525e-05
1.10887e-05
1.00259e-05
8.96383e-06
7.90257e-06
6.84203e-06
5.78237e-06
4.72369e-06
3.65491e-06
2.57357e-06
9.89983e-07
-0.000126812
-9.99526e-05
-7.4085e-05
-5.21275e-05
-3.37782e-05
-1.83215e-05
-5.21146e-06
5.97248e-06
1.55828e-05
2.3903e-05
3.11579e-05
3.7525e-05
4.31455e-05
4.81324e-05
5.25765e-05
5.65484e-05
6.01045e-05
6.32927e-05
6.61523e-05
6.87159e-05
7.10105e-05
7.30593e-05
7.48822e-05
7.64964e-05
7.79174e-05
7.91586e-05
8.02323e-05
8.11496e-05
8.19205e-05
8.25545e-05
8.30601e-05
8.34455e-05
8.3718e-05
8.38849e-05
8.39526e-05
8.39275e-05
8.38155e-05
8.36222e-05
8.33528e-05
8.30122e-05
8.26054e-05
8.21367e-05
8.16103e-05
8.10303e-05
8.04005e-05
7.97244e-05
7.90055e-05
7.82468e-05
7.74516e-05
7.66225e-05
7.57623e-05
7.48735e-05
7.39584e-05
7.30193e-05
7.20583e-05
7.10773e-05
7.00782e-05
6.90626e-05
6.80323e-05
6.69885e-05
6.59328e-05
6.48665e-05
6.37907e-05
6.27066e-05
6.16152e-05
6.05174e-05
5.94142e-05
5.83063e-05
5.71945e-05
5.60795e-05
5.4962e-05
5.38424e-05
5.27214e-05
5.15994e-05
5.04768e-05
4.93541e-05
4.82315e-05
4.71095e-05
4.59883e-05
4.4868e-05
4.37491e-05
4.26316e-05
4.15157e-05
4.04016e-05
3.92894e-05
3.81791e-05
3.7071e-05
3.59649e-05
3.48611e-05
3.37595e-05
3.26601e-05
3.15629e-05
3.0468e-05
2.93753e-05
2.82848e-05
2.71965e-05
2.61103e-05
2.50262e-05
2.39441e-05
2.28639e-05
2.17856e-05
2.07092e-05
1.96345e-05
1.85615e-05
1.749e-05
1.642e-05
1.53515e-05
1.42843e-05
1.32182e-05
1.21533e-05
1.10895e-05
1.00266e-05
8.96458e-06
7.90335e-06
6.84291e-06
5.78341e-06
4.725e-06
3.65659e-06
2.58064e-06
9.95559e-07
-0.000149542
-0.000113394
-8.178e-05
-5.72455e-05
-3.74351e-05
-2.09993e-05
-7.23174e-06
4.41365e-06
1.43573e-05
2.29237e-05
3.03643e-05
3.68747e-05
4.26082e-05
4.76831e-05
5.21934e-05
5.62165e-05
5.98158e-05
6.30402e-05
6.59299e-05
6.85187e-05
7.08344e-05
7.29011e-05
7.47393e-05
7.63667e-05
7.7799e-05
7.905e-05
8.01324e-05
8.10573e-05
8.18351e-05
8.24752e-05
8.29863e-05
8.33767e-05
8.36539e-05
8.3825e-05
8.38967e-05
8.38753e-05
8.37667e-05
8.35766e-05
8.33102e-05
8.29725e-05
8.25684e-05
8.21022e-05
8.15782e-05
8.10005e-05
8.03728e-05
7.96987e-05
7.89816e-05
7.82248e-05
7.74312e-05
7.66038e-05
7.5745e-05
7.48576e-05
7.39439e-05
7.30061e-05
7.20462e-05
7.10663e-05
7.00682e-05
6.90536e-05
6.80241e-05
6.69812e-05
6.59263e-05
6.48607e-05
6.37856e-05
6.27021e-05
6.16112e-05
6.0514e-05
5.94112e-05
5.83038e-05
5.71925e-05
5.60779e-05
5.49607e-05
5.38414e-05
5.27207e-05
5.15989e-05
5.04766e-05
4.9354e-05
4.82317e-05
4.71098e-05
4.59887e-05
4.48686e-05
4.37498e-05
4.26324e-05
4.15166e-05
4.04025e-05
3.92904e-05
3.81802e-05
3.70721e-05
3.59661e-05
3.48623e-05
3.37606e-05
3.26613e-05
3.15641e-05
3.04692e-05
2.93765e-05
2.8286e-05
2.71977e-05
2.61114e-05
2.50273e-05
2.39451e-05
2.2865e-05
2.17867e-05
2.07102e-05
1.96354e-05
1.85624e-05
1.74909e-05
1.64209e-05
1.53523e-05
1.4285e-05
1.32189e-05
1.2154e-05
1.10901e-05
1.00272e-05
8.96513e-06
7.90392e-06
6.84353e-06
5.7841e-06
4.72538e-06
3.6567e-06
2.583e-06
9.98579e-07
)
;

boundaryField
{
    frontWall
    {
        type            empty;
    }
    backWall
    {
        type            empty;
    }
    sideWall
    {
        type            zeroGradient;
    }
    outlet
    {
        type            fixedValue;
        value           uniform 0;
    }
    inlet
    {
        type            zeroGradient;
    }
}


// ************************************************************************* //
