/*--------------------------------*- C++ -*----------------------------------*\
  =========                 |
  \\      /  F ield         | OpenFOAM: The Open Source CFD Toolbox
   \\    /   O peration     | Website:  https://openfoam.org
    \\  /    A nd           | Version:  13
     \\/     M anipulation  |
\*---------------------------------------------------------------------------*/
FoamFile
{
    format      ascii;
    class       volScalarField;
    location    "1";
    object      p;
}
// * * * * * * * * * * * * * * * * * * * * * * * * * * * * * * * * * * * * * //

dimensions      [0 2 -2 0 0 0 0];

internalField   nonuniform List<scalar> 
6440
(
0.0165009
0.0165142
0.0167107
0.0170767
0.0176111
0.0183067
0.0191642
0.0201823
0.0213562
0.022676
0.0241258
0.0256834
0.0273217
0.0290106
0.0307184
0.0324126
0.0340642
0.0356508
0.0371577
0.0385774
0.0399068
0.0411407
0.0422326
0.0431701
0.0438918
0.015372
0.0153821
0.0154959
0.0157258
0.0160838
0.0165701
0.0171946
0.0179671
0.0188961
0.0199887
0.0212478
0.0226716
0.0242541
0.0259856
0.0278522
0.0298332
0.0318991
0.0340153
0.0361434
0.0382404
0.0402591
0.0421495
0.0438103
0.045149
0.0461743
0.0140694
0.0141022
0.0141735
0.0143077
0.014525
0.0148324
0.0152459
0.0157841
0.0164672
0.0173161
0.0183504
0.0195867
0.021037
0.0227059
0.0245901
0.0266747
0.0289323
0.0313222
0.0337904
0.0362694
0.0386815
0.0409421
0.0429042
0.0443244
0.0451746
0.0129759
0.0130289
0.0130858
0.0131742
0.0133155
0.0135192
0.0138032
0.0141892
0.0147025
0.0153702
0.0162206
0.0172803
0.0185716
0.0201095
0.0218977
0.0239263
0.0261688
0.0285811
0.0310997
0.0336446
0.0361252
0.0384474
0.0404596
0.0418207
0.042493
0.012155
0.0122174
0.0122692
0.0123363
0.0124377
0.0125831
0.0127898
0.0130791
0.0134769
0.0140117
0.014714
0.0156137
0.0167366
0.0181013
0.0197153
0.0215711
0.0236439
0.02589
0.0282446
0.0306296
0.0329611
0.0351563
0.0370838
0.038358
0.0389291
0.0115657
0.0116278
0.011676
0.0117319
0.0118109
0.011922
0.0120803
0.0123051
0.0126199
0.0130512
0.0136278
0.0143779
0.0153265
0.0164921
0.0178825
0.0194915
0.0212973
0.0232609
0.0253249
0.0274232
0.0294886
0.0314581
0.0332292
0.0344064
0.0349151
0.0111464
0.0112017
0.0112453
0.0112937
0.0113589
0.0114487
0.0115754
0.0117552
0.0120078
0.0123556
0.012823
0.0134342
0.0142106
0.0151676
0.016312
0.0176395
0.0191327
0.02076
0.022477
0.0242337
0.0259827
0.0276815
0.0292577
0.0303285
0.0307894
0.010844
0.0108899
0.010928
0.0109709
0.0110274
0.0111035
0.011209
0.0113564
0.0115607
0.0118396
0.0122118
0.0126963
0.013309
0.0140621
0.0149611
0.0160034
0.0171767
0.0184584
0.0198178
0.0212222
0.0226426
0.0240574
0.0254212
0.0263782
0.0267965
0.0106187
0.0106548
0.0106877
0.0107264
0.0107771
0.0108444
0.010935
0.0110579
0.0112238
0.0114449
0.0117343
0.0121045
0.0125666
0.0131288
0.0137953
0.0145655
0.0154332
0.0163858
0.0174054
0.0184748
0.0195814
0.0207212
0.021872
0.0227136
0.0230937
0.0104423
0.0104695
0.0104977
0.0105332
0.0105799
0.0106408
0.0107201
0.0108235
0.0109575
0.011129
0.0113453
0.0116136
0.0119402
0.0123301
0.012786
0.0133089
0.0138973
0.014548
0.0152563
0.0160191
0.0168396
0.017729
0.0186837
0.01942
0.0197723
0.0102956
0.0103153
0.0103394
0.010372
0.0104153
0.0104707
0.0105405
0.0106271
0.0107332
0.0108613
0.011014
0.0111935
0.0114017
0.0116404
0.0119114
0.0122169
0.0125602
0.0129458
0.0133807
0.0138748
0.0144444
0.0151137
0.0158947
0.0165421
0.0168824
0.0101656
0.0101793
0.0101998
0.0102294
0.0102692
0.0103192
0.0103797
0.0104509
0.0105321
0.0106223
0.01072
0.0108234
0.0109308
0.0110412
0.0111557
0.0112775
0.0114135
0.0115751
0.0117789
0.0120463
0.0124047
0.0128889
0.0135233
0.0141012
0.0144463
0.0100442
0.0100532
0.0100702
0.0100966
0.0101322
0.0101762
0.0102273
0.0102836
0.0103422
0.0103991
0.0104498
0.0104893
0.0105131
0.0105182
0.0105046
0.0104766
0.0104442
0.0104241
0.0104404
0.0105245
0.0107137
0.0110507
0.0115685
0.0120976
0.0124629
0.00992672
0.00993186
0.00994555
0.00996824
0.00999904
0.0100362
0.0100774
0.0101192
0.0101569
0.0101846
0.0101953
0.010182
0.0101382
0.0100593
0.00994484
0.00979991
0.00963697
0.00947701
0.00935014
0.0092951
0.0093568
0.00958476
0.0100166
0.0105162
0.0109139
0.00981078
0.00981288
0.00982327
0.00984181
0.00986704
0.00989661
0.00992733
0.00995475
0.00997298
0.00997475
0.00995189
0.00989573
0.00979858
0.00965526
0.00946516
0.00923433
0.00897723
0.00871802
0.00849107
0.00834018
0.00831551
0.00846999
0.00884397
0.00933025
0.00976677
0.00969583
0.00969549
0.00970256
0.00971655
0.00973558
0.00975683
0.00977656
0.00978965
0.00978953
0.00976836
0.00971712
0.00962669
0.0094891
0.00929914
0.00905682
0.00876919
0.00845231
0.00813241
0.0078463
0.0076404
0.0075671
0.00767987
0.00801897
0.00850195
0.00897742
0.00958237
0.00958006
0.0095838
0.00959292
0.00960524
0.00961761
0.00962594
0.00962477
0.00960739
0.00956567
0.00949072
0.0093737
0.00920719
0.00898704
0.0087142
0.00839683
0.00805211
0.00770726
0.00739958
0.00717532
0.00708593
0.00718244
0.00750219
0.00798429
0.00849204
0.00947147
0.00946754
0.009468
0.00947207
0.00947732
0.00948043
0.0094771
0.00946191
0.00942819
0.0093682
0.00927376
0.00913726
0.00895279
0.00871773
0.00843449
0.00811248
0.00776941
0.00743205
0.00713611
0.00692472
0.00684496
0.00694243
0.00724925
0.007724
0.00825254
0.0093644
0.0093591
0.00935643
0.00935543
0.00935349
0.00934715
0.00933211
0.00930311
0.00925385
0.00917749
0.00906742
0.00891788
0.0087252
0.00848906
0.00821394
0.00791055
0.00759658
0.00729684
0.00704304
0.00687202
0.00682268
0.00693165
0.00722286
0.0076734
0.00820109
0.00926246
0.00925594
0.00925036
0.00924438
0.00923529
0.00921964
0.00919323
0.00915102
0.00908755
0.00899743
0.00887588
0.00871958
0.0085277
0.00830286
0.00805207
0.00778732
0.00752573
0.00728923
0.00710364
0.00699712
0.00699744
0.00712849
0.00740241
0.0078048
0.0082724
0.00916634
0.00915885
0.00915037
0.00913927
0.00912333
0.0090996
0.00906445
0.00901389
0.00894384
0.00885056
0.00873125
0.0085847
0.00841207
0.0082175
0.00800863
0.00779678
0.00759687
0.00742659
0.00730564
0.00725453
0.00729282
0.0074366
0.00769306
0.00804179
0.0084419
0.00907497
0.00906671
0.00905606
0.00904148
0.00902119
0.00899298
0.00895423
0.00890215
0.00883403
0.00874758
0.00864139
0.00851537
0.00837132
0.00821327
0.00804782
0.00788418
0.007734
0.00761069
0.00752871
0.00750254
0.00754515
0.0076656
0.00786507
0.0081315
0.00844997
0.00898926
0.00898076
0.00896891
0.00895236
0.00892974
0.00889946
0.00885971
0.00880863
0.00874453
0.00866617
0.00857304
0.00846574
0.00834627
0.00821833
0.00808747
0.00796103
0.00784797
0.00775836
0.00770275
0.00769117
0.00773182
0.0078293
0.00798234
0.00818255
0.00841943
0.00890972
0.00890142
0.00888917
0.00887185
0.00884843
0.0088178
0.00877874
0.00873006
0.00867081
0.00860041
0.00851894
0.00842734
0.00832766
0.00822319
0.00811853
0.00801957
0.00793319
0.00786692
0.00782831
0.0078241
0.00785925
0.00793567
0.00805119
0.00819958
0.00837244
0.00883625
0.00882841
0.0088163
0.00879902
0.00877582
0.00874594
0.00870861
0.00866314
0.00860904
0.00854622
0.00847507
0.00839671
0.00831305
0.00822695
0.00814217
0.00806336
0.00799575
0.0079449
0.00791612
0.00791389
0.00794105
0.00799812
0.00808273
0.00818979
0.00831215
0.00876852
0.00876125
0.00874963
0.0087329
0.00871052
0.00868205
0.008647
0.00860503
0.008556
0.00850008
0.00843788
0.0083705
0.00829971
0.00822791
0.00815815
0.00809405
0.00803958
0.00799877
0.00797532
0.00797212
0.00799073
0.0080309
0.00809032
0.00816468
0.00824783
0.00870605
0.00869941
0.00868845
0.00867256
0.00865137
0.00862463
0.00859209
0.00855364
0.00850936
0.0084596
0.00840502
0.00834672
0.00828622
0.00822554
0.00816712
0.00811375
0.00806841
0.008034
0.00801306
0.00800742
0.0080178
0.00804357
0.00808259
0.00813119
0.00818426
0.00864838
0.00864235
0.00863214
0.00861723
0.0085974
0.00857252
0.00854252
0.00850744
0.0084675
0.00842312
0.008375
0.00832414
0.00827186
0.00821982
0.00816995
0.0081244
0.00808536
0.00805491
0.00803477
0.00802604
0.00802894
0.00804267
0.00806529
0.0080937
0.00812375
0.00859503
0.00858959
0.00858015
0.00856628
0.00854785
0.00852484
0.00849728
0.00846532
0.00842925
0.00838953
0.00834684
0.00830207
0.00825635
0.00821101
0.00816759
0.00812771
0.00809299
0.0080649
0.00804457
0.00803261
0.00802896
0.00803277
0.00804229
0.00805498
0.00806744
0.00854559
0.00854069
0.008532
0.00851916
0.00850211
0.00848089
0.00845561
0.00842648
0.00839382
0.00835811
0.00831996
0.00828016
0.00823966
0.00819953
0.00816097
0.00812521
0.00809343
0.00806665
0.0080456
0.00803058
0.00802135
0.00801707
0.00801624
0.00801673
0.00801583
0.00849966
0.00849525
0.00848728
0.00847542
0.00845968
0.00844013
0.00841694
0.00839034
0.00836066
0.00832837
0.00829401
0.00825827
0.00822194
0.00818587
0.00815099
0.00811823
0.00808844
0.00806233
0.00804033
0.00802255
0.00800866
0.00799788
0.00798893
0.00798004
0.00796904
0.00845691
0.00845294
0.00844562
0.00843469
0.00842016
0.00840215
0.00838085
0.00835648
0.0083294
0.00830001
0.00826882
0.0082364
0.00820341
0.00817052
0.00813845
0.00810789
0.00807946
0.00805362
0.00803063
0.00801047
0.00799278
0.00797685
0.00796158
0.00794553
0.00792697
0.00841702
0.00841345
0.00840673
0.00839664
0.00838322
0.00836661
0.00834699
0.0083246
0.00829976
0.00827285
0.00824431
0.00821462
0.00818431
0.00815394
0.00812404
0.00809512
0.00806763
0.00804187
0.00801797
0.00799582
0.00797509
0.00795513
0.00793501
0.00791358
0.00788943
0.00837974
0.00837651
0.00837034
0.00836102
0.00834861
0.00833326
0.00831513
0.00829448
0.00827158
0.00824679
0.00822047
0.00819303
0.00816492
0.00813655
0.00810835
0.00808069
0.00805388
0.00802811
0.00800343
0.0079797
0.00795659
0.00793353
0.00790977
0.00788434
0.00785614
0.00834484
0.00834192
0.00833623
0.00832761
0.00831611
0.00830187
0.00828508
0.00826594
0.00824473
0.00822174
0.0081973
0.00817175
0.00814544
0.00811871
0.00809188
0.00806522
0.00803894
0.00801315
0.00798786
0.00796291
0.00793799
0.00791262
0.00788618
0.00785787
0.00782682
0.00831212
0.00830946
0.00830421
0.00829622
0.00828553
0.0082723
0.00825668
0.00823888
0.00821913
0.0081977
0.00817486
0.0081509
0.0081261
0.00810073
0.00807502
0.00804919
0.00802336
0.0079976
0.00797188
0.00794604
0.00791981
0.00789278
0.00786443
0.00783412
0.00780116
0.00828141
0.008279
0.00827414
0.0082667
0.00825674
0.0082444
0.00822983
0.0082132
0.00819473
0.00817465
0.00815319
0.00813059
0.00810707
0.00808285
0.00805811
0.00803299
0.00800759
0.00798193
0.00795595
0.00792953
0.0079024
0.00787424
0.00784461
0.007813
0.00777887
0.00825258
0.00825037
0.00824586
0.00823892
0.00822962
0.00821808
0.00820443
0.00818884
0.0081715
0.00815259
0.00813233
0.00811091
0.00808851
0.00806529
0.00804139
0.00801693
0.00799195
0.00796647
0.00794041
0.00791365
0.00788599
0.00785713
0.00782673
0.00779439
0.00775965
0.0082255
0.00822348
0.00821928
0.00821279
0.00820407
0.00819324
0.00818042
0.00816575
0.0081494
0.00813153
0.00811233
0.00809194
0.00807052
0.0080482
0.00802508
0.00800124
0.0079767
0.00795148
0.00792549
0.00789863
0.00787073
0.00784153
0.00781078
0.00777813
0.00774325
0.00820008
0.00819821
0.00819429
0.0081882
0.00818001
0.00816981
0.00815773
0.00814388
0.00812842
0.00811148
0.00809321
0.00807375
0.00805322
0.00803171
0.00800932
0.00798608
0.00796203
0.00793714
0.00791137
0.0078846
0.00785669
0.00782746
0.00779667
0.00776408
0.0077294
0.00817621
0.00817448
0.00817081
0.00816508
0.00815736
0.00814774
0.00813632
0.00812321
0.00810854
0.00809243
0.00807502
0.0080564
0.00803668
0.00801593
0.00799423
0.0079716
0.00794806
0.00792359
0.00789814
0.00787163
0.00784393
0.00781489
0.00778433
0.00775206
0.00771786
0.00815382
0.00815222
0.00814876
0.00814336
0.00813607
0.00812697
0.00811614
0.0081037
0.00808975
0.0080744
0.00805776
0.00803991
0.00802095
0.00800092
0.00797989
0.00795787
0.00793488
0.0079109
0.00788588
0.00785976
0.00783243
0.00780378
0.00777366
0.00774193
0.00770842
0.00813283
0.00813135
0.00812809
0.00812299
0.00811608
0.00810745
0.00809717
0.00808534
0.00807204
0.00805739
0.00804146
0.00802433
0.00800607
0.00798674
0.00796636
0.00794497
0.00792257
0.00789913
0.00787463
0.007849
0.00782218
0.00779407
0.00776455
0.00773353
0.00770087
0.00811319
0.00811181
0.00810873
0.00810389
0.00809734
0.00808914
0.00807936
0.00806808
0.00805539
0.00804138
0.00802611
0.00800966
0.00799208
0.00797341
0.00795369
0.00793293
0.00791114
0.0078883
0.00786439
0.00783935
0.00781314
0.00778569
0.0077569
0.0077267
0.00769501
0.00809484
0.00809354
0.00809063
0.00808604
0.0080798
0.00807199
0.00806267
0.00805191
0.00803978
0.00802637
0.00801172
0.00799591
0.00797898
0.00796096
0.00794189
0.00792178
0.00790062
0.00787842
0.00785515
0.00783078
0.00780526
0.00777855
0.00775059
0.00772132
0.00769068
0.00807771
0.00807649
0.00807373
0.00806936
0.00806342
0.00805598
0.00804708
0.0080368
0.00802519
0.00801234
0.00799828
0.00798308
0.00796678
0.0079494
0.00793097
0.0079115
0.00789101
0.00786947
0.00784689
0.00782324
0.00779848
0.00777259
0.00774552
0.00771724
0.00768772
0.00806175
0.00806061
0.00805798
0.00805382
0.00804816
0.00804105
0.00803255
0.00802271
0.0080116
0.00799927
0.00798578
0.00797116
0.00795546
0.00793871
0.00792092
0.00790211
0.00788229
0.00786145
0.00783958
0.00781668
0.00779273
0.00776771
0.00774159
0.00771435
0.00768597
0.00804692
0.00804584
0.00804334
0.00803937
0.00803397
0.00802717
0.00801904
0.00800962
0.00799897
0.00798714
0.00797418
0.00796013
0.00794503
0.00792889
0.00791173
0.00789358
0.00787443
0.0078543
0.00783318
0.00781107
0.00778796
0.00776383
0.00773869
0.00771251
0.0076853
0.00803317
0.00803214
0.00802976
0.00802597
0.0080208
0.0080143
0.00800652
0.00799749
0.00798728
0.00797593
0.00796348
0.00794998
0.00793545
0.00791991
0.00790338
0.00788588
0.00786743
0.00784801
0.00782765
0.00780634
0.00778409
0.00776088
0.00773673
0.00771163
0.00768559
0.00802044
0.00801947
0.0080172
0.00801357
0.00800863
0.0080024
0.00799494
0.00798629
0.0079765
0.0079656
0.00795365
0.00794067
0.0079267
0.00791175
0.00789584
0.00787899
0.00786122
0.00784253
0.00782294
0.00780244
0.00778105
0.00775877
0.00773562
0.0077116
0.00768672
0.00800869
0.00800777
0.0080056
0.00800213
0.0079974
0.00799143
0.00798428
0.00797598
0.00796658
0.00795613
0.00794465
0.00793218
0.00791875
0.00790437
0.00788908
0.00787288
0.00785579
0.00783782
0.00781899
0.00779931
0.00777878
0.00775744
0.00773527
0.00771232
0.0076886
0.00799788
0.007997
0.00799493
0.00799161
0.00798707
0.00798135
0.00797449
0.00796653
0.00795751
0.00794747
0.00793645
0.00792447
0.00791157
0.00789776
0.00788307
0.0078675
0.00785109
0.00783384
0.00781576
0.00779689
0.00777723
0.0077568
0.00773562
0.00771372
0.00769112
0.00798795
0.00798712
0.00798513
0.00798195
0.0079776
0.00797211
0.00796553
0.00795789
0.00794924
0.0079396
0.00792902
0.00791752
0.00790513
0.00789187
0.00787776
0.00786282
0.00784707
0.00783053
0.0078132
0.00779513
0.00777631
0.00775679
0.00773658
0.00771571
0.00769421
0.00797887
0.00797808
0.00797617
0.00797313
0.00796895
0.00796369
0.00795737
0.00795004
0.00794173
0.00793248
0.00792232
0.00791128
0.00789939
0.00788667
0.00787313
0.0078588
0.0078437
0.00782785
0.00781126
0.00779397
0.00777599
0.00775735
0.00773808
0.00771821
0.00769778
0.00797059
0.00796983
0.00796801
0.00796509
0.00796108
0.00795603
0.00794996
0.00794292
0.00793495
0.00792607
0.00791632
0.00790572
0.00789432
0.00788211
0.00786913
0.0078554
0.00784093
0.00782576
0.00780989
0.00779336
0.0077762
0.00775842
0.00774007
0.00772117
0.00770176
0.00796307
0.00796235
0.0079606
0.00795779
0.00795395
0.00794909
0.00794327
0.00793651
0.00792885
0.00792033
0.00791097
0.00790081
0.00788987
0.00787817
0.00786573
0.00785258
0.00783873
0.00782421
0.00780905
0.00779326
0.00777688
0.00775994
0.00774248
0.00772451
0.0077061
0.00795627
0.00795558
0.0079539
0.0079512
0.00794751
0.00794285
0.00793725
0.00793076
0.00792341
0.00791523
0.00790625
0.0078965
0.00788601
0.00787479
0.00786288
0.00785029
0.00783704
0.00782316
0.00780868
0.00779361
0.007778
0.00776187
0.00774525
0.00772819
0.00771073
0.00795015
0.00794948
0.00794787
0.00794528
0.00794173
0.00793725
0.00793188
0.00792564
0.00791858
0.00791072
0.00790211
0.00789276
0.0078827
0.00787196
0.00786055
0.0078485
0.00783583
0.00782257
0.00780874
0.00779438
0.0077795
0.00776415
0.00774835
0.00773215
0.0077156
0.00794466
0.00794401
0.00794247
0.00793998
0.00793657
0.00793226
0.0079271
0.0079211
0.00791432
0.00790678
0.00789851
0.00788955
0.00787991
0.00786962
0.0078587
0.00784717
0.00783506
0.0078224
0.0078092
0.00779551
0.00778134
0.00776673
0.00775173
0.00773635
0.00772066
0.00793976
0.00793915
0.00793766
0.00793527
0.00793199
0.00792785
0.00792288
0.00791712
0.00791061
0.00790337
0.00789543
0.00788684
0.0078776
0.00786774
0.00785729
0.00784627
0.0078347
0.00782261
0.00781002
0.00779697
0.00778348
0.00776959
0.00775533
0.00774075
0.00772587
0.00793543
0.00793483
0.00793341
0.00793111
0.00792795
0.00792397
0.00791919
0.00791365
0.00790739
0.00790044
0.00789283
0.00788458
0.00787573
0.00786629
0.00785629
0.00784575
0.0078347
0.00782316
0.00781115
0.00779872
0.00778588
0.00777267
0.00775913
0.0077453
0.00773121
0.00793162
0.00793104
0.00792967
0.00792746
0.00792442
0.00792058
0.00791599
0.00791067
0.00790465
0.00789797
0.00789067
0.00788276
0.00787427
0.00786523
0.00785566
0.00784559
0.00783503
0.00782401
0.00781257
0.00780072
0.0077885
0.00777595
0.00776309
0.00774997
0.00773662
0.00792829
0.00792774
0.00792642
0.00792429
0.00792136
0.00791767
0.00791325
0.00790813
0.00790234
0.00789593
0.00788891
0.00788133
0.00787319
0.00786454
0.00785538
0.00784575
0.00783566
0.00782515
0.00781423
0.00780295
0.00779132
0.00777939
0.00776718
0.00775473
0.00774208
0.00792542
0.00792488
0.00792361
0.00792156
0.00791874
0.00791518
0.00791093
0.007906
0.00790044
0.00789427
0.00788753
0.00788026
0.00787246
0.00786417
0.00785541
0.00784619
0.00783656
0.00782653
0.00781612
0.00780537
0.0077943
0.00778296
0.00777136
0.00775955
0.00774757
0.00792297
0.00792245
0.00792122
0.00791924
0.00791652
0.0079131
0.007909
0.00790425
0.0078989
0.00789297
0.0078865
0.00787952
0.00787204
0.0078641
0.00785571
0.0078469
0.0078377
0.00782812
0.00781819
0.00780795
0.00779742
0.00778663
0.00777562
0.00776442
0.00775306
0.0079209
0.0079204
0.00791922
0.00791731
0.00791468
0.00791138
0.00790743
0.00790286
0.00789771
0.00789201
0.00788579
0.00787908
0.00787191
0.0078643
0.00785627
0.00784784
0.00783904
0.0078299
0.00782043
0.00781067
0.00780065
0.00779039
0.00777992
0.00776929
0.00775852
0.00791919
0.00791871
0.00791756
0.00791572
0.00791319
0.00791
0.00790619
0.00790179
0.00789682
0.00789134
0.00788536
0.00787892
0.00787203
0.00786474
0.00785705
0.00784898
0.00784058
0.00783184
0.00782281
0.00781351
0.00780396
0.0077942
0.00778426
0.00777416
0.00776395
0.00791781
0.00791734
0.00791624
0.00791446
0.00791201
0.00790893
0.00790525
0.00790101
0.00789623
0.00789094
0.00788519
0.007879
0.00787239
0.00786539
0.00785802
0.00785031
0.00784227
0.00783392
0.0078253
0.00781643
0.00780734
0.00779805
0.00778859
0.007779
0.00776931
0.00791673
0.00791627
0.0079152
0.00791348
0.00791112
0.00790815
0.00790459
0.0079005
0.00789588
0.0078908
0.00788526
0.00787931
0.00787296
0.00786624
0.00785918
0.00785179
0.00784409
0.00783612
0.00782789
0.00781942
0.00781076
0.00780191
0.00779292
0.00778381
0.00777461
0.00791592
0.00791547
0.00791444
0.00791278
0.00791049
0.00790762
0.00790418
0.00790022
0.00789577
0.00789087
0.00788554
0.00787981
0.00787371
0.00786726
0.00786048
0.0078534
0.00784603
0.00783841
0.00783054
0.00782246
0.0078142
0.00780577
0.00779721
0.00778855
0.00777981
0.00791536
0.00791492
0.00791393
0.00791231
0.0079101
0.00790732
0.007904
0.00790017
0.00789587
0.00789114
0.007886
0.00788048
0.00787462
0.00786842
0.00786192
0.00785513
0.00784807
0.00784077
0.00783325
0.00782554
0.00781765
0.00780962
0.00780147
0.00779322
0.00778492
0.00791502
0.0079146
0.00791363
0.00791207
0.00790992
0.00790723
0.00790401
0.00790031
0.00789616
0.00789159
0.00788663
0.00788131
0.00787567
0.00786971
0.00786346
0.00785694
0.00785018
0.00784319
0.007836
0.00782862
0.00782109
0.00781343
0.00780566
0.00779781
0.00778991
0.00791488
0.00791447
0.00791353
0.00791201
0.00790993
0.00790732
0.00790421
0.00790062
0.00789661
0.00789219
0.0078874
0.00788227
0.00787683
0.0078711
0.00786509
0.00785884
0.00785235
0.00784565
0.00783876
0.00783171
0.00782451
0.0078172
0.00780979
0.00780231
0.00779479
0.00791492
0.00791451
0.0079136
0.00791213
0.00791012
0.00790758
0.00790456
0.00790109
0.0078972
0.00789292
0.0078883
0.00788335
0.0078781
0.00787258
0.0078668
0.00786079
0.00785456
0.00784813
0.00784153
0.00783478
0.0078279
0.00782091
0.00781383
0.0078067
0.00779953
0.00791511
0.00791472
0.00791384
0.00791241
0.00791045
0.00790798
0.00790505
0.00790168
0.00789791
0.00789377
0.0078893
0.00788452
0.00787945
0.00787413
0.00786856
0.00786278
0.00785679
0.00785062
0.00784429
0.00783782
0.00783123
0.00782455
0.00781779
0.00781098
0.00780414
0.00791544
0.00791506
0.0079142
0.00791281
0.00791091
0.00790851
0.00790566
0.00790239
0.00789873
0.00789472
0.00789039
0.00788576
0.00788087
0.00787573
0.00787036
0.00786479
0.00785903
0.0078531
0.00784703
0.00784082
0.0078345
0.0078281
0.00782164
0.00781513
0.0078086
0.0079159
0.00791552
0.00791469
0.00791333
0.00791148
0.00790915
0.00790638
0.00790319
0.00789964
0.00789575
0.00789155
0.00788707
0.00788233
0.00787737
0.00787219
0.00786682
0.00786127
0.00785557
0.00784972
0.00784377
0.00783771
0.00783157
0.00782538
0.00781916
0.00781292
0.00791645
0.00791609
0.00791527
0.00791395
0.00791214
0.00790987
0.00790717
0.00790408
0.00790062
0.00789684
0.00789276
0.00788842
0.00788384
0.00787903
0.00787403
0.00786884
0.00786349
0.007858
0.00785238
0.00784665
0.00784083
0.00783494
0.00782901
0.00782304
0.00781707
0.00791709
0.00791673
0.00791594
0.00791465
0.00791289
0.00791068
0.00790804
0.00790503
0.00790166
0.00789798
0.00789402
0.0078898
0.00788536
0.00788071
0.00787586
0.00787085
0.00786569
0.00786039
0.00785497
0.00784946
0.00784386
0.00783821
0.00783251
0.00782679
0.00782107
0.0079178
0.00791745
0.00791668
0.00791542
0.0079137
0.00791154
0.00790897
0.00790603
0.00790274
0.00789916
0.0078953
0.00789121
0.00788689
0.00788238
0.00787769
0.00787284
0.00786785
0.00786273
0.0078575
0.00785219
0.0078468
0.00784136
0.00783588
0.00783039
0.0078249
0.00791857
0.00791822
0.00791747
0.00791625
0.00791456
0.00791245
0.00790994
0.00790706
0.00790386
0.00790036
0.00789661
0.00789262
0.00788842
0.00788404
0.00787949
0.00787479
0.00786995
0.007865
0.00785996
0.00785482
0.00784963
0.00784439
0.00783912
0.00783383
0.00782856
0.00791937
0.00791904
0.00791831
0.00791711
0.00791546
0.00791339
0.00791094
0.00790812
0.00790499
0.00790158
0.00789791
0.00789402
0.00788993
0.00788567
0.00788125
0.00787669
0.007872
0.00786721
0.00786232
0.00785736
0.00785235
0.00784729
0.00784221
0.00783712
0.00783204
0.00792021
0.00791989
0.00791917
0.007918
0.00791639
0.00791436
0.00791195
0.0079092
0.00790613
0.00790279
0.00789921
0.00789541
0.00789143
0.00788727
0.00788297
0.00787853
0.00787398
0.00786933
0.0078646
0.0078598
0.00785495
0.00785006
0.00784515
0.00784024
0.00783535
0.00792107
0.00792076
0.00792006
0.00791892
0.00791733
0.00791535
0.00791298
0.00791028
0.00790727
0.007904
0.00790049
0.00789678
0.00789288
0.00788883
0.00788463
0.00788032
0.00787589
0.00787137
0.00786678
0.00786212
0.00785742
0.00785269
0.00784795
0.0078432
0.00783848
0.00792194
0.00792164
0.00792096
0.00791984
0.00791829
0.00791633
0.00791401
0.00791135
0.0079084
0.00790518
0.00790174
0.00789811
0.00789429
0.00789033
0.00788624
0.00788203
0.00787772
0.00787332
0.00786885
0.00786433
0.00785977
0.00785518
0.00785058
0.00784599
0.00784142
0.0079228
0.00792252
0.00792186
0.00792077
0.00791924
0.00791732
0.00791503
0.00791241
0.00790951
0.00790635
0.00790296
0.00789939
0.00789566
0.00789178
0.00788777
0.00788366
0.00787945
0.00787516
0.00787081
0.00786641
0.00786198
0.00785752
0.00785306
0.00784861
0.00784418
0.00792366
0.0079234
0.00792276
0.00792169
0.00792019
0.00791829
0.00791604
0.00791345
0.00791059
0.00790747
0.00790414
0.00790063
0.00789696
0.00789315
0.00788923
0.0078852
0.00788109
0.0078769
0.00787265
0.00786836
0.00786405
0.00785971
0.00785537
0.00785105
0.00784675
0.00792451
0.00792427
0.00792366
0.00792261
0.00792113
0.00791926
0.00791702
0.00791447
0.00791163
0.00790856
0.00790527
0.00790181
0.0078982
0.00789446
0.0078906
0.00788665
0.00788262
0.00787852
0.00787437
0.00787018
0.00786597
0.00786174
0.00785752
0.00785331
0.00784913
0.00792534
0.00792512
0.00792455
0.00792352
0.00792206
0.0079202
0.00791799
0.00791545
0.00791264
0.00790959
0.00790635
0.00790293
0.00789936
0.00789568
0.00789188
0.007888
0.00788405
0.00788003
0.00787597
0.00787187
0.00786775
0.00786362
0.0078595
0.00785539
0.00785132
0.00792615
0.00792598
0.00792543
0.00792442
0.00792297
0.00792113
0.00791892
0.0079164
0.0079136
0.00791058
0.00790735
0.00790397
0.00790045
0.00789681
0.00789307
0.00788925
0.00788536
0.00788141
0.00787743
0.00787341
0.00786937
0.00786533
0.0078613
0.00785729
0.00785332
0.00792696
0.00792682
0.00792632
0.00792532
0.00792388
0.00792203
0.00791982
0.0079173
0.00791451
0.0079115
0.00790829
0.00790493
0.00790144
0.00789784
0.00789415
0.00789038
0.00788655
0.00788267
0.00787875
0.0078748
0.00787084
0.00786688
0.00786293
0.00785901
0.00785512
0.00792776
0.00792769
0.00792722
0.00792623
0.00792478
0.00792292
0.00792069
0.00791816
0.00791536
0.00791235
0.00790915
0.00790581
0.00790234
0.00789878
0.00789512
0.0078914
0.00788762
0.00788379
0.00787993
0.00787605
0.00787216
0.00786826
0.00786439
0.00786053
0.00785672
0.0079286
0.00792859
0.00792816
0.00792717
0.00792569
0.00792379
0.00792153
0.00791897
0.00791615
0.00791312
0.00790993
0.00790659
0.00790315
0.0078996
0.00789598
0.0078923
0.00788856
0.00788478
0.00788097
0.00787714
0.00787331
0.00786948
0.00786566
0.00786188
0.00785813
0.00792952
0.00792959
0.00792918
0.00792815
0.0079266
0.00792463
0.00792232
0.00791971
0.00791686
0.00791381
0.00791061
0.00790728
0.00790384
0.00790032
0.00789672
0.00789307
0.00788937
0.00788563
0.00788186
0.00787808
0.0078743
0.00787052
0.00786676
0.00786303
0.00785934
0.00793064
0.00793075
0.00793032
0.00792919
0.00792752
0.00792545
0.00792304
0.00792037
0.00791747
0.0079144
0.00791118
0.00790785
0.00790442
0.00790091
0.00789734
0.00789371
0.00789004
0.00788634
0.00788261
0.00787887
0.00787513
0.00787139
0.00786768
0.00786399
0.00786035
0.00793215
0.00793222
0.00793166
0.00793032
0.00792845
0.00792622
0.00792369
0.00792093
0.00791798
0.00791487
0.00791164
0.0079083
0.00790487
0.00790138
0.00789782
0.00789422
0.00789058
0.0078869
0.00788321
0.0078795
0.00787579
0.0078721
0.00786842
0.00786477
0.00786117
0.0079344
0.00793418
0.00793327
0.00793154
0.00792936
0.0079269
0.00792422
0.00792136
0.00791834
0.0079152
0.00791196
0.00790862
0.0079052
0.00790172
0.00789818
0.0078946
0.00789097
0.00788733
0.00788366
0.00787998
0.0078763
0.00787263
0.00786898
0.00786537
0.00786179
0.00793836
0.00793706
0.00793519
0.00793278
0.00793015
0.0079274
0.00792455
0.00792159
0.00791853
0.00791537
0.00791212
0.00790879
0.00790538
0.00790192
0.0078984
0.00789483
0.00789123
0.0078876
0.00788395
0.0078803
0.00787664
0.00787299
0.00786937
0.00786578
0.00786223
0.00794719
0.00794184
0.00793737
0.00793382
0.00793064
0.0079276
0.0079246
0.00792159
0.00791852
0.00791536
0.00791213
0.00790881
0.00790543
0.00790198
0.00789848
0.00789493
0.00789135
0.00788774
0.00788411
0.00788047
0.00787683
0.00787319
0.00786959
0.00786601
0.00786247
0.00796423
0.00794841
0.00793942
0.00793451
0.0079308
0.00792754
0.00792447
0.00792145
0.00791839
0.00791526
0.00791205
0.00790876
0.0079054
0.00790197
0.00789849
0.00789496
0.00789139
0.00788779
0.00788417
0.00788053
0.0078769
0.00787328
0.00786968
0.0078661
0.00786257
-0.0960968
-0.094282
-0.0917546
-0.0886224
-0.0849677
-0.0809531
-0.0766273
-0.0720372
-0.0672418
-0.0623148
-0.057346
-0.0524343
-0.0476726
-0.0431362
-0.0388893
-0.0349894
-0.0314809
-0.0283904
-0.0257312
-0.023506
-0.0217106
-0.0203387
-0.0194031
-0.018892
-0.0188283
-0.10069
-0.0981542
-0.0945214
-0.0897609
-0.0842502
-0.0783279
-0.0721902
-0.0660129
-0.0599475
-0.0541221
-0.0486398
-0.0435636
-0.0389154
-0.0347032
-0.030942
-0.0276442
-0.0248057
-0.022407
-0.020425
-0.0188346
-0.0176061
-0.0167107
-0.0161424
-0.0158611
-0.0158208
-0.0952373
-0.0933097
-0.0895966
-0.0841802
-0.0778759
-0.0711304
-0.0642313
-0.0574367
-0.0509485
-0.0449112
-0.0394198
-0.0345244
-0.0302355
-0.0265402
-0.0234114
-0.0208061
-0.0186726
-0.0169563
-0.0156023
-0.01456
-0.0137827
-0.0132324
-0.0128929
-0.0127171
-0.012639
-0.0853899
-0.0839442
-0.0804785
-0.0751397
-0.0689715
-0.0623782
-0.0556423
-0.0490407
-0.042806
-0.0370938
-0.031998
-0.0275613
-0.0237834
-0.0206319
-0.018053
-0.0159809
-0.0143457
-0.0130768
-0.0121093
-0.0113857
-0.0108579
-0.0104881
-0.010258
-0.0101231
-0.0100145
-0.0738226
-0.0726308
-0.0694675
-0.0645582
-0.0590132
-0.0531478
-0.0471644
-0.0412934
-0.0357489
-0.0306866
-0.0261989
-0.0223281
-0.0190743
-0.0164044
-0.0142627
-0.0125804
-0.0112849
-0.0103057
-0.00957821
-0.0090457
-0.00866292
-0.00839436
-0.0082225
-0.00810902
-0.00799185
-0.0616655
-0.0606479
-0.0578142
-0.0534891
-0.0487602
-0.0438478
-0.0388704
-0.0339859
-0.0293595
-0.0251277
-0.0213727
-0.0181365
-0.0154256
-0.0132147
-0.0114563
-0.0100904
-0.00905217
-0.00827814
-0.00771063
-0.00730027
-0.00700621
-0.00679775
-0.00665958
-0.0065617
-0.0064528
-0.0497388
-0.048872
-0.0463899
-0.0427131
-0.038854
-0.0349386
-0.0310147
-0.027169
-0.0235179
-0.0201654
-0.017179
-0.014596
-0.0124261
-0.0106539
-0.00924615
-0.00815512
-0.00732849
-0.0067146
-0.00626606
-0.00594232
-0.00571012
-0.00554407
-0.00543067
-0.00534803
-0.00525612
-0.0385973
-0.0378657
-0.0357448
-0.0327231
-0.0297043
-0.0267286
-0.0237886
-0.0209232
-0.0182096
-0.0157139
-0.0134795
-0.011532
-0.00988144
-0.0085227
-0.00743558
-0.0065875
-0.00594143
-0.00545865
-0.00510345
-0.00484502
-0.00465841
-0.00452389
-0.00443065
-0.00436248
-0.00428973
-0.0285666
-0.0279316
-0.0261326
-0.0236937
-0.0214068
-0.0192567
-0.0171981
-0.0152296
-0.0133815
-0.0116785
-0.0101437
-0.00879402
-0.00763848
-0.00667542
-0.00589172
-0.00526811
-0.00478246
-0.00441182
-0.00413347
-0.00392665
-0.00377468
-0.0036639
-0.00358668
-0.00353139
-0.0034762
-0.0198058
-0.0191994
-0.0176476
-0.0156945
-0.0140221
-0.0125748
-0.0112756
-0.010092
-0.00901039
-0.00802138
-0.00712528
-0.006326
-0.00562655
-0.00502679
-0.00452247
-0.00410648
-0.00376975
-0.0035016
-0.00329101
-0.00312806
-0.00300441
-0.00291267
-0.00284857
-0.0028043
-0.00276359
-0.0123981
-0.0117559
-0.0103853
-0.00882532
-0.0076499
-0.006777
-0.0061085
-0.00558324
-0.00514934
-0.00476979
-0.00442429
-0.00410349
-0.00380428
-0.00352737
-0.00327441
-0.00304715
-0.00284668
-0.00267314
-0.00252601
-0.00240455
-0.00230749
-0.00223315
-0.00218085
-0.00214592
-0.00211648
-0.00632752
-0.00560182
-0.00435017
-0.00309016
-0.00229665
-0.00187315
-0.00170946
-0.00171509
-0.00180801
-0.00192893
-0.00203959
-0.00211864
-0.00215714
-0.0021554
-0.00211908
-0.00205669
-0.00197765
-0.00189088
-0.00180409
-0.0017234
-0.00165326
-0.0015968
-0.00155656
-0.00153046
-0.00150998
-0.00151398
-0.000677924
0.000506814
0.00155361
0.00207085
0.00216026
0.00194198
0.00153079
0.0010295
0.000515745
4.28415e-05
-0.000357428
-0.000670762
-0.000895846
-0.00104088
-0.00111921
-0.00114635
-0.00113764
-0.00110693
-0.00106576
-0.00102311
-0.000985769
-0.000958649
-0.000941636
-0.000928835
0.00216186
0.00311522
0.00427114
0.00517753
0.00551051
0.0053707
0.00488596
0.004187
0.0033903
0.00258721
0.00184268
0.00119696
0.000669564
0.000263958
-2.86887e-05
-0.000224654
-0.000343443
-0.000404715
-0.000426463
-0.000423975
-0.000409476
-0.000392352
-0.000379235
-0.000371578
-0.000365427
0.0048429
0.0059032
0.00705183
0.00787211
0.00809651
0.0078201
0.00717395
0.00629553
0.00530869
0.00431328
0.00338225
0.00256229
0.00187751
0.00133422
0.000924767
0.000632316
0.000435305
0.000311548
0.000240684
0.000205226
0.000190938
0.000186808
0.00018521
0.000183279
0.000183537
0.00668579
0.00782609
0.00897067
0.00973921
0.00991357
0.00957911
0.00886377
0.00790317
0.00682188
0.00572302
0.004684
0.00375568
0.00296582
0.00232413
0.0018255
0.00145464
0.00119076
0.00101113
0.000894271
0.000821711
0.000778192
0.000751996
0.000735194
0.000723472
0.000718347
0.00785433
0.00903345
0.0101591
0.0108905
0.0110544
0.010724
0.0100165
0.00905798
0.00796683
0.00684415
0.005768
0.00479102
0.00394377
0.00323961
0.00267719
0.00224445
0.00192314
0.00169257
0.00153214
0.00142322
0.00135035
0.00130176
0.00126929
0.00124748
0.00123729
0.0085089
0.0096781
0.0107521
0.0114413
0.011615
0.0113323
0.0106926
0.00980558
0.00877701
0.00770019
0.00664965
0.00567744
0.0048159
0.00408201
0.00347929
0.00300037
0.00263119
0.00235442
0.00215201
0.00200699
0.00190469
0.00183351
0.00178479
0.00175251
0.00173736
0.00880443
0.00989506
0.0108649
0.0114898
0.0116796
0.011474
0.0109495
0.0101926
0.00928981
0.00832058
0.00735148
0.00643155
0.00559372
0.00485879
0.00423608
0.00372433
0.00331519
0.00299618
0.00275311
0.00257174
0.0024391
0.00234421
0.00227831
0.00223502
0.0022145
0.00888695
0.00977089
0.0105786
0.0111182
0.011325
0.011216
0.01084
0.010257
0.00952935
0.00871724
0.0078748
0.00704613
0.00626444
0.00555441
0.00493105
0.00440018
0.00396027
0.00360479
0.0033243
0.0031081
0.00294551
0.00282676
0.00274362
0.00268951
0.00266326
0.0088394
0.00944284
0.0100344
0.0104556
0.0106401
0.010588
0.0103261
0.00989249
0.00932994
0.00868088
0.00798695
0.00728433
0.00660203
0.00596447
0.00538854
0.00488363
0.00445283
0.00409433
0.00380317
0.00357242
0.00339443
0.00326166
0.00316788
0.00310829
0.00307939
0.00879534
0.00920695
0.00958276
0.00985014
0.00996151
0.00990553
0.00969343
0.00934852
0.0088995
0.00837662
0.00781171
0.00723238
0.00666141
0.00611862
0.00561912
0.00517242
0.00478314
0.00445209
0.0041773
0.00395493
0.0037801
0.00364772
0.00355338
0.0034933
0.00346358
0.00868985
0.00896042
0.00919938
0.00936405
0.00942203
0.00936033
0.00918206
0.00890079
0.00853597
0.00811005
0.00764662
0.00716629
0.00668726
0.00622572
0.00579443
0.00540229
0.00505459
0.00475365
0.00449943
0.00429027
0.00412345
0.00399567
0.00390389
0.0038452
0.00381616
0.00856055
0.00874106
0.00889252
0.00898927
0.00901001
0.00894361
0.00878954
0.00855547
0.00825442
0.00790257
0.00751737
0.00711486
0.00670937
0.00631419
0.00594018
0.00559541
0.00528533
0.00501304
0.00477975
0.00458527
0.00442843
0.00430728
0.00421981
0.00416383
0.0041365
0.00844004
0.00855819
0.00865074
0.00870096
0.00869457
0.00862316
0.00848514
0.00828492
0.00803127
0.00773582
0.00741156
0.00707084
0.00672505
0.00638496
0.00605973
0.00575654
0.00548062
0.00523543
0.00502292
0.00484385
0.00469813
0.00458486
0.00450291
0.00445064
0.00442563
0.00833154
0.00840492
0.00845637
0.00847427
0.00844878
0.00837373
0.00824743
0.00807249
0.00785494
0.00760319
0.00732696
0.00703581
0.00673875
0.00644448
0.00616067
0.00589362
0.0056482
0.00542795
0.00523519
0.0050713
0.00493687
0.00483185
0.00475584
0.00470779
0.00468547
0.00823518
0.00827597
0.00829808
0.00829323
0.00825446
0.00817725
0.00806017
0.00790481
0.0077154
0.00749808
0.00726019
0.00700917
0.00675218
0.00649618
0.0062476
0.0060119
0.00579351
0.00559585
0.00542142
0.00527193
0.00514845
0.00505147
0.00498128
0.00493754
0.00491814
0.00815021
0.0081671
0.00816808
0.00814714
0.00809929
0.00802123
0.00791182
0.0077721
0.00760508
0.00741531
0.00720837
0.00699013
0.00676628
0.00654239
0.00632382
0.00611525
0.00592065
0.00574323
0.00558549
0.00544934
0.00533612
0.00524668
0.00518187
0.00514225
0.00512609
0.00807562
0.00807493
0.00806068
0.00802845
0.00797461
0.00789676
0.00779401
0.00766711
0.00751825
0.00735083
0.00716915
0.00697787
0.00678157
0.00658472
0.0063917
0.00620656
0.00603278
0.00587332
0.00573058
0.00560654
0.00550271
0.00542019
0.00536011
0.00532434
0.00531353
0.00801036
0.00799681
0.00797166
0.00793164
0.00787408
0.00779724
0.00770048
0.00758432
0.00745044
0.0073014
0.00714054
0.00697157
0.00679825
0.00662419
0.00645298
0.00628801
0.00613236
0.00598867
0.00585923
0.00574598
0.00565055
0.00557428
0.00551838
0.00548702
0.00548521
0.00795343
0.00793055
0.0078977
0.00785247
0.00779289
0.00771768
0.00762638
0.00751942
0.00739808
0.00726435
0.00712082
0.00697045
0.00681635
0.00666152
0.00650888
0.00636125
0.00622127
0.0060913
0.00597343
0.00586949
0.00578117
0.00571014
0.00565822
0.00562748
0.00563862
0.00790393
0.00787436
0.00783621
0.00778768
0.00772731
0.00765417
0.00756794
0.00746899
0.00735831
0.00723747
0.00710851
0.00697378
0.00683583
0.00669721
0.00656035
0.00642758
0.00630108
0.00618291
0.00607488
0.00597864
0.00589565
0.00582725
0.00577482
0.00574025
0.00573233
0.00786102
0.00782676
0.00778511
0.0077347
0.00767445
0.00760369
0.00752221
0.00743032
0.00732882
0.00721897
0.00710236
0.0069809
0.00685664
0.00673171
0.0066082
0.00648805
0.00637309
0.00626497
0.00616521
0.00607515
0.0059959
0.00592837
0.00587328
0.00583152
0.00580494
0.00782395
0.00778654
0.00774273
0.00769149
0.00763202
0.00756384
0.00748682
0.00740125
0.00730776
0.00720736
0.00710135
0.00699123
0.00687868
0.00676544
0.00665324
0.00654377
0.00643854
0.00633891
0.00624605
0.00616095
0.0060844
0.00601689
0.00595876
0.00591034
0.00587187
0.00779207
0.00775266
0.00770771
0.00765642
0.0075982
0.00753273
0.00745993
0.00738005
0.00729362
0.00720146
0.0071046
0.00700429
0.00690185
0.00679869
0.00669625
0.00659589
0.00649889
0.00640636
0.00631921
0.00623813
0.0061636
0.00609582
0.00603483
0.00598057
0.00593274
0.00776479
0.00772428
0.00767893
0.00762817
0.00757155
0.00750885
0.00744004
0.00736534
0.0072852
0.00720028
0.00711144
0.00701965
0.00692601
0.00683166
0.00673775
0.00664536
0.00655552
0.0064691
0.00638678
0.00630903
0.00623609
0.00616794
0.00610435
0.00604503
0.00598951
0.00774161
0.00770066
0.0076555
0.00760568
0.0075509
0.00749099
0.00742596
0.00735601
0.00728153
0.00720305
0.00712127
0.00703699
0.0069511
0.00686451
0.00677814
0.00669286
0.00660945
0.00652855
0.00645064
0.00637594
0.00630448
0.00623603
0.00617013
0.00610625
0.00604388
0.00772207
0.00768121
0.00763665
0.00758809
0.00753529
0.00747816
0.00741672
0.00735117
0.00728181
0.00720911
0.00713363
0.00705604
0.00697703
0.00689736
0.00681776
0.00673892
0.00666141
0.0065857
0.00651204
0.00644048
0.00637078
0.00630245
0.00623472
0.00616669
0.0060976
0.00770578
0.00766538
0.00762175
0.00757466
0.00752395
0.00746956
0.00741154
0.00735006
0.0072854
0.00721793
0.00714813
0.00707654
0.00700373
0.00693032
0.00685688
0.00678396
0.006712
0.0066413
0.00657196
0.00650383
0.00643645
0.006369
0.00630027
0.00622868
0.00615259
0.00769237
0.00765274
0.00761027
0.0075648
0.00751623
0.00746454
0.00740977
0.0073521
0.00729175
0.00722906
0.00716442
0.00709827
0.00703111
0.00696341
0.00689567
0.00682831
0.00676167
0.00669594
0.00663113
0.00656696
0.00650277
0.00643741
0.00636909
0.00629512
0.00621145
0.00768153
0.00764288
0.00760174
0.007558
0.0075116
0.00746253
0.00741087
0.00735676
0.00730041
0.00724212
0.0071822
0.00712104
0.00705905
0.00699665
0.00693422
0.00687213
0.00681067
0.00674998
0.00669005
0.00663056
0.0065708
0.00650943
0.00644407
0.00637047
0.00627745
0.00767298
0.00763547
0.00759578
0.00755383
0.00750959
0.00746308
0.00741438
0.00736362
0.007311
0.00725676
0.0072012
0.00714464
0.00708744
0.00702995
0.00697252
0.00691548
0.00685908
0.00680351
0.00674881
0.00669481
0.00664104
0.00658642
0.00652894
0.0064657
0.00637354
0.00766646
0.00763021
0.00759205
0.00755192
0.00750982
0.00746579
0.00741991
0.00737231
0.00732317
0.0072727
0.00722118
0.00716888
0.00711612
0.00706322
0.0070105
0.00695827
0.00690681
0.00685635
0.00680707
0.00675911
0.00671254
0.00666749
0.00662497
0.00658578
0.0065544
0.00766174
0.00762683
0.00759024
0.00755194
0.00751195
0.00747031
0.00742712
0.00738251
0.00733662
0.00728968
0.0072419
0.00719356
0.00714493
0.00709632
0.00704802
0.00700035
0.00695362
0.00690811
0.00686415
0.00682208
0.00678237
0.00674572
0.00671369
0.00668873
0.00667302
0.00765862
0.0076251
0.0075901
0.00755362
0.00751569
0.00747637
0.00743574
0.00739393
0.00735111
0.00730744
0.00726316
0.0072185
0.00717371
0.00712909
0.00708493
0.00704154
0.00699924
0.00695839
0.00691937
0.00688266
0.00684885
0.00681875
0.00679365
0.0067753
0.00676507
0.00765691
0.0076248
0.0075914
0.00755671
0.00752079
0.00748368
0.0074455
0.00740635
0.00736639
0.00732579
0.00728476
0.00724351
0.0072023
0.00716138
0.00712106
0.00708163
0.00704344
0.00700685
0.00697228
0.00694025
0.00691133
0.00688626
0.00686606
0.00685198
0.00684503
0.00765644
0.00762576
0.00759394
0.00756101
0.00752702
0.00749205
0.00745618
0.00741954
0.00738227
0.00734453
0.00730652
0.00726844
0.00723053
0.00719305
0.00715626
0.00712047
0.00708601
0.00705326
0.00702262
0.00699458
0.00696968
0.00694852
0.0069319
0.00692075
0.00691577
0.00765705
0.00762779
0.00759753
0.00756631
0.0075342
0.00750126
0.00746759
0.00743331
0.00739856
0.00736349
0.00732829
0.00729315
0.00725829
0.00722395
0.0071904
0.00715792
0.00712683
0.00709749
0.00707028
0.00704564
0.00702403
0.00700595
0.00699201
0.0069829
0.0069791
0.00765862
0.00763076
0.00760202
0.00757246
0.00754215
0.00751115
0.00747956
0.00744751
0.00741512
0.00738254
0.00734994
0.00731751
0.00728546
0.007254
0.0072234
0.00719391
0.00716584
0.00713951
0.00711528
0.00709352
0.00707463
0.00705901
0.00704713
0.00703951
0.00703646
0.00766102
0.00763453
0.00760727
0.00757931
0.00755072
0.00752157
0.00749195
0.00746199
0.0074318
0.00740153
0.00737135
0.00734142
0.00731194
0.00728312
0.00725519
0.0072284
0.00720302
0.00717935
0.00715769
0.00713838
0.00712175
0.00710812
0.00709787
0.00709137
0.00708885
0.00766414
0.00763897
0.00761315
0.00758673
0.00755978
0.00753238
0.00750462
0.00747662
0.00744849
0.00742037
0.00739242
0.00736479
0.00733767
0.00731125
0.00728574
0.00726137
0.00723839
0.00721705
0.00719763
0.00718041
0.00716568
0.00715369
0.00714474
0.00713911
0.00713698
0.00766787
0.007644
0.00761956
0.00759461
0.00756923
0.00754348
0.00751747
0.00749131
0.0074651
0.00743897
0.00741308
0.00738756
0.0073626
0.00733836
0.00731504
0.00729284
0.00727198
0.0072527
0.00723523
0.00721981
0.00720668
0.00719606
0.00718817
0.00718324
0.00718141
0.00767213
0.0076495
0.00762639
0.00760285
0.00757895
0.00755477
0.00753041
0.00750596
0.00748153
0.00745726
0.00743326
0.00740969
0.00738669
0.00736443
0.00734308
0.00732283
0.00730387
0.0072864
0.00727063
0.00725676
0.007245
0.00723553
0.00722852
0.00722416
0.00722257
0.00767683
0.0076554
0.00763356
0.00761135
0.00758886
0.00756616
0.00754334
0.0075205
0.00749773
0.00747517
0.00745292
0.00743113
0.00740992
0.00738946
0.0073699
0.00735139
0.00733411
0.00731824
0.00730396
0.00729144
0.00728086
0.00727236
0.0072661
0.00726221
0.00726081
0.0076819
0.00766162
0.00764099
0.00762005
0.0075989
0.00757759
0.00755621
0.00753486
0.00751364
0.00749266
0.00747202
0.00745186
0.00743229
0.00741346
0.00739551
0.00737856
0.00736279
0.00734834
0.00733536
0.00732402
0.00731446
0.0073068
0.00730116
0.00729768
0.00729643
0.00768728
0.0076681
0.00764861
0.00762888
0.00760898
0.00758898
0.00756896
0.00754901
0.00752922
0.0075097
0.00749054
0.00747187
0.0074538
0.00743645
0.00741994
0.00740441
0.00738998
0.00737678
0.00736497
0.00735466
0.00734598
0.00733904
0.00733394
0.0073308
0.00732969
0.0076929
0.00767476
0.00765637
0.00763779
0.00761907
0.00760029
0.00758154
0.00756289
0.00754443
0.00752625
0.00750846
0.00749116
0.00747445
0.00745845
0.00744325
0.00742898
0.00741575
0.00740368
0.00739288
0.00738348
0.00737558
0.00736927
0.00736464
0.00736179
0.00736079
0.00769872
0.00768158
0.00766422
0.00764671
0.00762911
0.00761148
0.00759391
0.00757647
0.00755924
0.00754231
0.00752578
0.00750973
0.00749426
0.00747948
0.00746547
0.00745234
0.00744019
0.00742911
0.00741923
0.00741063
0.00740341
0.00739765
0.00739343
0.00739084
0.00738993
0.00770469
0.00768849
0.00767211
0.00765561
0.00763906
0.00762251
0.00760604
0.00758972
0.00757364
0.00755786
0.00754248
0.00752758
0.00751325
0.00749957
0.00748664
0.00747454
0.00746335
0.00745318
0.0074441
0.00743622
0.00742961
0.00742433
0.00742047
0.00741809
0.00741727
0.00771076
0.00769545
0.00768
0.00766446
0.00764889
0.00763335
0.00761791
0.00760263
0.0075876
0.00757289
0.00755857
0.00754473
0.00753143
0.00751877
0.00750681
0.00749564
0.00748532
0.00747595
0.0074676
0.00746035
0.00745428
0.00744944
0.00744589
0.00744371
0.00744296
0.00771691
0.00770244
0.00768786
0.00767321
0.00765856
0.00764397
0.00762949
0.00761519
0.00760113
0.0075874
0.00757406
0.00756118
0.00754884
0.00753709
0.00752602
0.00751569
0.00750616
0.00749752
0.00748982
0.00748314
0.00747754
0.00747308
0.00746982
0.0074678
0.00746711
0.00772309
0.00770942
0.00769566
0.00768186
0.00766807
0.00765435
0.00764076
0.00762737
0.00761422
0.0076014
0.00758896
0.00757697
0.00756549
0.00755458
0.00754432
0.00753474
0.00752593
0.00751794
0.00751082
0.00750465
0.00749948
0.00749537
0.00749235
0.00749049
0.00748986
0.00772928
0.00771636
0.00770337
0.00769036
0.00767738
0.00766448
0.00765173
0.00763917
0.00762687
0.00761488
0.00760327
0.00759209
0.0075814
0.00757127
0.00756173
0.00755286
0.00754469
0.00753728
0.00753069
0.00752498
0.0075202
0.00751639
0.0075136
0.00751188
0.00751129
0.00773545
0.00772324
0.00771097
0.00769871
0.00768648
0.00767435
0.00766237
0.00765059
0.00763907
0.00762785
0.007617
0.00760657
0.00759662
0.00758718
0.00757832
0.00757007
0.00756248
0.00755561
0.0075495
0.0075442
0.00753977
0.00753623
0.00753365
0.00753205
0.0075315
0.00774158
0.00773003
0.00771845
0.00770688
0.00769536
0.00768395
0.00767269
0.00766163
0.00765082
0.00764032
0.00763018
0.00762044
0.00761115
0.00760235
0.0075941
0.00758642
0.00757937
0.00757299
0.00756731
0.00756239
0.00755826
0.00755498
0.00755257
0.00755108
0.00755057
0.00774766
0.00773673
0.00772579
0.00771487
0.00770401
0.00769326
0.00768267
0.00767228
0.00766214
0.0076523
0.00764281
0.0076337
0.00762502
0.00761682
0.00760912
0.00760197
0.0075954
0.00758946
0.00758417
0.00757959
0.00757575
0.00757269
0.00757044
0.00756906
0.00756858
0.00775365
0.00774331
0.00773297
0.00772265
0.00771241
0.00770229
0.00769232
0.00768255
0.00767303
0.0076638
0.00765491
0.00764638
0.00763827
0.0076306
0.00762341
0.00761674
0.00761062
0.00760507
0.00760014
0.00759587
0.00759229
0.00758943
0.00758733
0.00758604
0.00758559
0.00775956
0.00774977
0.00773998
0.00773023
0.00772057
0.00771102
0.00770163
0.00769244
0.0076835
0.00767483
0.00766649
0.0076585
0.0076509
0.00764373
0.00763701
0.00763078
0.00762505
0.00761987
0.00761527
0.00761128
0.00760793
0.00760526
0.0076033
0.00760208
0.00760166
0.00776535
0.00775608
0.00774682
0.0077376
0.00772847
0.00771946
0.00771061
0.00770196
0.00769354
0.0076854
0.00767756
0.00767007
0.00766295
0.00765623
0.00764994
0.00764411
0.00763876
0.00763391
0.0076296
0.00762587
0.00762274
0.00762023
0.00761839
0.00761725
0.00761686
0.00777103
0.00776224
0.00775346
0.00774475
0.00773611
0.00772761
0.00771926
0.0077111
0.00770318
0.00769552
0.00768815
0.00768112
0.00767443
0.00766813
0.00766224
0.00765677
0.00765176
0.00764722
0.00764318
0.00763968
0.00763674
0.00763439
0.00763267
0.00763159
0.00763122
0.00777658
0.00776824
0.00775992
0.00775166
0.0077435
0.00773546
0.00772758
0.00771988
0.00771241
0.0077052
0.00769827
0.00769165
0.00768537
0.00767946
0.00767392
0.00766879
0.00766409
0.00765983
0.00765604
0.00765276
0.00765
0.00764779
0.00764616
0.00764515
0.0076448
0.00778199
0.00777407
0.00776618
0.00775835
0.00775062
0.00774302
0.00773556
0.0077283
0.00772125
0.00771445
0.00770792
0.00770169
0.00769579
0.00769022
0.00768502
0.00768021
0.00767578
0.00767178
0.00766822
0.00766513
0.00766253
0.00766046
0.00765892
0.00765797
0.00765763
0.00778725
0.00777972
0.00777223
0.00776481
0.00775748
0.00775028
0.00774323
0.00773636
0.00772971
0.00772329
0.00771713
0.00771126
0.0077057
0.00770046
0.00769556
0.00769103
0.00768687
0.0076831
0.00767975
0.00767684
0.00767439
0.00767243
0.00767099
0.00767008
0.00766976
0.00779235
0.00778519
0.00777808
0.00777103
0.00776408
0.00775725
0.00775057
0.00774408
0.00773778
0.00773171
0.0077259
0.00772036
0.00771511
0.00771018
0.00770557
0.00770129
0.00769737
0.00769382
0.00769067
0.00768792
0.00768561
0.00768376
0.00768239
0.00768153
0.00768122
0.0077973
0.00779048
0.00778371
0.00777701
0.00777041
0.00776393
0.0077576
0.00775144
0.00774548
0.00773975
0.00773425
0.00772902
0.00772406
0.0077194
0.00771505
0.00771102
0.00770732
0.00770397
0.00770099
0.00769839
0.00769621
0.00769445
0.00769316
0.00769234
0.00769204
0.00780208
0.00779558
0.00778913
0.00778276
0.00777648
0.00777032
0.00776432
0.00775848
0.00775283
0.00774739
0.00774219
0.00773724
0.00773255
0.00772815
0.00772403
0.00772022
0.00771673
0.00771356
0.00771074
0.00770829
0.00770622
0.00770456
0.00770332
0.00770254
0.00770226
0.00780668
0.00780048
0.00779433
0.00778826
0.00778229
0.00777643
0.00777072
0.00776517
0.00775981
0.00775466
0.00774973
0.00774504
0.0077406
0.00773643
0.00773254
0.00772893
0.00772562
0.00772263
0.00771995
0.00771763
0.00771567
0.00771409
0.00771291
0.00771217
0.0077119
0.00781111
0.00780519
0.00779932
0.00779353
0.00778783
0.00778226
0.00777682
0.00777155
0.00776645
0.00776156
0.00775687
0.00775242
0.00774822
0.00774427
0.00774058
0.00773716
0.00773403
0.00773118
0.00772865
0.00772644
0.00772458
0.00772307
0.00772196
0.00772124
0.00772098
0.00781536
0.00780969
0.00780408
0.00779855
0.00779312
0.0077878
0.00778262
0.0077776
0.00777275
0.00776809
0.00776364
0.00775942
0.00775542
0.00775167
0.00774817
0.00774493
0.00774195
0.00773925
0.00773684
0.00773474
0.00773297
0.00773154
0.00773047
0.00772979
0.00772953
0.00781943
0.007814
0.00780863
0.00780334
0.00779814
0.00779306
0.00778812
0.00778333
0.00777871
0.00777428
0.00777004
0.00776602
0.00776222
0.00775865
0.00775533
0.00775225
0.00774942
0.00774685
0.00774456
0.00774256
0.00774087
0.0077395
0.00773848
0.00773782
0.00773757
0.0078233
0.0078181
0.00781295
0.00780788
0.00780291
0.00779805
0.00779333
0.00778875
0.00778434
0.00778011
0.00777608
0.00777225
0.00776863
0.00776523
0.00776207
0.00775913
0.00775644
0.007754
0.00775181
0.00774991
0.00774829
0.00774698
0.007746
0.00774536
0.00774511
0.00782699
0.00782199
0.00781705
0.00781218
0.00780742
0.00780277
0.00779825
0.00779387
0.00778966
0.00778561
0.00778176
0.00777811
0.00777466
0.00777142
0.0077684
0.0077656
0.00776304
0.00776071
0.00775862
0.0077568
0.00775525
0.007754
0.00775305
0.00775243
0.00775219
0.00783049
0.00782567
0.00782092
0.00781625
0.00781167
0.00780721
0.00780288
0.00779868
0.00779465
0.00779078
0.0077871
0.00778361
0.00778031
0.00777722
0.00777434
0.00777167
0.00776922
0.00776699
0.007765
0.00776325
0.00776177
0.00776056
0.00775965
0.00775905
0.00775881
0.00783379
0.00782914
0.00782457
0.00782007
0.00781567
0.00781138
0.00780722
0.0078032
0.00779933
0.00779563
0.0077921
0.00778876
0.0077856
0.00778265
0.00777989
0.00777734
0.007775
0.00777287
0.00777096
0.00776929
0.00776786
0.0077667
0.00776582
0.00776523
0.00776499
0.00783689
0.00783241
0.00782799
0.00782366
0.00781942
0.00781529
0.00781129
0.00780742
0.00780371
0.00780015
0.00779677
0.00779356
0.00779054
0.00778771
0.00778508
0.00778263
0.00778039
0.00777835
0.00777652
0.00777491
0.00777354
0.00777242
0.00777156
0.00777099
0.00777074
0.00783979
0.00783546
0.00783119
0.007827
0.00782291
0.00781893
0.00781507
0.00781135
0.00780778
0.00780436
0.00780111
0.00779803
0.00779513
0.00779242
0.00778989
0.00778755
0.0077854
0.00778344
0.00778169
0.00778015
0.00777883
0.00777774
0.00777691
0.00777634
0.00777608
0.0078425
0.00783829
0.00783416
0.00783011
0.00782616
0.00782231
0.00781859
0.00781499
0.00781155
0.00780826
0.00780513
0.00780217
0.00779938
0.00779678
0.00779435
0.00779211
0.00779004
0.00778817
0.00778648
0.007785
0.00778372
0.00778267
0.00778186
0.00778129
0.00778102
0.007845
0.00784092
0.00783691
0.00783298
0.00782915
0.00782543
0.00782182
0.00781835
0.00781502
0.00781185
0.00780883
0.00780598
0.0078033
0.0078008
0.00779846
0.00779631
0.00779433
0.00779253
0.00779091
0.00778948
0.00778825
0.00778724
0.00778644
0.00778587
0.00778558
0.00784729
0.00784333
0.00783943
0.00783561
0.00783189
0.00782828
0.00782479
0.00782142
0.0078182
0.00781513
0.00781222
0.00780947
0.00780689
0.00780448
0.00780223
0.00780016
0.00779827
0.00779654
0.00779499
0.00779361
0.00779243
0.00779144
0.00779065
0.00779008
0.00778977
0.00784939
0.00784552
0.00784172
0.007838
0.00783439
0.00783087
0.00782748
0.00782422
0.00782109
0.00781812
0.0078153
0.00781264
0.00781015
0.00780782
0.00780567
0.00780368
0.00780186
0.0078002
0.00779872
0.0077974
0.00779627
0.00779531
0.00779454
0.00779395
0.00779361
0.00785127
0.00784749
0.00784378
0.00784016
0.00783663
0.00783321
0.0078299
0.00782673
0.00782369
0.0078208
0.00781807
0.00781549
0.00781309
0.00781084
0.00780877
0.00780686
0.00780511
0.00780353
0.00780212
0.00780087
0.00779978
0.00779886
0.0077981
0.00779749
0.00779712
0.00785296
0.00784925
0.00784562
0.00784208
0.00783863
0.00783528
0.00783206
0.00782896
0.007826
0.00782319
0.00782053
0.00781804
0.0078157
0.00781353
0.00781153
0.0078097
0.00780803
0.00780653
0.00780519
0.00780401
0.00780299
0.00780212
0.00780137
0.00780074
0.00780032
0.00785443
0.00785079
0.00784723
0.00784376
0.00784038
0.0078371
0.00783395
0.00783092
0.00782803
0.00782528
0.00782269
0.00782026
0.007818
0.0078159
0.00781397
0.00781221
0.00781062
0.0078092
0.00780795
0.00780685
0.00780591
0.0078051
0.0078044
0.00780374
0.00780326
0.0078557
0.00785212
0.00784862
0.0078452
0.00784188
0.00783866
0.00783557
0.0078326
0.00782976
0.00782708
0.00782455
0.00782218
0.00781997
0.00781794
0.00781608
0.00781439
0.00781288
0.00781155
0.00781039
0.0078094
0.00780857
0.00780786
0.00780722
0.00780656
0.007806
0.00785676
0.00785323
0.00784978
0.00784641
0.00784314
0.00783997
0.00783692
0.007834
0.00783122
0.00782858
0.0078261
0.00782378
0.00782162
0.00781965
0.00781785
0.00781623
0.0078148
0.00781356
0.00781252
0.00781166
0.00781097
0.00781041
0.00780989
0.00780927
0.00780868
0.00785762
0.00785413
0.00785072
0.00784739
0.00784415
0.00784103
0.00783802
0.00783514
0.00783239
0.00782979
0.00782735
0.00782507
0.00782296
0.00782102
0.00781928
0.00781772
0.00781637
0.00781523
0.00781431
0.00781361
0.00781312
0.00781279
0.0078125
0.00781202
0.00781148
0.00785827
0.00785482
0.00785143
0.00784814
0.00784493
0.00784184
0.00783886
0.007836
0.00783329
0.00783071
0.0078283
0.00782605
0.00782397
0.00782207
0.00782036
0.00781886
0.00781758
0.00781654
0.00781575
0.00781524
0.00781501
0.00781502
0.00781513
0.00781502
0.00781478
0.00785873
0.00785529
0.00785193
0.00784866
0.00784547
0.0078424
0.00783944
0.0078366
0.0078339
0.00783135
0.00782895
0.00782671
0.00782465
0.00782277
0.00782109
0.00781962
0.0078184
0.00781743
0.00781678
0.00781646
0.00781653
0.00781702
0.00781783
0.00781869
0.00781955
0.00785899
0.00785556
0.00785222
0.00784895
0.00784578
0.00784272
0.00783977
0.00783694
0.00783425
0.0078317
0.0078293
0.00782707
0.00782501
0.00782313
0.00782145
0.00782
0.00781879
0.00781787
0.00781729
0.00781714
0.00781753
0.00781858
0.00782054
0.00782401
0.00782894
0.00785909
0.00785568
0.00785233
0.00784907
0.00784591
0.00784284
0.00783989
0.00783707
0.00783437
0.00783182
0.00782942
0.00782718
0.00782511
0.00782322
0.00782153
0.00782006
0.00781884
0.00781792
0.00781738
0.00781732
0.00781793
0.0078195
0.00782282
0.00783079
0.0078462
0.00570615
0.00572597
0.0057222
0.00570276
0.00567378
0.00563839
0.00559842
0.00555513
0.00550944
0.00546201
0.00541333
0.00536377
0.00531358
0.00526297
0.00521207
0.00516099
0.00510981
0.00505858
0.00500735
0.00495613
0.00490496
0.00485384
0.00480278
0.00475179
0.00470087
0.00465003
0.00459926
0.00454857
0.00449795
0.0044474
0.00439692
0.00434651
0.00429617
0.00424589
0.00419567
0.00414552
0.00409542
0.00404538
0.00399539
0.00394545
0.00389557
0.00384573
0.00379594
0.00374619
0.00369648
0.00364681
0.00359718
0.00354759
0.00349803
0.0034485
0.00339901
0.00334954
0.00330011
0.0032507
0.00320131
0.00315195
0.00310262
0.0030533
0.003004
0.00295473
0.00290547
0.00285623
0.00280701
0.0027578
0.00270861
0.00265943
0.00261026
0.00256111
0.00251197
0.00246284
0.00241372
0.00236462
0.00231552
0.00226643
0.00221735
0.00216828
0.00211921
0.00207016
0.00202111
0.00197207
0.00192304
0.00187401
0.00182499
0.00177597
0.00172697
0.00167796
0.00162897
0.00157997
0.00153099
0.001482
0.00143303
0.00138405
0.00133509
0.00128612
0.00123716
0.00118821
0.00113925
0.00109031
0.00104136
0.000992419
0.00094348
0.000894544
0.00084561
0.000796679
0.000747751
0.000698825
0.000649901
0.000600978
0.000552058
0.000503139
0.000454221
0.000405305
0.00035639
0.000307477
0.000258564
0.000209652
0.000160757
0.000111825
6.32265e-05
1.97816e-05
0.0057455
0.00574761
0.00573363
0.00570909
0.00567722
0.00564014
0.0055992
0.00555534
0.00550933
0.00546173
0.00541297
0.00536338
0.0053132
0.00526261
0.00521174
0.0051607
0.00510955
0.00505836
0.00500716
0.00495598
0.00490483
0.00485373
0.00480269
0.00475172
0.00470082
0.00464998
0.00459923
0.00454854
0.00449793
0.00444738
0.00439691
0.0043465
0.00429616
0.00424588
0.00419567
0.00414552
0.00409542
0.00404538
0.00399539
0.00394546
0.00389557
0.00384573
0.00379594
0.00374619
0.00369648
0.00364682
0.00359719
0.00354759
0.00349803
0.00344851
0.00339901
0.00334955
0.00330011
0.0032507
0.00320132
0.00315196
0.00310262
0.0030533
0.00300401
0.00295473
0.00290547
0.00285623
0.00280701
0.0027578
0.00270861
0.00265943
0.00261027
0.00256111
0.00251197
0.00246284
0.00241373
0.00236462
0.00231552
0.00226643
0.00221735
0.00216828
0.00211922
0.00207016
0.00202111
0.00197207
0.00192304
0.00187401
0.00182499
0.00177598
0.00172697
0.00167796
0.00162897
0.00157997
0.00153099
0.00148201
0.00143303
0.00138406
0.00133509
0.00128612
0.00123716
0.00118821
0.00113926
0.00109031
0.00104136
0.000992419
0.00094348
0.000894544
0.000845611
0.00079668
0.000747752
0.000698826
0.000649902
0.00060098
0.000552059
0.000503141
0.000454224
0.000405309
0.000356397
0.000307486
0.000258574
0.000209653
0.000160719
0.000111611
6.24231e-05
1.92696e-05
0.00579406
0.00577757
0.00575374
0.00572297
0.00568686
0.00564682
0.00560381
0.00555852
0.00551151
0.00546321
0.00541397
0.00536404
0.00531362
0.00526286
0.00521189
0.00516077
0.00510958
0.00505836
0.00500714
0.00495594
0.00490479
0.00485369
0.00480265
0.00475168
0.00470079
0.00464996
0.0045992
0.00454852
0.00449791
0.00444737
0.0043969
0.00434649
0.00429615
0.00424588
0.00419566
0.00414551
0.00409542
0.00404538
0.00399539
0.00394545
0.00389557
0.00384573
0.00379594
0.00374619
0.00369648
0.00364682
0.00359719
0.00354759
0.00349804
0.00344851
0.00339901
0.00334955
0.00330011
0.0032507
0.00320132
0.00315196
0.00310262
0.0030533
0.00300401
0.00295473
0.00290548
0.00285624
0.00280701
0.0027578
0.00270861
0.00265943
0.00261027
0.00256111
0.00251197
0.00246284
0.00241373
0.00236462
0.00231552
0.00226643
0.00221735
0.00216828
0.00211922
0.00207016
0.00202111
0.00197207
0.00192304
0.00187401
0.00182499
0.00177598
0.00172697
0.00167796
0.00162897
0.00157997
0.00153099
0.00148201
0.00143303
0.00138406
0.00133509
0.00128612
0.00123716
0.00118821
0.00113926
0.00109031
0.00104136
0.000992419
0.00094348
0.000894544
0.000845611
0.00079668
0.000747752
0.000698826
0.000649902
0.00060098
0.00055206
0.000503141
0.000454224
0.000405309
0.000356396
0.000307483
0.000258566
0.000209628
0.000160645
0.000111436
6.20748e-05
1.9064e-05
0.00584164
0.0058118
0.00577869
0.00574142
0.00570056
0.00565696
0.00561127
0.00556399
0.00551551
0.00546612
0.00541608
0.00536556
0.00531471
0.00526365
0.00521244
0.00516116
0.00510985
0.00505854
0.00500726
0.00495602
0.00490484
0.00485372
0.00480267
0.00475169
0.00470079
0.00464996
0.0045992
0.00454852
0.00449791
0.00444737
0.0043969
0.00434649
0.00429615
0.00424588
0.00419567
0.00414551
0.00409542
0.00404538
0.00399539
0.00394546
0.00389557
0.00384574
0.00379594
0.0037462
0.00369649
0.00364682
0.00359719
0.0035476
0.00349804
0.00344851
0.00339902
0.00334955
0.00330012
0.00325071
0.00320132
0.00315196
0.00310262
0.00305331
0.00300401
0.00295474
0.00290548
0.00285624
0.00280701
0.00275781
0.00270861
0.00265943
0.00261027
0.00256112
0.00251198
0.00246285
0.00241373
0.00236462
0.00231552
0.00226643
0.00221735
0.00216828
0.00211922
0.00207016
0.00202111
0.00197207
0.00192304
0.00187401
0.00182499
0.00177598
0.00172697
0.00167797
0.00162897
0.00157998
0.00153099
0.00148201
0.00143303
0.00138406
0.00133509
0.00128612
0.00123716
0.00118821
0.00113926
0.00109031
0.00104136
0.00099242
0.000943481
0.000894545
0.000845611
0.00079668
0.000747752
0.000698826
0.000649902
0.000600979
0.000552059
0.00050314
0.000454223
0.000405308
0.000356394
0.00030748
0.00025856
0.000209611
0.000160603
0.000111357
6.19936e-05
1.90222e-05
0.00588987
0.00584865
0.0058066
0.00576263
0.00571674
0.00566926
0.00562057
0.005571
0.00552076
0.00547005
0.00541901
0.00536773
0.00531632
0.00526483
0.00521331
0.0051618
0.00511031
0.00505888
0.0050075
0.0049562
0.00490497
0.00485381
0.00480274
0.00475174
0.00470083
0.00464999
0.00459922
0.00454854
0.00449792
0.00444738
0.00439691
0.00434651
0.00429617
0.00424589
0.00419568
0.00414553
0.00409543
0.00404539
0.00399541
0.00394547
0.00389559
0.00384575
0.00379595
0.00374621
0.0036965
0.00364683
0.0035972
0.00354761
0.00349805
0.00344852
0.00339903
0.00334956
0.00330012
0.00325071
0.00320133
0.00315197
0.00310263
0.00305331
0.00300402
0.00295474
0.00290548
0.00285624
0.00280702
0.00275781
0.00270862
0.00265944
0.00261027
0.00256112
0.00251198
0.00246285
0.00241373
0.00236462
0.00231552
0.00226643
0.00221735
0.00216828
0.00211922
0.00207016
0.00202112
0.00197208
0.00192304
0.00187401
0.00182499
0.00177598
0.00172697
0.00167797
0.00162897
0.00157998
0.00153099
0.00148201
0.00143303
0.00138406
0.00133509
0.00128612
0.00123716
0.00118821
0.00113926
0.00109031
0.00104136
0.00099242
0.000943481
0.000894545
0.000845612
0.000796681
0.000747752
0.000698826
0.000649902
0.000600979
0.000552059
0.00050314
0.000454223
0.000405307
0.000356393
0.000307479
0.000258557
0.000209605
0.000160587
0.000111334
6.19891e-05
1.90205e-05
0.00593696
0.00588611
0.00583576
0.00578517
0.00573413
0.00568263
0.00563081
0.00557881
0.0055267
0.00547455
0.0054224
0.00537029
0.00531824
0.00526627
0.00521438
0.00516259
0.00511091
0.00505932
0.00500783
0.00495644
0.00490515
0.00485395
0.00480284
0.00475182
0.00470089
0.00465004
0.00459927
0.00454857
0.00449795
0.00444741
0.00439694
0.00434653
0.00429619
0.00424591
0.0041957
0.00414555
0.00409545
0.00404541
0.00399542
0.00394549
0.0038956
0.00384576
0.00379597
0.00374622
0.00369651
0.00364685
0.00359721
0.00354762
0.00349806
0.00344853
0.00339904
0.00334957
0.00330013
0.00325072
0.00320134
0.00315198
0.00310264
0.00305332
0.00300402
0.00295475
0.00290549
0.00285625
0.00280702
0.00275782
0.00270862
0.00265944
0.00261028
0.00256112
0.00251198
0.00246285
0.00241373
0.00236463
0.00231553
0.00226644
0.00221736
0.00216829
0.00211922
0.00207017
0.00202112
0.00197208
0.00192304
0.00187402
0.00182499
0.00177598
0.00172697
0.00167797
0.00162897
0.00157998
0.00153099
0.00148201
0.00143303
0.00138406
0.00133509
0.00128613
0.00123717
0.00118821
0.00113926
0.00109031
0.00104136
0.000992421
0.000943482
0.000894546
0.000845612
0.000796681
0.000747753
0.000698826
0.000649902
0.00060098
0.000552059
0.00050314
0.000454223
0.000405307
0.000356393
0.00030748
0.000258558
0.000209604
0.000160583
0.000111334
6.19986e-05
1.90234e-05
0.00598275
0.00592312
0.00586493
0.00580791
0.00575173
0.0056962
0.00564125
0.00558681
0.00553282
0.00547921
0.00542594
0.00537297
0.00532026
0.00526779
0.00521553
0.00516345
0.00511155
0.0050598
0.00500819
0.00495671
0.00490535
0.00485411
0.00480296
0.00475192
0.00470097
0.0046501
0.00459932
0.00454862
0.004498
0.00444745
0.00439697
0.00434656
0.00429622
0.00424594
0.00419573
0.00414558
0.00409548
0.00404544
0.00399545
0.00394551
0.00389563
0.00384579
0.00379599
0.00374624
0.00369653
0.00364686
0.00359723
0.00354764
0.00349808
0.00344855
0.00339905
0.00334959
0.00330015
0.00325073
0.00320135
0.00315199
0.00310265
0.00305333
0.00300403
0.00295476
0.0029055
0.00285626
0.00280703
0.00275782
0.00270863
0.00265945
0.00261028
0.00256113
0.00251199
0.00246286
0.00241374
0.00236463
0.00231553
0.00226644
0.00221736
0.00216829
0.00211922
0.00207017
0.00202112
0.00197208
0.00192305
0.00187402
0.001825
0.00177598
0.00172697
0.00167797
0.00162897
0.00157998
0.00153099
0.00148201
0.00143303
0.00138406
0.00133509
0.00128613
0.00123717
0.00118821
0.00113926
0.00109031
0.00104136
0.000992422
0.000943483
0.000894547
0.000845613
0.000796682
0.000747753
0.000698827
0.000649903
0.00060098
0.00055206
0.000503141
0.000454223
0.000405308
0.000356394
0.00030748
0.000258558
0.000209604
0.000160583
0.000111334
6.19987e-05
1.90235e-05
0.00602765
0.0059591
0.00589313
0.00582977
0.00576858
0.00570916
0.00565121
0.00559444
0.00553864
0.00548365
0.00542931
0.00537552
0.00532219
0.00526924
0.00521662
0.00516428
0.00511217
0.00506027
0.00500854
0.00495698
0.00490556
0.00485427
0.00480309
0.00475202
0.00470105
0.00465017
0.00459938
0.00454867
0.00449804
0.00444749
0.00439701
0.0043466
0.00429626
0.00424598
0.00419576
0.00414561
0.00409551
0.00404547
0.00399548
0.00394554
0.00389565
0.00384581
0.00379602
0.00374627
0.00369656
0.00364689
0.00359725
0.00354766
0.00349809
0.00344857
0.00339907
0.0033496
0.00330016
0.00325075
0.00320136
0.003152
0.00310266
0.00305334
0.00300404
0.00295476
0.00290551
0.00285626
0.00280704
0.00275783
0.00270863
0.00265945
0.00261029
0.00256113
0.00251199
0.00246286
0.00241374
0.00236463
0.00231553
0.00226644
0.00221736
0.00216829
0.00211923
0.00207017
0.00202112
0.00197208
0.00192305
0.00187402
0.001825
0.00177598
0.00172697
0.00167797
0.00162897
0.00157998
0.00153099
0.00148201
0.00143303
0.00138406
0.00133509
0.00128613
0.00123717
0.00118821
0.00113926
0.00109031
0.00104137
0.000992423
0.000943484
0.000894548
0.000845614
0.000796683
0.000747754
0.000698828
0.000649903
0.000600981
0.00055206
0.000503141
0.000454224
0.000405308
0.000356394
0.00030748
0.000258558
0.000209606
0.000160588
0.000111334
6.19893e-05
1.90206e-05
0.00607198
0.00599342
0.0059194
0.00584979
0.00578383
0.00572076
0.00566002
0.00560112
0.0055437
0.00548747
0.00543219
0.00537769
0.00532382
0.00527047
0.00521754
0.00516497
0.00511269
0.00506066
0.00500884
0.00495721
0.00490573
0.0048544
0.0048032
0.00475211
0.00470112
0.00465024
0.00459944
0.00454873
0.00449809
0.00444754
0.00439706
0.00434664
0.0042963
0.00424602
0.0041958
0.00414565
0.00409555
0.0040455
0.00399551
0.00394557
0.00389568
0.00384584
0.00379604
0.00374629
0.00369658
0.00364691
0.00359728
0.00354768
0.00349811
0.00344858
0.00339909
0.00334962
0.00330018
0.00325076
0.00320138
0.00315201
0.00310267
0.00305335
0.00300405
0.00295478
0.00290552
0.00285627
0.00280705
0.00275784
0.00270864
0.00265946
0.00261029
0.00256114
0.002512
0.00246287
0.00241375
0.00236464
0.00231554
0.00226645
0.00221737
0.0021683
0.00211923
0.00207018
0.00202113
0.00197209
0.00192305
0.00187402
0.001825
0.00177599
0.00172698
0.00167797
0.00162898
0.00157998
0.001531
0.00148201
0.00143304
0.00138406
0.00133509
0.00128613
0.00123717
0.00118821
0.00113926
0.00109031
0.00104137
0.000992424
0.000943485
0.000894549
0.000845615
0.000796684
0.000747755
0.000698829
0.000649905
0.000600982
0.000552062
0.000503143
0.000454225
0.00040531
0.000356395
0.000307482
0.000258561
0.000209612
0.000160604
0.000111357
6.1994e-05
1.90223e-05
0.00611502
0.00602455
0.00594227
0.00586672
0.00579638
0.00573009
0.00566695
0.00560627
0.00554753
0.00549031
0.0054343
0.00537925
0.00532497
0.00527132
0.00521817
0.00516543
0.00511303
0.00506092
0.00500904
0.00495736
0.00490585
0.0048545
0.00480328
0.00475218
0.00470118
0.00465029
0.00459949
0.00454877
0.00449814
0.00444758
0.0043971
0.00434668
0.00429634
0.00424606
0.00419584
0.00414568
0.00409558
0.00404554
0.00399554
0.0039456
0.00389571
0.00384587
0.00379607
0.00374632
0.00369661
0.00364693
0.0035973
0.0035477
0.00349814
0.0034486
0.0033991
0.00334964
0.00330019
0.00325078
0.00320139
0.00315203
0.00310268
0.00305336
0.00300407
0.00295479
0.00290553
0.00285628
0.00280706
0.00275785
0.00270865
0.00265947
0.0026103
0.00256115
0.002512
0.00246287
0.00241375
0.00236464
0.00231554
0.00226645
0.00221737
0.0021683
0.00211924
0.00207018
0.00202113
0.00197209
0.00192305
0.00187403
0.001825
0.00177599
0.00172698
0.00167798
0.00162898
0.00157999
0.001531
0.00148202
0.00143304
0.00138406
0.0013351
0.00128613
0.00123717
0.00118822
0.00113926
0.00109031
0.00104137
0.000992426
0.000943487
0.00089455
0.000845617
0.000796685
0.000747757
0.00069883
0.000649906
0.000600984
0.000552063
0.000503144
0.000454227
0.000405312
0.000356398
0.000307485
0.000258568
0.00020963
0.000160646
0.000111437
6.20753e-05
1.90642e-05
0.00615713
0.00605021
0.00595982
0.00587897
0.00580497
0.00573615
0.00567124
0.00560932
0.00554968
0.00549183
0.00543537
0.00538
0.00532549
0.00527168
0.00521841
0.0051656
0.00511315
0.005061
0.00500909
0.0049574
0.00490589
0.00485453
0.00480331
0.0047522
0.00470121
0.00465032
0.00459952
0.0045488
0.00449817
0.00444761
0.00439713
0.00434672
0.00429637
0.00424609
0.00419587
0.00414571
0.00409561
0.00404557
0.00399557
0.00394563
0.00389574
0.0038459
0.0037961
0.00374634
0.00369663
0.00364696
0.00359732
0.00354772
0.00349815
0.00344862
0.00339912
0.00334965
0.00330021
0.00325079
0.0032014
0.00315204
0.0031027
0.00305338
0.00300408
0.0029548
0.00290553
0.00285629
0.00280706
0.00275785
0.00270866
0.00265948
0.00261031
0.00256115
0.00251201
0.00246288
0.00241376
0.00236465
0.00231555
0.00226646
0.00221738
0.0021683
0.00211924
0.00207018
0.00202113
0.00197209
0.00192306
0.00187403
0.00182501
0.00177599
0.00172698
0.00167798
0.00162898
0.00157999
0.001531
0.00148202
0.00143304
0.00138407
0.0013351
0.00128613
0.00123717
0.00118822
0.00113926
0.00109032
0.00104137
0.000992427
0.000943488
0.000894551
0.000845618
0.000796686
0.000747758
0.000698831
0.000649907
0.000600984
0.000552064
0.000503145
0.000454228
0.000405312
0.000356399
0.000307488
0.000258576
0.000209655
0.00016072
0.000111612
6.24238e-05
1.92698e-05
0.0061932
0.00606785
0.00596997
0.00588484
0.00580829
0.00573799
0.0056722
0.00560974
0.00554978
0.00549173
0.00543516
0.00537974
0.00532522
0.00527141
0.00521817
0.00516538
0.00511296
0.00506083
0.00500896
0.00495729
0.0049058
0.00485446
0.00480325
0.00475216
0.00470118
0.0046503
0.00459951
0.0045488
0.00449817
0.00444762
0.00439714
0.00434673
0.00429639
0.00424611
0.00419589
0.00414573
0.00409563
0.00404558
0.00399559
0.00394565
0.00389576
0.00384591
0.00379611
0.00374635
0.00369664
0.00364697
0.00359733
0.00354773
0.00349816
0.00344863
0.00339913
0.00334966
0.00330021
0.0032508
0.00320141
0.00315204
0.0031027
0.00305338
0.00300408
0.0029548
0.00290554
0.00285629
0.00280707
0.00275786
0.00270866
0.00265948
0.00261031
0.00256115
0.00251201
0.00246288
0.00241376
0.00236465
0.00231555
0.00226646
0.00221738
0.0021683
0.00211924
0.00207018
0.00202113
0.00197209
0.00192306
0.00187403
0.00182501
0.00177599
0.00172698
0.00167798
0.00162898
0.00157999
0.001531
0.00148202
0.00143304
0.00138407
0.0013351
0.00128613
0.00123717
0.00118822
0.00113926
0.00109032
0.00104137
0.000992427
0.000943488
0.000894552
0.000845618
0.000796687
0.000747758
0.000698831
0.000649906
0.000600984
0.000552062
0.000503143
0.000454225
0.000405308
0.000356393
0.000307479
0.000258566
0.000209654
0.000160758
0.000111827
6.32273e-05
1.9782e-05
)
;

boundaryField
{
    frontWall
    {
        type            empty;
    }
    backWall
    {
        type            empty;
    }
    sideWall
    {
        type            zeroGradient;
    }
    outlet
    {
        type            fixedValue;
        value           uniform 0;
    }
    inlet
    {
        type            zeroGradient;
    }
}


// ************************************************************************* //
