/*--------------------------------*- C++ -*----------------------------------*\
  =========                 |
  \\      /  F ield         | OpenFOAM: The Open Source CFD Toolbox
   \\    /   O peration     | Website:  https://openfoam.org
    \\  /    A nd           | Version:  13
     \\/     M anipulation  |
\*---------------------------------------------------------------------------*/
FoamFile
{
    format      ascii;
    class       volScalarField;
    location    "17";
    object      p;
}
// * * * * * * * * * * * * * * * * * * * * * * * * * * * * * * * * * * * * * //

dimensions      [0 2 -2 0 0 0 0];

internalField   nonuniform List<scalar> 
6440
(
0.000576665
0.000576664
0.000576653
0.000576636
0.000576617
0.000576604
0.000576604
0.000576629
0.000576689
0.000576794
0.000576953
0.000577174
0.000577459
0.000577807
0.000578214
0.00057867
0.00057916
0.00057967
0.000580188
0.000580703
0.000581212
0.000581716
0.000582204
0.00058268
0.000583093
0.000576679
0.000576672
0.00057665
0.000576613
0.000576566
0.000576514
0.000576466
0.00057643
0.000576417
0.000576437
0.000576502
0.000576624
0.000576815
0.000577081
0.000577428
0.000577855
0.000578357
0.000578932
0.000579583
0.000580292
0.000581053
0.000581855
0.000582664
0.000583444
0.000584134
0.000576732
0.000576715
0.000576674
0.000576609
0.000576523
0.000576423
0.000576316
0.000576212
0.000576121
0.000576057
0.000576033
0.000576066
0.000576173
0.000576369
0.000576665
0.000577065
0.000577579
0.000578214
0.000578971
0.000579831
0.000580782
0.000581805
0.000582845
0.000583824
0.000584642
0.000576859
0.00057683
0.00057677
0.000576677
0.000576555
0.000576411
0.000576252
0.000576089
0.000575933
0.000575799
0.000575703
0.000575669
0.000575712
0.000575853
0.000576107
0.000576486
0.000577007
0.000577685
0.000578506
0.00057946
0.000580527
0.000581683
0.000582871
0.000583983
0.000584897
0.000577085
0.000577045
0.000576966
0.000576848
0.000576692
0.000576507
0.000576302
0.000576086
0.000575874
0.00057568
0.000575523
0.000575427
0.000575411
0.0005755
0.000575706
0.000576053
0.00057657
0.000577254
0.000578103
0.000579105
0.00058024
0.000581484
0.00058278
0.000584006
0.000585013
0.000577419
0.000577368
0.000577272
0.000577129
0.000576942
0.000576719
0.00057647
0.000576206
0.000575941
0.00057569
0.000575475
0.000575317
0.00057524
0.000575267
0.000575417
0.00057572
0.0005762
0.000576862
0.000577709
0.00057873
0.000579909
0.000581221
0.000582611
0.000583945
0.000585044
0.000577861
0.0005778
0.000577687
0.000577521
0.000577304
0.000577045
0.000576755
0.000576444
0.000576128
0.000575823
0.000575549
0.000575328
0.000575184
0.000575142
0.000575223
0.000575464
0.000575884
0.000576498
0.000577318
0.000578338
0.000579545
0.000580918
0.000582398
0.000583839
0.000585033
0.000578408
0.000578336
0.000578209
0.00057802
0.000577775
0.000577482
0.000577152
0.000576797
0.000576432
0.000576072
0.000575738
0.000575453
0.000575239
0.00057512
0.000575122
0.000575282
0.000575623
0.000576169
0.000576938
0.00057794
0.000579166
0.000580596
0.000582166
0.000583717
0.000585008
0.000579053
0.000578973
0.000578831
0.000578622
0.000578352
0.000578027
0.000577659
0.000577261
0.000576847
0.000576434
0.00057604
0.000575688
0.000575399
0.0005752
0.000575117
0.000575183
0.000575433
0.000575893
0.000576595
0.000577562
0.000578792
0.00058027
0.00058193
0.000583591
0.00058498
0.000579789
0.000579702
0.000579548
0.000579322
0.000579027
0.000578673
0.000578272
0.000577833
0.000577373
0.000576908
0.000576455
0.000576035
0.00057567
0.000575386
0.000575217
0.000575189
0.000575337
0.000575701
0.00057633
0.000577242
0.000578449
0.000579949
0.000581687
0.000583449
0.000584933
0.000580606
0.000580515
0.000580352
0.000580112
0.000579798
0.000579419
0.000578987
0.000578513
0.000578009
0.000577494
0.000576983
0.000576496
0.000576057
0.000575686
0.000575428
0.000575306
0.000575358
0.000575628
0.000576151
0.000576967
0.000578121
0.000579623
0.000581413
0.000583265
0.000584836
0.000581495
0.000581401
0.000581233
0.000580984
0.000580658
0.000580261
0.000579805
0.0005793
0.000578758
0.000578199
0.000577639
0.000577086
0.000576574
0.000576127
0.000575769
0.000575548
0.000575498
0.000575652
0.000576057
0.000576764
0.000577824
0.000579273
0.000581085
0.000583009
0.000584649
0.000582441
0.000582348
0.000582181
0.00058193
0.000581598
0.000581193
0.000580722
0.000580195
0.000579625
0.000579029
0.000578424
0.000577819
0.000577234
0.000576704
0.000576259
0.00057593
0.000575759
0.000575782
0.000576048
0.000576616
0.000577548
0.000578894
0.000580648
0.000582617
0.000584311
0.000583433
0.000583344
0.000583181
0.000582935
0.000582608
0.000582205
0.000581732
0.000581198
0.000580613
0.000579991
0.000579348
0.000578702
0.000578058
0.000577437
0.000576888
0.000576442
0.000576138
0.000576024
0.000576133
0.000576518
0.000577252
0.000578419
0.000580068
0.000582023
0.000583761
0.000584452
0.000584372
0.00058422
0.000583986
0.000583675
0.000583287
0.000582827
0.000582302
0.000581719
0.000581089
0.000580424
0.000579736
0.000579044
0.000578359
0.00057769
0.000577105
0.00057664
0.000576345
0.000576235
0.000576373
0.00057685
0.000577789
0.000579291
0.000581171
0.000582936
0.000585483
0.000585414
0.000585279
0.000585068
0.000584782
0.000584423
0.000583993
0.000583496
0.000582938
0.000582323
0.000581659
0.000580955
0.000580221
0.000579472
0.000578724
0.000577975
0.000577315
0.000576786
0.000576404
0.000576238
0.000576392
0.000577014
0.000578264
0.00058
0.000581726
0.000586508
0.000586453
0.000586342
0.000586161
0.000585912
0.000585595
0.000585213
0.000584766
0.000584256
0.000583686
0.000583056
0.000582369
0.00058163
0.000580841
0.000580016
0.000579156
0.000578287
0.000577489
0.000576783
0.000576235
0.000575958
0.000576121
0.000576944
0.00057836
0.000579951
0.000587508
0.000587472
0.000587389
0.000587245
0.000587043
0.000586783
0.000586465
0.000586089
0.000585654
0.000585158
0.0005846
0.000583975
0.00058328
0.000582509
0.00058166
0.000580739
0.000579699
0.000578643
0.000577583
0.000576572
0.000575721
0.000575214
0.000575329
0.000576073
0.000577343
0.000588469
0.000588452
0.000588399
0.000588299
0.000588151
0.000587956
0.000587715
0.000587425
0.000587085
0.00058669
0.000586235
0.000585712
0.000585111
0.000584419
0.000583621
0.000582697
0.000581616
0.000580383
0.000579025
0.000577542
0.000576009
0.000574581
0.000573575
0.000573063
0.000573536
0.000589374
0.000589375
0.000589351
0.00058929
0.000589194
0.000589063
0.000588897
0.000588693
0.000588449
0.000588159
0.000587816
0.00058741
0.000586929
0.000586355
0.000585669
0.000584848
0.000583878
0.000582578
0.000581026
0.000579189
0.000577021
0.000574491
0.000571703
0.000568748
0.00056639
0.000590219
0.000590233
0.000590228
0.000590192
0.000590126
0.00059003
0.000589903
0.000589743
0.000589546
0.000589306
0.000589016
0.000588664
0.000588237
0.000587715
0.000587076
0.000586289
0.00058531
0.000584062
0.000582476
0.00058053
0.000578085
0.000574943
0.00057066
0.000564009
0.000552006
0.00059102
0.000591038
0.000591035
0.000591002
0.000590939
0.000590845
0.000590719
0.00059056
0.000590364
0.000590124
0.000589834
0.000589482
0.000589054
0.000588532
0.000587892
0.000587104
0.000586122
0.000584892
0.000583336
0.000581374
0.000578878
0.000575609
0.000571128
0.000564632
0.00055522
0.000591782
0.000591802
0.000591801
0.000591767
0.000591701
0.000591604
0.000591472
0.000591306
0.0005911
0.000590851
0.000590549
0.000590185
0.000589744
0.00058921
0.000588559
0.00058776
0.000586777
0.000585558
0.000584039
0.000582145
0.000579758
0.000576706
0.000572739
0.000567568
0.000561169
0.000592508
0.00059253
0.00059253
0.000592497
0.00059243
0.00059233
0.000592196
0.000592025
0.000591815
0.000591561
0.000591255
0.000590888
0.000590447
0.000589916
0.000589274
0.000588495
0.000587546
0.000586387
0.000584969
0.000583233
0.000581103
0.000578487
0.000575294
0.000571511
0.000567378
0.000593198
0.000593222
0.000593225
0.000593194
0.000593129
0.00059303
0.000592897
0.000592729
0.000592522
0.000592272
0.000591973
0.000591617
0.000591192
0.000590685
0.000590078
0.000589349
0.000588475
0.000587425
0.000586166
0.000584663
0.000582878
0.000580783
0.000578383
0.000575769
0.000573193
0.000593854
0.000593881
0.000593887
0.000593859
0.000593798
0.000593704
0.000593578
0.000593417
0.000593219
0.000592982
0.0005927
0.000592367
0.000591972
0.000591506
0.000590954
0.000590301
0.000589529
0.00058862
0.000587556
0.000586322
0.00058491
0.000583331
0.000581634
0.000579934
0.000578437
0.000594477
0.000594507
0.000594518
0.000594494
0.000594439
0.000594353
0.000594236
0.000594087
0.000593905
0.000593688
0.000593431
0.000593129
0.000592776
0.000592363
0.000591881
0.00059132
0.000590669
0.000589918
0.000589063
0.000588103
0.000587051
0.000585938
0.000584827
0.000583827
0.000583097
0.000595069
0.000595102
0.000595116
0.000595099
0.000595052
0.000594976
0.000594872
0.000594739
0.000594577
0.000594384
0.000594159
0.000593896
0.000593593
0.000593242
0.00059284
0.000592379
0.000591856
0.000591269
0.000590621
0.000589923
0.000589197
0.000588484
0.000587846
0.000587377
0.000587198
0.000595629
0.000595665
0.000595684
0.000595674
0.000595636
0.000595572
0.000595483
0.000595369
0.000595231
0.000595068
0.000594878
0.00059466
0.00059441
0.000594128
0.000593809
0.000593452
0.000593057
0.000592629
0.000592177
0.000591717
0.000591275
0.000590894
0.000590632
0.000590564
0.000590784
0.000596159
0.000596197
0.000596221
0.000596218
0.000596191
0.00059614
0.000596069
0.000595976
0.000595864
0.000595732
0.000595581
0.00059541
0.000595218
0.000595005
0.00059477
0.000594516
0.000594245
0.000593966
0.000593691
0.00059344
0.00059324
0.00059313
0.000593161
0.000593394
0.000593901
0.000596657
0.000596697
0.000596727
0.000596732
0.000596715
0.00059668
0.000596627
0.000596557
0.000596472
0.000596374
0.000596263
0.00059614
0.000596005
0.000595861
0.000595708
0.000595551
0.000595396
0.000595253
0.000595135
0.000595062
0.000595063
0.00059517
0.000595428
0.000595885
0.000596597
0.000597123
0.000597166
0.000597201
0.000597214
0.000597209
0.000597189
0.000597155
0.000597108
0.000597052
0.000596988
0.000596917
0.000596841
0.000596763
0.000596685
0.00059661
0.000596543
0.000596493
0.000596469
0.000596487
0.000596565
0.000596729
0.000597009
0.000597439
0.000598061
0.000598915
0.000597558
0.000597603
0.000597643
0.000597664
0.000597671
0.000597666
0.000597651
0.000597629
0.000597601
0.000597569
0.000597538
0.000597508
0.000597484
0.000597467
0.000597464
0.000597479
0.000597521
0.000597602
0.000597735
0.000597938
0.000598233
0.000598646
0.000599206
0.000599946
0.000600896
0.000597961
0.000598008
0.000598052
0.000598082
0.0005981
0.000598111
0.000598115
0.000598115
0.000598114
0.000598115
0.000598121
0.000598135
0.00059816
0.000598201
0.000598262
0.00059835
0.000598473
0.000598643
0.000598871
0.000599176
0.000599574
0.000600089
0.000600745
0.000601565
0.000602576
0.000598331
0.00059838
0.000598428
0.000598466
0.000598496
0.000598521
0.000598543
0.000598566
0.000598591
0.000598623
0.000598664
0.000598718
0.000598788
0.00059888
0.000598998
0.000599149
0.000599342
0.000599586
0.000599893
0.000600278
0.000600757
0.000601348
0.00060207
0.000602944
0.000603988
0.000598668
0.000598719
0.000598772
0.000598816
0.000598857
0.000598896
0.000598935
0.000598979
0.000599029
0.000599089
0.000599162
0.000599252
0.000599364
0.000599501
0.000599669
0.000599874
0.000600125
0.00060043
0.0006008
0.000601248
0.000601787
0.000602433
0.0006032
0.000604104
0.000605161
0.000598973
0.000599024
0.000599081
0.000599133
0.000599183
0.000599235
0.000599291
0.000599354
0.000599426
0.000599512
0.000599614
0.000599737
0.000599885
0.000600061
0.000600272
0.000600523
0.000600821
0.000601176
0.000601595
0.000602091
0.000602673
0.000603355
0.00060415
0.000605068
0.000606122
0.000599244
0.000599297
0.000599357
0.000599415
0.000599474
0.000599538
0.000599609
0.000599689
0.000599782
0.000599891
0.00060002
0.000600171
0.00060035
0.00060056
0.000600806
0.000601095
0.000601432
0.000601825
0.000602281
0.000602811
0.000603424
0.000604129
0.000604936
0.000605855
0.000606894
0.000599483
0.000599536
0.000599599
0.000599663
0.00059973
0.000599805
0.000599889
0.000599985
0.000600097
0.000600226
0.000600377
0.000600553
0.000600758
0.000600996
0.000601272
0.000601591
0.000601958
0.00060238
0.000602864
0.000603418
0.000604049
0.000604765
0.000605574
0.000606483
0.000607498
0.000599689
0.000599742
0.000599808
0.000599876
0.000599951
0.000600036
0.000600132
0.000600242
0.000600369
0.000600516
0.000600687
0.000600884
0.000601111
0.000601372
0.000601671
0.000602014
0.000602404
0.000602847
0.000603349
0.000603917
0.000604557
0.000605275
0.000606078
0.000606969
0.000607954
0.000599863
0.000599916
0.000599983
0.000600056
0.000600138
0.000600231
0.000600337
0.000600459
0.0006006
0.000600763
0.000600949
0.000601164
0.000601409
0.000601688
0.000602006
0.000602366
0.000602772
0.000603229
0.000603743
0.000604318
0.000604959
0.000605672
0.00060646
0.000607329
0.000608279
0.000600005
0.000600058
0.000600127
0.000600203
0.00060029
0.00060039
0.000600506
0.000600638
0.000600791
0.000600966
0.000601166
0.000601394
0.000601654
0.000601947
0.000602278
0.00060265
0.000603067
0.000603533
0.000604052
0.000604627
0.000605264
0.000605965
0.000606735
0.000607576
0.000608489
0.000600116
0.000600169
0.000600239
0.000600318
0.00060041
0.000600516
0.000600638
0.00060078
0.000600942
0.000601127
0.000601338
0.000601577
0.000601847
0.000602151
0.000602492
0.000602872
0.000603294
0.000603763
0.000604282
0.000604853
0.00060548
0.000606166
0.000606913
0.000607723
0.000608597
0.000600197
0.00060025
0.00060032
0.000600401
0.000600497
0.000600608
0.000600737
0.000600885
0.000601055
0.000601248
0.000601467
0.000601715
0.000601992
0.000602303
0.000602649
0.000603033
0.000603458
0.000603926
0.00060444
0.000605002
0.000605616
0.000606283
0.000607004
0.000607782
0.000608615
0.000600249
0.000600301
0.000600372
0.000600455
0.000600553
0.000600668
0.000600801
0.000600955
0.000601131
0.00060133
0.000601555
0.000601808
0.000602091
0.000602406
0.000602754
0.000603139
0.000603562
0.000604026
0.000604532
0.000605083
0.00060568
0.000606325
0.000607019
0.000607763
0.000608555
0.000600273
0.000600324
0.000600395
0.000600479
0.000600579
0.000600697
0.000600834
0.000600992
0.000601172
0.000601376
0.000601605
0.000601861
0.000602147
0.000602463
0.000602811
0.000603194
0.000603612
0.000604068
0.000604564
0.0006051
0.000605679
0.000606301
0.000606966
0.000607675
0.000608428
0.00060027
0.000600321
0.000600391
0.000600475
0.000600577
0.000600697
0.000600836
0.000600997
0.00060118
0.000601386
0.000601618
0.000601876
0.000602161
0.000602477
0.000602822
0.000603201
0.000603612
0.000604059
0.000604542
0.000605062
0.000605621
0.000606218
0.000606854
0.000607528
0.000608241
0.000600242
0.000600291
0.000600361
0.000600445
0.000600547
0.000600669
0.00060081
0.000600972
0.000601157
0.000601364
0.000601596
0.000601854
0.000602139
0.000602451
0.000602792
0.000603164
0.000603567
0.000604003
0.000604471
0.000604974
0.000605511
0.000606083
0.000606689
0.000607329
0.000608003
0.00060019
0.000600238
0.000600306
0.00060039
0.000600493
0.000600614
0.000600756
0.000600919
0.000601104
0.000601312
0.000601543
0.000601799
0.000602081
0.000602389
0.000602724
0.000603088
0.000603481
0.000603904
0.000604357
0.000604841
0.000605356
0.000605902
0.000606478
0.000607085
0.000607721
0.000600115
0.000600161
0.000600228
0.000600312
0.000600414
0.000600535
0.000600677
0.00060084
0.000601024
0.000601231
0.00060146
0.000601713
0.000601991
0.000602294
0.000602622
0.000602976
0.000603358
0.000603767
0.000604203
0.000604668
0.000605161
0.000605681
0.000606228
0.000606802
0.000607401
0.000600019
0.000600064
0.000600129
0.000600211
0.000600313
0.000600433
0.000600575
0.000600736
0.000600919
0.000601124
0.00060135
0.0006016
0.000601872
0.000602168
0.000602488
0.000602832
0.000603202
0.000603596
0.000604016
0.000604461
0.000604931
0.000605425
0.000605944
0.000606486
0.00060705
0.000599903
0.000599946
0.00060001
0.000600091
0.000600191
0.00060031
0.00060045
0.00060061
0.000600791
0.000600993
0.000601216
0.00060146
0.000601726
0.000602015
0.000602326
0.000602659
0.000603016
0.000603395
0.000603797
0.000604223
0.00060467
0.00060514
0.000605631
0.000606142
0.000606672
0.000599768
0.00059981
0.000599872
0.000599951
0.00060005
0.000600168
0.000600306
0.000600463
0.000600641
0.00060084
0.000601058
0.000601297
0.000601557
0.000601837
0.000602138
0.000602461
0.000602804
0.000603168
0.000603553
0.000603958
0.000604384
0.000604829
0.000605292
0.000605774
0.000606271
0.000599617
0.000599657
0.000599717
0.000599794
0.000599891
0.000600007
0.000600143
0.000600298
0.000600473
0.000600667
0.00060088
0.000601114
0.000601366
0.000601638
0.000601929
0.000602239
0.000602569
0.000602918
0.000603285
0.000603671
0.000604075
0.000604496
0.000604933
0.000605386
0.000605853
0.00059945
0.000599488
0.000599546
0.000599622
0.000599717
0.00059983
0.000599963
0.000600115
0.000600287
0.000600476
0.000600685
0.000600911
0.000601156
0.000601419
0.0006017
0.000601998
0.000602314
0.000602647
0.000602998
0.000603365
0.000603747
0.000604145
0.000604557
0.000604983
0.00060542
0.000599269
0.000599305
0.000599361
0.000599435
0.000599528
0.000599639
0.000599769
0.000599918
0.000600085
0.00060027
0.000600472
0.000600692
0.000600929
0.000601183
0.000601453
0.00060174
0.000602042
0.00060236
0.000602694
0.000603042
0.000603404
0.00060378
0.000604168
0.000604567
0.000604977
0.000599075
0.00059911
0.000599164
0.000599236
0.000599326
0.000599434
0.000599562
0.000599707
0.000599869
0.000600049
0.000600246
0.000600459
0.000600688
0.000600932
0.000601192
0.000601467
0.000601756
0.000602059
0.000602376
0.000602706
0.000603048
0.000603402
0.000603767
0.000604142
0.000604525
0.00059887
0.000598903
0.000598955
0.000599025
0.000599112
0.000599218
0.000599342
0.000599484
0.000599642
0.000599817
0.000600007
0.000600213
0.000600434
0.000600669
0.000600918
0.000601181
0.000601457
0.000601746
0.000602047
0.000602359
0.000602682
0.000603016
0.000603359
0.000603709
0.000604067
0.000598655
0.000598686
0.000598736
0.000598804
0.000598889
0.000598992
0.000599113
0.000599251
0.000599404
0.000599574
0.000599758
0.000599957
0.00060017
0.000600396
0.000600635
0.000600886
0.000601149
0.000601423
0.000601709
0.000602004
0.000602309
0.000602623
0.000602944
0.000603273
0.000603607
0.000598431
0.000598461
0.000598509
0.000598575
0.000598658
0.000598758
0.000598875
0.000599009
0.000599158
0.000599322
0.000599501
0.000599692
0.000599897
0.000600114
0.000600342
0.000600582
0.000600833
0.000601093
0.000601364
0.000601643
0.00060193
0.000602225
0.000602527
0.000602834
0.000603145
0.000598199
0.000598228
0.000598275
0.000598338
0.000598419
0.000598516
0.00059863
0.00059876
0.000598904
0.000599063
0.000599235
0.00059942
0.000599617
0.000599825
0.000600043
0.000600272
0.000600511
0.000600758
0.000601014
0.000601277
0.000601548
0.000601825
0.000602107
0.000602394
0.000602685
0.000597962
0.00059799
0.000598035
0.000598096
0.000598174
0.000598269
0.000598379
0.000598505
0.000598645
0.000598799
0.000598965
0.000599143
0.000599332
0.000599531
0.00059974
0.000599958
0.000600184
0.000600419
0.000600661
0.00060091
0.000601164
0.000601424
0.000601689
0.000601957
0.000602227
0.00059772
0.000597746
0.000597789
0.000597849
0.000597925
0.000598017
0.000598124
0.000598246
0.000598382
0.00059853
0.00059869
0.000598861
0.000599043
0.000599233
0.000599433
0.000599641
0.000599856
0.000600078
0.000600307
0.000600541
0.000600781
0.000601025
0.000601272
0.000601522
0.000601774
0.000597473
0.000597499
0.000597541
0.000597598
0.000597672
0.000597761
0.000597866
0.000597984
0.000598115
0.000598258
0.000598413
0.000598577
0.000598751
0.000598934
0.000599124
0.000599322
0.000599526
0.000599737
0.000599953
0.000600174
0.000600399
0.000600628
0.000600859
0.000601092
0.000601326
0.000597224
0.000597249
0.00059729
0.000597346
0.000597417
0.000597504
0.000597605
0.00059772
0.000597847
0.000597985
0.000598134
0.000598292
0.000598459
0.000598634
0.000598815
0.000599004
0.000599198
0.000599397
0.000599601
0.000599809
0.00060002
0.000600234
0.00060045
0.000600667
0.000600885
0.000596974
0.000596998
0.000597037
0.000597092
0.000597162
0.000597246
0.000597344
0.000597455
0.000597578
0.000597712
0.000597855
0.000598007
0.000598167
0.000598334
0.000598508
0.000598687
0.000598871
0.000599059
0.000599252
0.000599448
0.000599646
0.000599846
0.000600048
0.00060025
0.000600451
0.000596723
0.000596746
0.000596785
0.000596838
0.000596906
0.000596988
0.000597084
0.000597191
0.00059731
0.00059744
0.000597578
0.000597724
0.000597877
0.000598037
0.000598202
0.000598372
0.000598547
0.000598725
0.000598907
0.000599091
0.000599277
0.000599464
0.000599652
0.00059984
0.000600027
0.000596472
0.000596495
0.000596533
0.000596585
0.000596652
0.000596732
0.000596824
0.000596929
0.000597044
0.000597169
0.000597302
0.000597443
0.00059759
0.000597743
0.0005979
0.000598062
0.000598227
0.000598396
0.000598567
0.00059874
0.000598915
0.00059909
0.000599265
0.00059944
0.000599613
0.000596222
0.000596245
0.000596283
0.000596334
0.000596399
0.000596478
0.000596568
0.00059667
0.000596781
0.000596902
0.000597031
0.000597166
0.000597306
0.000597452
0.000597603
0.000597756
0.000597913
0.000598073
0.000598234
0.000598397
0.00059856
0.000598724
0.000598887
0.000599049
0.000599209
0.000595975
0.000595998
0.000596036
0.000596086
0.00059615
0.000596227
0.000596315
0.000596414
0.000596523
0.000596639
0.000596763
0.000596893
0.000597028
0.000597167
0.000597311
0.000597457
0.000597605
0.000597756
0.000597908
0.000598061
0.000598214
0.000598367
0.000598519
0.000598669
0.000598817
0.000595731
0.000595755
0.000595792
0.000595843
0.000595906
0.000595981
0.000596067
0.000596163
0.000596269
0.000596382
0.000596501
0.000596626
0.000596756
0.000596889
0.000597025
0.000597164
0.000597305
0.000597447
0.00059759
0.000597734
0.000597877
0.00059802
0.000598161
0.0005983
0.000598437
0.000595491
0.000595516
0.000595554
0.000595604
0.000595666
0.00059574
0.000595825
0.000595919
0.000596021
0.00059613
0.000596246
0.000596366
0.00059649
0.000596617
0.000596747
0.000596879
0.000597012
0.000597147
0.000597281
0.000597416
0.00059755
0.000597683
0.000597814
0.000597943
0.00059807
0.000595256
0.000595282
0.000595321
0.000595371
0.000595433
0.000595506
0.000595589
0.000595681
0.00059578
0.000595886
0.000595998
0.000596113
0.000596232
0.000596354
0.000596477
0.000596603
0.000596729
0.000596855
0.000596982
0.000597108
0.000597233
0.000597357
0.000597479
0.000597598
0.000597715
0.000595027
0.000595054
0.000595094
0.000595145
0.000595207
0.000595279
0.000595361
0.000595451
0.000595548
0.00059565
0.000595758
0.000595869
0.000595983
0.000596099
0.000596217
0.000596335
0.000596455
0.000596574
0.000596693
0.000596811
0.000596928
0.000597043
0.000597156
0.000597267
0.000597374
0.000594804
0.000594833
0.000594875
0.000594927
0.000594989
0.000595061
0.000595141
0.00059523
0.000595324
0.000595424
0.000595527
0.000595634
0.000595743
0.000595854
0.000595966
0.000596078
0.000596191
0.000596303
0.000596415
0.000596525
0.000596634
0.000596741
0.000596846
0.000596948
0.000597047
0.000594589
0.00059462
0.000594664
0.000594718
0.00059478
0.000594852
0.000594932
0.000595018
0.00059511
0.000595207
0.000595307
0.00059541
0.000595514
0.00059562
0.000595726
0.000595832
0.000595938
0.000596043
0.000596148
0.000596251
0.000596352
0.000596452
0.000596549
0.000596643
0.000596733
0.000594382
0.000594417
0.000594463
0.000594518
0.000594582
0.000594654
0.000594733
0.000594818
0.000594908
0.000595001
0.000595098
0.000595196
0.000595296
0.000595396
0.000595497
0.000595597
0.000595696
0.000595795
0.000595893
0.000595989
0.000596083
0.000596175
0.000596265
0.000596351
0.000596434
0.000594184
0.000594223
0.000594273
0.00059433
0.000594395
0.000594467
0.000594546
0.000594629
0.000594717
0.000594808
0.000594901
0.000594995
0.00059509
0.000595185
0.000595279
0.000595373
0.000595467
0.000595559
0.00059565
0.000595739
0.000595826
0.000595911
0.000595994
0.000596073
0.000596149
0.000593997
0.00059404
0.000594094
0.000594154
0.000594221
0.000594294
0.000594372
0.000594454
0.00059454
0.000594627
0.000594716
0.000594806
0.000594896
0.000594985
0.000595074
0.000595162
0.000595249
0.000595335
0.00059542
0.000595502
0.000595583
0.000595661
0.000595736
0.000595809
0.000595879
0.00059382
0.000593869
0.000593928
0.000593992
0.000594061
0.000594134
0.000594212
0.000594293
0.000594376
0.000594461
0.000594546
0.000594631
0.000594715
0.000594799
0.000594882
0.000594964
0.000595045
0.000595124
0.000595202
0.000595278
0.000595352
0.000595423
0.000595493
0.000595559
0.000595622
0.000593657
0.000593711
0.000593777
0.000593844
0.000593916
0.000593991
0.000594068
0.000594148
0.000594228
0.000594309
0.00059439
0.00059447
0.000594549
0.000594627
0.000594703
0.000594779
0.000594853
0.000594926
0.000594997
0.000595066
0.000595134
0.000595199
0.000595262
0.000595323
0.00059538
0.000593506
0.000593569
0.000593641
0.000593714
0.000593788
0.000593864
0.000593942
0.000594019
0.000594097
0.000594173
0.000594249
0.000594323
0.000594396
0.000594468
0.000594538
0.000594607
0.000594674
0.00059474
0.000594804
0.000594867
0.000594928
0.000594988
0.000595045
0.0005951
0.000595152
0.000593372
0.000593443
0.000593524
0.000593602
0.00059368
0.000593757
0.000593834
0.000593909
0.000593983
0.000594055
0.000594125
0.000594193
0.000594259
0.000594324
0.000594387
0.000594448
0.000594508
0.000594567
0.000594625
0.000594681
0.000594736
0.000594789
0.000594841
0.00059489
0.000594937
0.000593253
0.000593336
0.000593427
0.000593511
0.000593593
0.000593672
0.000593747
0.000593819
0.000593888
0.000593954
0.000594018
0.000594079
0.000594137
0.000594194
0.000594249
0.000594303
0.000594356
0.000594407
0.000594458
0.000594507
0.000594556
0.000594603
0.000594649
0.000594693
0.000594736
0.000593155
0.00059325
0.000593353
0.000593445
0.00059353
0.00059361
0.000593683
0.000593751
0.000593814
0.000593873
0.000593929
0.000593981
0.000594031
0.000594079
0.000594126
0.000594171
0.000594216
0.00059426
0.000594303
0.000594346
0.000594388
0.000594429
0.000594469
0.000594509
0.000594547
0.000593077
0.000593189
0.000593305
0.000593406
0.000593495
0.000593575
0.000593645
0.000593707
0.000593763
0.000593813
0.000593858
0.000593901
0.000593941
0.000593979
0.000594016
0.000594052
0.000594088
0.000594124
0.00059416
0.000594195
0.000594231
0.000594266
0.000594302
0.000594336
0.00059437
0.000593025
0.000593156
0.000593289
0.0005934
0.000593492
0.00059357
0.000593635
0.000593689
0.000593734
0.000593773
0.000593807
0.000593837
0.000593866
0.000593893
0.000593919
0.000593945
0.000593972
0.000593999
0.000594027
0.000594056
0.000594085
0.000594115
0.000594145
0.000594175
0.000594205
0.000593003
0.000593158
0.000593311
0.000593431
0.000593525
0.000593599
0.000593656
0.000593698
0.000593731
0.000593755
0.000593775
0.000593791
0.000593806
0.00059382
0.000593835
0.00059385
0.000593867
0.000593886
0.000593905
0.000593927
0.000593949
0.000593973
0.000593998
0.000594024
0.000594051
0.000593017
0.000593201
0.000593377
0.000593507
0.000593601
0.000593668
0.000593711
0.000593738
0.000593753
0.00059376
0.000593762
0.000593762
0.000593761
0.000593761
0.000593762
0.000593766
0.000593772
0.000593781
0.000593793
0.000593807
0.000593823
0.000593841
0.000593861
0.000593883
0.000593906
0.000593077
0.000593296
0.0005935
0.000593638
0.000593727
0.00059378
0.000593805
0.00059381
0.000593802
0.000593786
0.000593767
0.000593747
0.000593728
0.000593712
0.0005937
0.000593691
0.000593686
0.000593685
0.000593688
0.000593695
0.000593705
0.000593717
0.000593733
0.000593751
0.000593771
0.000593195
0.000593459
0.000593693
0.000593836
0.000593913
0.000593943
0.00059394
0.000593915
0.000593877
0.000593834
0.000593789
0.000593746
0.000593707
0.000593673
0.000593646
0.000593623
0.000593607
0.000593597
0.000593591
0.00059359
0.000593594
0.000593601
0.000593612
0.000593627
0.000593644
0.000593393
0.000593713
0.000593978
0.000594118
0.000594169
0.000594163
0.000594119
0.000594053
0.000593977
0.000593899
0.000593824
0.000593755
0.000593694
0.000593641
0.000593597
0.000593562
0.000593534
0.000593513
0.000593499
0.000593492
0.000593489
0.000593492
0.000593499
0.00059351
0.000593524
0.000593707
0.00059409
0.000594385
0.000594503
0.000594507
0.000594444
0.000594343
0.000594223
0.000594099
0.000593979
0.000593869
0.000593771
0.000593686
0.000593613
0.000593552
0.000593503
0.000593464
0.000593434
0.000593412
0.000593398
0.00059339
0.000593388
0.000593391
0.000593399
0.000593412
0.000594199
0.000594647
0.000594954
0.000595017
0.00059494
0.000594791
0.000594609
0.000594419
0.000594236
0.000594067
0.000593918
0.000593788
0.000593677
0.000593584
0.000593508
0.000593445
0.000593395
0.000593357
0.000593328
0.000593308
0.000593295
0.000593289
0.000593289
0.000593295
0.000593305
0.000594985
0.000595471
0.000595743
0.00059569
0.000595476
0.000595199
0.000594909
0.00059463
0.000594376
0.000594154
0.000593962
0.0005938
0.000593664
0.000593552
0.00059346
0.000593386
0.000593327
0.00059328
0.000593246
0.000593221
0.000593204
0.000593195
0.000593192
0.000593195
0.000593204
0.000596268
0.000596693
0.000596823
0.000596548
0.000596115
0.000595657
0.000595224
0.000594839
0.000594506
0.000594226
0.000593992
0.000593798
0.00059364
0.00059351
0.000593406
0.000593322
0.000593255
0.000593203
0.000593164
0.000593135
0.000593115
0.000593104
0.000593099
0.000593101
0.000593108
0.000598402
0.000598511
0.00059827
0.000597598
0.000596833
0.000596129
0.000595524
0.000595019
0.000594605
0.000594268
0.000593995
0.000593776
0.000593598
0.000593456
0.000593342
0.000593251
0.00059318
0.000593124
0.000593082
0.000593051
0.000593029
0.000593016
0.00059301
0.000593011
0.000593018
0.000602325
0.000601344
0.000600138
0.000598772
0.000597544
0.000596541
0.000595748
0.000595125
0.000594639
0.000594257
0.000593957
0.00059372
0.000593532
0.000593382
0.000593264
0.000593171
0.000593097
0.000593041
0.000592998
0.000592966
0.000592944
0.000592931
0.000592924
0.000592925
0.000592931
0.000611227
0.000606121
0.000602364
0.00059986
0.000598062
0.000596749
0.000595794
0.00059509
0.000594564
0.000594164
0.000593856
0.000593616
0.000593429
0.000593282
0.000593166
0.000593075
0.000593004
0.000592949
0.000592908
0.000592878
0.000592857
0.000592844
0.000592838
0.000592839
0.000592845
0.000628813
0.000612633
0.000604434
0.000600592
0.000598264
0.000596718
0.000595671
0.00059494
0.000594411
0.000594018
0.00059372
0.000593491
0.000593313
0.000593173
0.000593064
0.000592979
0.000592913
0.000592862
0.000592824
0.000592797
0.000592778
0.000592767
0.000592762
0.000592763
0.00059277
0.0204489
0.0201709
0.019563
0.0185847
0.0173397
0.015929
0.0144111
0.012846
0.0112938
0.00980663
0.00843227
0.0072026
0.00613556
0.00523517
0.00449394
0.00389667
0.00342425
0.00305668
0.00277518
0.00256329
0.00240737
0.00229655
0.00222275
0.00217872
0.0021607
0.0179065
0.0174059
0.0164325
0.0150386
0.0134924
0.0119145
0.0103735
0.00892824
0.00761407
0.00645377
0.00545596
0.00462478
0.00395969
0.00344162
0.0030464
0.00275055
0.00253172
0.00237065
0.00225227
0.00216538
0.0021024
0.00205857
0.0020319
0.00202024
0.00201905
0.0138825
0.0131649
0.0119613
0.0104467
0.00892072
0.00747754
0.00619481
0.00510527
0.00421178
0.00350758
0.00296498
0.00255925
0.00227208
0.00208082
0.00196142
0.00189134
0.00185209
0.00183203
0.00182339
0.00181989
0.00181862
0.00181907
0.00182203
0.00182854
0.00183511
0.0102652
0.00946142
0.00828485
0.00693459
0.00570737
0.00465576
0.00378548
0.00309218
0.00256062
0.00216403
0.00189603
0.0017232
0.00162271
0.00156868
0.00154838
0.00155012
0.00156415
0.00158314
0.00160218
0.00161916
0.00163308
0.00164389
0.00165237
0.00165958
0.00166312
0.0069734
0.00625831
0.00528079
0.00432875
0.00352913
0.0028978
0.00241936
0.00206651
0.00181198
0.0016328
0.00151253
0.00144053
0.00141022
0.00140144
0.00140717
0.00142162
0.00144023
0.00145956
0.00147736
0.00149259
0.00150415
0.00151279
0.00151761
0.00151869
0.00151588
0.00444403
0.00384163
0.0030976
0.00245054
0.00201832
0.00171893
0.00152596
0.00141182
0.00134864
0.00131654
0.00130233
0.00129914
0.00130427
0.00131493
0.00132878
0.00134419
0.00135982
0.00137419
0.00138671
0.00139697
0.00140447
0.00140856
0.00140855
0.00140444
0.00139737
0.00273985
0.00228462
0.00170859
0.00124115
0.000980225
0.00089547
0.000881897
0.000915301
0.000971703
0.00103267
0.0010903
0.00114051
0.00118201
0.00121548
0.00124232
0.00126394
0.00128134
0.00129528
0.00130649
0.00131459
0.00131933
0.00132057
0.00131803
0.00131178
0.00130364
0.00165429
0.00133454
0.000920582
0.000565435
0.000389045
0.000351253
0.000423032
0.000529978
0.000653484
0.000774583
0.000881525
0.000970258
0.00104125
0.00109683
0.00113956
0.00117207
0.00119663
0.00121501
0.00122808
0.00123683
0.00124161
0.00124267
0.00124016
0.00123446
0.00122744
0.000998859
0.000778656
0.00050852
0.000269894
0.000134658
0.000100924
0.000159649
0.000278908
0.000420157
0.000564519
0.000696293
0.000808993
0.000901449
0.0009746
0.0010316
0.00107544
0.0011087
0.00113343
0.00115111
0.00116295
0.00116984
0.00117252
0.00117158
0.00116771
0.00116267
0.000635386
0.000482315
0.000314261
0.000168011
8.04381e-05
6.02567e-05
0.000100619
0.00018704
0.000305741
0.000437475
0.000566864
0.000683568
0.000783158
0.000865047
0.000931126
0.000983325
0.00102386
0.00105468
0.00107739
0.00109327
0.00110338
0.00110871
0.00111011
0.0011085
0.00110546
0.000454148
0.000344737
0.000241203
0.000162462
0.000121809
0.000117
0.000147404
0.00021012
0.000296962
0.000398104
0.000504344
0.000607048
0.000699885
0.000780642
0.000848443
0.000903997
0.00094851
0.000983404
0.00100999
0.00102941
0.00104271
0.00105086
0.00105477
0.0010554
0.00105419
0.0003745
0.000297236
0.000233263
0.000195963
0.000186508
0.000198955
0.000229118
0.000275613
0.00033809
0.000412363
0.000492683
0.000574227
0.000652448
0.000724143
0.000787355
0.000841368
0.000886286
0.000922722
0.000951423
0.000973211
0.000988925
0.000999415
0.0010055
0.00100809
0.00100841
0.000349394
0.000296226
0.000257179
0.000242479
0.000249113
0.000270907
0.000302729
0.000342425
0.000389748
0.000444382
0.00050456
0.000567564
0.000630511
0.000690578
0.0007459
0.000795194
0.000837796
0.000873525
0.000902589
0.000925413
0.00094255
0.000954639
0.00096236
0.000966493
0.000968033
0.000352858
0.000317129
0.000294534
0.000291812
0.000304991
0.000329193
0.000360061
0.000395332
0.000434385
0.000477225
0.000523544
0.000572424
0.000622735
0.000672364
0.000719489
0.000762816
0.000801493
0.000834973
0.000863034
0.000885741
0.000903361
0.000916304
0.000925076
0.000930323
0.000932799
0.000370117
0.000346629
0.000335003
0.000338501
0.000353553
0.000376775
0.000404923
0.000435989
0.000469248
0.00050467
0.000542244
0.000581572
0.000621958
0.000662883
0.000702819
0.000740444
0.000774816
0.0008053
0.000831513
0.000853284
0.000870649
0.000883815
0.000893127
0.0008991
0.000902262
0.00039341
0.000378229
0.000373622
0.000380098
0.000394957
0.000415963
0.00044082
0.000467945
0.000496598
0.000526629
0.000558049
0.000590676
0.000624095
0.000658118
0.000692015
0.000724607
0.000754982
0.000782433
0.000806478
0.000826851
0.000843467
0.000856391
0.000865838
0.000872214
0.000875846
0.000418675
0.00040899
0.000408593
0.000416277
0.000430064
0.000448557
0.000470166
0.000493692
0.000518471
0.00054427
0.000571058
0.000598751
0.000627077
0.000655807
0.000684704
0.000712983
0.000739776
0.000764392
0.000786303
0.00080516
0.000820796
0.000833196
0.000842486
0.000849011
0.000852938
0.000444
0.000437845
0.000439713
0.0004476
0.000459983
0.000476011
0.000494578
0.000514811
0.000536173
0.000558423
0.000581491
0.000605309
0.000629694
0.000654411
0.000679337
0.000704008
0.000727698
0.000749759
0.000769666
0.000787034
0.000801633
0.000813384
0.000822365
0.000828864
0.000832928
0.000468334
0.000464405
0.000467132
0.000474478
0.000485247
0.000498921
0.000514726
0.000532039
0.000550441
0.000569707
0.000589741
0.000610472
0.000631749
0.000653331
0.000675144
0.00069687
0.000717935
0.000737728
0.000755766
0.000771665
0.000785177
0.000796192
0.000804758
0.000811124
0.000815261
0.000491688
0.000488021
0.000490022
0.000495652
0.000504295
0.00051561
0.000529061
0.000544181
0.000560583
0.000577975
0.000596138
0.000614892
0.000634057
0.000653427
0.000672723
0.000691878
0.000710499
0.000728083
0.000744209
0.000758537
0.000770834
0.000780991
0.000789046
0.000795228
0.000799418
0.000526331
0.000516796
0.000515752
0.000519371
0.000526092
0.000535075
0.000545797
0.000557888
0.000571108
0.000585324
0.000600469
0.000616472
0.000633193
0.000650386
0.000667822
0.000685283
0.000702376
0.000718642
0.000733657
0.000747071
0.000758631
0.000768194
0.000775768
0.000781545
0.000785415
0.000542885
0.000535842
0.000533958
0.000536179
0.000541423
0.000548984
0.000558378
0.000569236
0.000581273
0.000594274
0.00060807
0.000622517
0.000637454
0.000652683
0.000668004
0.000683255
0.000698165
0.000712371
0.000725533
0.000737364
0.000747646
0.000756253
0.000763189
0.000768621
0.000772371
0.000554545
0.000550095
0.000548833
0.000550604
0.000554928
0.00056135
0.000569487
0.000579019
0.000589677
0.000601241
0.000613529
0.00062638
0.000639641
0.000653137
0.000666718
0.000680233
0.000693445
0.000706059
0.00071779
0.000728389
0.000737662
0.000745492
0.000751874
0.00075695
0.000760518
0.000563628
0.000561198
0.000560798
0.00056258
0.000566394
0.000571981
0.000579069
0.000587408
0.000596772
0.000606971
0.000617839
0.000629229
0.000640996
0.000652982
0.000665046
0.000677051
0.000688795
0.000700033
0.000710526
0.000720059
0.000728461
0.000735617
0.000741519
0.000746289
0.000749692
0.000571107
0.000570021
0.000570355
0.000572294
0.000575822
0.000580808
0.000587074
0.000594432
0.000602702
0.000611723
0.000621348
0.000631442
0.000641874
0.000652504
0.000663204
0.00067385
0.000684277
0.000694281
0.000703664
0.000712244
0.00071987
0.00072644
0.000731943
0.000736493
0.000739806
0.000577435
0.00057724
0.000578115
0.000580212
0.000583558
0.00058809
0.000593695
0.000600237
0.000607574
0.000615571
0.000624101
0.000633044
0.000642282
0.000651694
0.000661165
0.000670588
0.000679826
0.000688716
0.000697095
0.000704813
0.000711746
0.000717806
0.000722998
0.000727446
0.000730792
0.000582833
0.000583242
0.000584496
0.000586707
0.000589911
0.000594078
0.000599135
0.000604983
0.000611513
0.000618613
0.000626174
0.00063409
0.000642259
0.000650576
0.00065894
0.000667256
0.000675414
0.000683283
0.000690735
0.000697653
0.000703943
0.000709545
0.000714506
0.000719013
0.000722557
0.000587449
0.000588268
0.000589774
0.000592046
0.000595117
0.000598973
0.000603563
0.000608815
0.000614643
0.000620955
0.000627658
0.000634661
0.000641874
0.000649205
0.000656565
0.000663874
0.000671037
0.000677952
0.000684521
0.000690659
0.000696309
0.000701457
0.000706243
0.000711126
0.000715335
0.000591392
0.000592486
0.000594149
0.000596437
0.000599373
0.000602951
0.000607135
0.000611868
0.000617082
0.000622701
0.000628645
0.000634836
0.000641192
0.000647635
0.000654085
0.000660468
0.000666704
0.000672708
0.000678404
0.000683731
0.000688668
0.000693262
0.000697896
0.000703656
0.00071052
0.000594756
0.000596029
0.000597779
0.000600043
0.000602841
0.000606164
0.000609987
0.000614263
0.000618937
0.000623945
0.000629217
0.000634685
0.000640277
0.000645919
0.000651542
0.000657073
0.000662439
0.00066756
0.000672365
0.00067678
0.000680781
0.000684379
0.00068799
0.00069352
0.000703533
0.000597618
0.000599001
0.000600785
0.000602998
0.000605652
0.000608739
0.000612236
0.000616107
0.000620303
0.00062477
0.000629448
0.000634274
0.000639183
0.000644108
0.000648982
0.000653734
0.000658287
0.000662555
0.000666439
0.000669848
0.00067262
0.000674538
0.000675397
0.000675004
0.000669842
0.000600044
0.000601485
0.000603267
0.000605408
0.000607915
0.00061078
0.000613982
0.00061749
0.000621262
0.00062525
0.000629402
0.000633659
0.000637962
0.000642249
0.000646453
0.000650503
0.000654319
0.000657806
0.000660853
0.000663319
0.000665
0.00066559
0.000664657
0.000661553
0.00065451
0.000602089
0.000603552
0.000605305
0.00060736
0.00060972
0.000612376
0.000615309
0.00061849
0.000621885
0.000625449
0.000629134
0.00063289
0.000636659
0.000640382
0.000643994
0.000647425
0.000650592
0.000653398
0.000655722
0.000657412
0.000658262
0.000657981
0.000656183
0.000652377
0.000645872
0.000603801
0.000605259
0.000606964
0.000608924
0.000611139
0.000613598
0.000616285
0.000619173
0.000622231
0.000625419
0.000628694
0.000632008
0.000635308
0.000638538
0.000641636
0.000644531
0.000647143
0.000649376
0.00065111
0.000652199
0.000652453
0.000651635
0.000649461
0.000645636
0.000639895
0.00060522
0.000606654
0.000608299
0.00061016
0.000612233
0.000614508
0.00061697
0.000619594
0.00062235
0.000625205
0.000628119
0.000631046
0.000633938
0.000636742
0.000639398
0.000641839
0.000643989
0.000645754
0.000647025
0.000647666
0.000647511
0.000646371
0.000644045
0.000640363
0.000635253
0.000606383
0.000607779
0.000609356
0.000611115
0.000613051
0.000615155
0.00061741
0.000619796
0.000622284
0.000624845
0.00062744
0.00063003
0.00063257
0.000635009
0.000637292
0.000639357
0.00064113
0.000642527
0.000643445
0.000643763
0.000643339
0.000642017
0.000639646
0.000636122
0.000631449
0.00060732
0.000608669
0.000610173
0.00061183
0.000613636
0.000615579
0.000617646
0.000619817
0.000622067
0.000624367
0.000626685
0.000628983
0.00063122
0.000633351
0.000635325
0.000637083
0.000638559
0.000639675
0.000640338
0.000640438
0.00063985
0.000638436
0.00063607
0.000632667
0.000628243
0.000608059
0.000609355
0.000610782
0.00061234
0.000614022
0.000615817
0.000617712
0.00061969
0.000621727
0.000623798
0.000625873
0.000627919
0.000629899
0.000631773
0.000633493
0.000635009
0.00063626
0.000637175
0.00063767
0.000637646
0.000636985
0.000635557
0.000633233
0.000629914
0.000625572
0.000608624
0.000609862
0.000611214
0.000612675
0.000614239
0.000615897
0.000617636
0.00061944
0.000621288
0.000623157
0.000625021
0.000626852
0.000628615
0.000630276
0.000631794
0.000633124
0.000634213
0.000635
0.000635411
0.000635353
0.000634715
0.000633362
0.000631146
0.000627924
0.000623544
0.000609036
0.000610215
0.000611491
0.000612859
0.000614313
0.000615845
0.000617442
0.000619089
0.000620769
0.000622461
0.000624143
0.000625788
0.00062737
0.000628858
0.000630217
0.000631411
0.000632396
0.000633122
0.000633527
0.00063353
0.000633028
0.000631875
0.000629895
0.000626884
0.00062242
0.000609314
0.000610433
0.000611635
0.000612914
0.000614266
0.000615681
0.000617148
0.000618655
0.000620186
0.000621723
0.000623246
0.000624734
0.000626164
0.000627511
0.000628748
0.000629848
0.000630778
0.000631503
0.000631977
0.000632145
0.000631921
0.00063117
0.00062971
0.000627295
0.000622843
0.000609475
0.000610535
0.000611664
0.000612859
0.000614115
0.000615423
0.000616773
0.000618154
0.000619552
0.000620952
0.000622337
0.000623691
0.000624993
0.000626226
0.000627371
0.000628408
0.00062932
0.000630088
0.000630697
0.000631131
0.000631361
0.000631334
0.000631057
0.000630667
0.000627881
0.000609534
0.000610535
0.000611595
0.000612711
0.000613877
0.000615087
0.00061633
0.000617598
0.000618877
0.000620156
0.000621421
0.000622658
0.000623852
0.000624991
0.000626063
0.000627057
0.000627968
0.000628799
0.000629566
0.000630307
0.000631101
0.000632099
0.000633823
0.000638099
0.000647441
0.000609504
0.000610447
0.000611441
0.000612483
0.000613566
0.000614685
0.000615831
0.000616996
0.000618169
0.000619341
0.0006205
0.000621635
0.000622736
0.000623793
0.000624802
0.000625759
0.000626667
0.000627541
0.000628412
0.000629337
0.000630416
0.000631822
0.000634009
0.000638076
0.000643922
0.000609397
0.000610284
0.000611216
0.000612187
0.000613193
0.000614228
0.000615286
0.000616358
0.000617436
0.000618511
0.000619575
0.00062062
0.000621637
0.000622622
0.000623572
0.000624489
0.000625381
0.000626266
0.000627175
0.00062816
0.000629298
0.000630702
0.0006326
0.000635321
0.000638108
0.000609222
0.000610056
0.000610928
0.000611833
0.000612768
0.000613726
0.000614702
0.00061569
0.000616682
0.000617671
0.000618649
0.000619612
0.000620553
0.00062147
0.000622363
0.000623235
0.000624095
0.000624961
0.000625859
0.000626827
0.000627914
0.00062918
0.000630717
0.000632598
0.000634328
0.00060899
0.000609773
0.000610588
0.000611432
0.0006123
0.000613187
0.000614089
0.000614999
0.000615912
0.000616822
0.000617723
0.000618611
0.000619481
0.000620333
0.000621168
0.000621989
0.000622806
0.000623631
0.000624485
0.000625393
0.000626381
0.000627476
0.000628704
0.000630068
0.000631265
0.000608708
0.000609443
0.000610204
0.00061099
0.000611796
0.000612618
0.000613451
0.00061429
0.000615131
0.000615969
0.000616799
0.000617617
0.000618421
0.00061921
0.000619986
0.000620752
0.000621516
0.000622287
0.000623078
0.000623904
0.000624777
0.000625703
0.00062668
0.000627685
0.000628522
0.000608384
0.000609072
0.000609784
0.000610515
0.000611263
0.000612024
0.000612794
0.000613568
0.000614343
0.000615114
0.000615878
0.000616631
0.000617372
0.000618101
0.000618818
0.000619527
0.000620232
0.000620941
0.000621661
0.000622399
0.000623158
0.000623933
0.000624712
0.000625465
0.000626064
0.000608024
0.000608668
0.000609332
0.000610013
0.000610707
0.000611412
0.000612123
0.000612837
0.000613551
0.00061426
0.000614962
0.000615655
0.000616336
0.000617006
0.000617665
0.000618316
0.000618962
0.000619606
0.000620253
0.000620905
0.000621559
0.000622207
0.000622832
0.00062341
0.000623853
0.000607634
0.000608237
0.000608856
0.000609489
0.000610133
0.000610785
0.000611442
0.0006121
0.000612757
0.00061341
0.000614055
0.00061469
0.000615315
0.000615929
0.000616531
0.000617125
0.000617711
0.000618291
0.000618868
0.000619439
0.000620001
0.000620543
0.000621051
0.000621505
0.000621843
0.000607219
0.000607782
0.000608359
0.000608948
0.000609545
0.000610148
0.000610754
0.000611361
0.000611966
0.000612565
0.000613156
0.000613738
0.00061431
0.00061487
0.000615419
0.000615957
0.000616486
0.000617005
0.000617516
0.000618014
0.000618496
0.000618952
0.000619368
0.000619732
0.000619997
0.000606784
0.00060731
0.000607847
0.000608394
0.000608947
0.000609505
0.000610064
0.000610623
0.000611178
0.000611728
0.000612269
0.000612801
0.000613323
0.000613832
0.00061433
0.000614816
0.00061529
0.000615753
0.000616203
0.000616637
0.00061705
0.000617435
0.00061778
0.000618076
0.000618289
0.000606333
0.000606823
0.000607323
0.00060783
0.000608343
0.000608858
0.000609374
0.000609888
0.000610397
0.000610901
0.000611396
0.000611881
0.000612355
0.000612817
0.000613267
0.000613703
0.000614127
0.000614538
0.000614933
0.000615311
0.000615666
0.000615992
0.000616281
0.000616525
0.000616699
0.000605869
0.000606326
0.000606791
0.000607261
0.000607735
0.000608211
0.000608686
0.000609158
0.000609625
0.000610086
0.000610538
0.000610979
0.000611409
0.000611827
0.000612231
0.000612622
0.000613
0.000613363
0.000613709
0.000614037
0.000614343
0.00061462
0.000614864
0.000615068
0.000615213
0.000605395
0.000605821
0.000606253
0.000606689
0.000607127
0.000607566
0.000608003
0.000608436
0.000608864
0.000609285
0.000609696
0.000610097
0.000610486
0.000610862
0.000611225
0.000611574
0.000611909
0.000612229
0.000612532
0.000612817
0.00061308
0.000613316
0.000613523
0.000613696
0.000613817
0.000604915
0.000605312
0.000605712
0.000606116
0.000606521
0.000606925
0.000607326
0.000607724
0.000608115
0.000608498
0.000608872
0.000609235
0.000609586
0.000609924
0.000610249
0.000610559
0.000610856
0.000611136
0.000611401
0.000611648
0.000611874
0.000612077
0.000612254
0.000612401
0.000612504
0.000604431
0.0006048
0.000605171
0.000605545
0.000605918
0.00060629
0.000606659
0.000607022
0.00060738
0.000607728
0.000608067
0.000608395
0.000608711
0.000609014
0.000609304
0.000609579
0.00060984
0.000610086
0.000610316
0.00061053
0.000610725
0.000610899
0.00061105
0.000611176
0.000611264
0.000603946
0.000604288
0.000604632
0.000604977
0.000605322
0.000605663
0.000606001
0.000606334
0.000606659
0.000606976
0.000607283
0.000607578
0.000607862
0.000608132
0.000608389
0.000608632
0.000608862
0.000609077
0.000609277
0.000609461
0.000609629
0.000609779
0.000609908
0.000610017
0.000610093
0.000603461
0.000603778
0.000604097
0.000604416
0.000604732
0.000605046
0.000605355
0.000605659
0.000605955
0.000606242
0.000606519
0.000606784
0.000607038
0.000607279
0.000607506
0.00060772
0.000607921
0.000608108
0.000608281
0.00060844
0.000608584
0.000608712
0.000608824
0.000608918
0.000608984
0.000602978
0.000603272
0.000603567
0.000603861
0.000604152
0.00060444
0.000604722
0.000604999
0.000605267
0.000605527
0.000605776
0.000606014
0.00060624
0.000606454
0.000606654
0.000606842
0.000607017
0.000607179
0.000607328
0.000607465
0.000607588
0.000607698
0.000607794
0.000607875
0.000607932
0.000602499
0.000602772
0.000603044
0.000603315
0.000603582
0.000603845
0.000604103
0.000604354
0.000604598
0.000604832
0.000605056
0.000605268
0.000605469
0.000605658
0.000605834
0.000605997
0.000606148
0.000606288
0.000606416
0.000606533
0.000606638
0.000606732
0.000606815
0.000606885
0.000606935
0.000602026
0.000602278
0.00060253
0.000602778
0.000603024
0.000603264
0.000603499
0.000603727
0.000603947
0.000604157
0.000604357
0.000604547
0.000604724
0.00060489
0.000605044
0.000605185
0.000605316
0.000605435
0.000605544
0.000605644
0.000605733
0.000605813
0.000605884
0.000605945
0.000605988
0.00060156
0.000601793
0.000602024
0.000602253
0.000602477
0.000602697
0.00060291
0.000603117
0.000603315
0.000603503
0.000603682
0.00060385
0.000604006
0.000604151
0.000604284
0.000604406
0.000604518
0.000604619
0.000604711
0.000604795
0.00060487
0.000604938
0.000604998
0.000605051
0.000605089
0.000601101
0.000601317
0.00060153
0.000601739
0.000601944
0.000602144
0.000602338
0.000602524
0.000602702
0.000602871
0.00060303
0.000603178
0.000603315
0.000603441
0.000603555
0.000603659
0.000603754
0.000603839
0.000603916
0.000603985
0.000604048
0.000604105
0.000604156
0.000604202
0.000604234
0.000600652
0.00060085
0.000601046
0.000601238
0.000601425
0.000601607
0.000601782
0.00060195
0.00060211
0.00060226
0.0006024
0.00060253
0.000602649
0.000602758
0.000602856
0.000602944
0.000603023
0.000603093
0.000603156
0.000603214
0.000603265
0.000603312
0.000603355
0.000603394
0.000603423
0.000600213
0.000600395
0.000600575
0.000600751
0.000600921
0.000601086
0.000601244
0.000601395
0.000601537
0.00060167
0.000601794
0.000601907
0.000602011
0.000602103
0.000602186
0.000602259
0.000602324
0.000602381
0.000602432
0.000602478
0.00060252
0.000602558
0.000602594
0.000602627
0.000602651
0.000599784
0.000599952
0.000600117
0.000600277
0.000600433
0.000600582
0.000600724
0.000600859
0.000600985
0.000601103
0.000601211
0.000601309
0.000601398
0.000601476
0.000601545
0.000601605
0.000601657
0.000601702
0.000601742
0.000601778
0.000601811
0.000601841
0.00060187
0.000601897
0.000601918
0.000599367
0.000599522
0.000599673
0.000599819
0.00059996
0.000600094
0.000600222
0.000600342
0.000600454
0.000600558
0.000600652
0.000600736
0.000600811
0.000600876
0.000600932
0.00060098
0.000601021
0.000601055
0.000601086
0.000601112
0.000601136
0.00060116
0.000601182
0.000601205
0.000601222
0.000598963
0.000599105
0.000599242
0.000599375
0.000599503
0.000599624
0.000599739
0.000599845
0.000599944
0.000600034
0.000600115
0.000600187
0.00060025
0.000600303
0.000600348
0.000600385
0.000600415
0.00060044
0.000600461
0.000600479
0.000600496
0.000600513
0.00060053
0.000600547
0.000600561
0.000598571
0.000598701
0.000598827
0.000598948
0.000599063
0.000599172
0.000599274
0.000599368
0.000599455
0.000599533
0.000599603
0.000599663
0.000599714
0.000599757
0.000599791
0.000599818
0.000599839
0.000599855
0.000599868
0.000599879
0.000599889
0.000599899
0.000599911
0.000599924
0.000599933
0.000598193
0.000598312
0.000598426
0.000598536
0.00059864
0.000598737
0.000598828
0.000598911
0.000598987
0.000599054
0.000599113
0.000599163
0.000599204
0.000599237
0.000599262
0.00059928
0.000599292
0.0005993
0.000599306
0.00059931
0.000599313
0.000599318
0.000599324
0.000599333
0.000599339
0.000597828
0.000597937
0.000598041
0.00059814
0.000598234
0.000598321
0.000598401
0.000598475
0.00059854
0.000598597
0.000598646
0.000598687
0.000598719
0.000598743
0.000598759
0.000598769
0.000598774
0.000598775
0.000598774
0.000598771
0.000598769
0.000598768
0.00059877
0.000598774
0.000598776
0.000597477
0.000597577
0.000597672
0.000597761
0.000597845
0.000597923
0.000597994
0.000598058
0.000598114
0.000598163
0.000598203
0.000598235
0.000598259
0.000598275
0.000598284
0.000598287
0.000598285
0.000598279
0.000598271
0.000598263
0.000598255
0.000598249
0.000598246
0.000598245
0.000598244
0.000597141
0.000597232
0.000597318
0.000597399
0.000597474
0.000597543
0.000597606
0.000597661
0.00059771
0.00059775
0.000597782
0.000597807
0.000597823
0.000597832
0.000597835
0.000597831
0.000597823
0.000597811
0.000597798
0.000597784
0.000597771
0.00059776
0.000597752
0.000597747
0.000597742
0.00059682
0.000596903
0.000596981
0.000597054
0.000597121
0.000597182
0.000597237
0.000597285
0.000597326
0.000597359
0.000597385
0.000597403
0.000597413
0.000597416
0.000597412
0.000597403
0.000597389
0.000597372
0.000597354
0.000597335
0.000597317
0.000597301
0.000597288
0.000597277
0.000597268
0.000596513
0.000596589
0.000596659
0.000596725
0.000596785
0.000596839
0.000596887
0.000596929
0.000596963
0.00059699
0.00059701
0.000597022
0.000597027
0.000597025
0.000597016
0.000597002
0.000596983
0.000596962
0.000596938
0.000596914
0.000596891
0.000596871
0.000596853
0.000596837
0.000596823
0.000596222
0.00059629
0.000596354
0.000596413
0.000596467
0.000596515
0.000596557
0.000596592
0.000596621
0.000596643
0.000596658
0.000596665
0.000596665
0.000596659
0.000596646
0.000596628
0.000596605
0.000596579
0.000596552
0.000596523
0.000596496
0.00059647
0.000596447
0.000596426
0.000596407
0.000595945
0.000596007
0.000596065
0.000596118
0.000596166
0.000596208
0.000596245
0.000596276
0.0005963
0.000596318
0.000596328
0.000596332
0.000596328
0.000596318
0.000596302
0.00059628
0.000596254
0.000596225
0.000596194
0.000596161
0.000596129
0.000596098
0.00059607
0.000596042
0.000596018
0.000595682
0.000595739
0.000595791
0.000595839
0.000595882
0.00059592
0.000595953
0.000595979
0.000596
0.000596014
0.000596021
0.000596022
0.000596016
0.000596003
0.000595985
0.00059596
0.000595932
0.0005959
0.000595865
0.000595828
0.000595792
0.000595756
0.000595722
0.000595687
0.000595656
0.000595435
0.000595486
0.000595533
0.000595577
0.000595616
0.00059565
0.000595679
0.000595702
0.00059572
0.000595731
0.000595737
0.000595735
0.000595728
0.000595714
0.000595694
0.000595668
0.000595637
0.000595603
0.000595565
0.000595526
0.000595485
0.000595444
0.000595403
0.000595361
0.000595322
0.000595202
0.000595248
0.000595291
0.00059533
0.000595366
0.000595397
0.000595423
0.000595444
0.00059546
0.00059547
0.000595474
0.000595472
0.000595464
0.000595449
0.000595429
0.000595403
0.000595372
0.000595336
0.000595296
0.000595254
0.000595209
0.000595162
0.000595115
0.000595064
0.000595017
0.000594982
0.000595024
0.000595064
0.0005951
0.000595132
0.000595161
0.000595185
0.000595205
0.00059522
0.000595229
0.000595233
0.000595232
0.000595224
0.000595211
0.000595191
0.000595166
0.000595135
0.000595099
0.000595058
0.000595013
0.000594964
0.000594912
0.000594857
0.000594797
0.000594739
0.000594777
0.000594815
0.000594851
0.000594884
0.000594914
0.000594941
0.000594964
0.000594984
0.000594999
0.000595009
0.000595014
0.000595014
0.000595009
0.000594998
0.000594981
0.000594957
0.000594928
0.000594893
0.000594852
0.000594806
0.000594753
0.000594696
0.000594633
0.000594561
0.000594492
0.000594584
0.000594619
0.000594652
0.000594683
0.000594712
0.000594738
0.000594761
0.00059478
0.000594796
0.000594808
0.000594816
0.000594819
0.000594818
0.00059481
0.000594797
0.000594778
0.000594752
0.00059472
0.00059468
0.000594633
0.000594578
0.000594515
0.000594443
0.000594358
0.000594275
0.000594404
0.000594436
0.000594467
0.000594496
0.000594524
0.000594549
0.000594573
0.000594594
0.000594612
0.000594627
0.000594639
0.000594646
0.00059465
0.000594648
0.000594641
0.000594628
0.000594608
0.00059458
0.000594544
0.000594498
0.000594441
0.000594372
0.00059429
0.00059419
0.000594091
0.000594235
0.000594265
0.000594294
0.000594322
0.000594349
0.000594375
0.0005944
0.000594423
0.000594445
0.000594464
0.000594481
0.000594494
0.000594505
0.000594511
0.000594512
0.000594507
0.000594496
0.000594476
0.000594445
0.000594402
0.000594345
0.000594272
0.000594179
0.000594062
0.000593942
0.000594078
0.000594105
0.000594133
0.00059416
0.000594188
0.000594215
0.000594242
0.000594268
0.000594293
0.000594318
0.000594341
0.000594362
0.000594382
0.000594398
0.00059441
0.000594417
0.000594417
0.000594408
0.000594387
0.00059435
0.000594295
0.000594218
0.000594115
0.000593977
0.000593834
0.000593931
0.000593956
0.000593983
0.00059401
0.000594038
0.000594067
0.000594096
0.000594126
0.000594157
0.000594188
0.000594219
0.00059425
0.00059428
0.000594308
0.000594334
0.000594356
0.000594372
0.000594378
0.000594371
0.000594346
0.000594297
0.000594219
0.000594105
0.000593944
0.00059377
0.000593793
0.000593817
0.000593842
0.00059387
0.000593899
0.00059393
0.000593962
0.000593997
0.000594033
0.000594072
0.000594112
0.000594154
0.000594197
0.000594241
0.000594284
0.000594325
0.000594361
0.000594388
0.000594401
0.000594394
0.000594357
0.000594284
0.00059416
0.000593971
0.000593761
0.000593664
0.000593686
0.000593712
0.000593739
0.00059377
0.000593803
0.000593839
0.000593879
0.000593921
0.000593968
0.000594018
0.000594073
0.000594131
0.000594193
0.000594257
0.000594321
0.000594384
0.000594439
0.000594481
0.0005945
0.000594485
0.000594423
0.000594294
0.000594073
0.000593818
0.000593542
0.000593564
0.000593589
0.000593617
0.000593649
0.000593685
0.000593725
0.000593769
0.000593819
0.000593874
0.000593936
0.000594004
0.000594079
0.000594161
0.000594249
0.000594343
0.000594438
0.00059453
0.000594611
0.00059467
0.000594691
0.000594653
0.000594527
0.000594274
0.000593963
0.000593428
0.000593449
0.000593474
0.000593502
0.000593536
0.000593574
0.000593618
0.000593668
0.000593724
0.000593788
0.000593861
0.000593944
0.000594037
0.000594141
0.000594257
0.000594384
0.00059452
0.000594659
0.000594794
0.000594909
0.000594985
0.000594994
0.000594889
0.000594606
0.000594232
0.00059332
0.00059334
0.000593365
0.000593394
0.000593429
0.00059347
0.000593517
0.000593571
0.000593634
0.000593707
0.000593791
0.000593888
0.000594
0.000594129
0.000594275
0.00059444
0.000594623
0.000594821
0.000595024
0.000595219
0.000595381
0.000595472
0.000595421
0.000595125
0.000594685
0.000593218
0.000593237
0.000593262
0.000593292
0.000593328
0.00059337
0.00059342
0.000593479
0.000593548
0.000593628
0.000593723
0.000593833
0.000593963
0.000594115
0.000594293
0.0005945
0.000594737
0.000595004
0.000595295
0.000595598
0.000595887
0.000596114
0.000596179
0.000595917
0.000595439
0.000593121
0.00059314
0.000593164
0.000593194
0.000593231
0.000593275
0.000593327
0.000593389
0.000593462
0.000593548
0.000593651
0.000593774
0.00059392
0.000594094
0.000594302
0.00059455
0.000594845
0.00059519
0.000595588
0.000596033
0.000596503
0.000596948
0.000597235
0.000597115
0.000596697
0.00059303
0.000593048
0.000593072
0.000593102
0.000593139
0.000593183
0.000593236
0.000593299
0.000593375
0.000593466
0.000593575
0.000593706
0.000593864
0.000594056
0.00059429
0.000594576
0.000594926
0.000595354
0.000595871
0.000596487
0.000597204
0.00059798
0.000598663
0.000598915
0.000598813
0.000592943
0.00059296
0.000592983
0.000593013
0.000593049
0.000593093
0.000593145
0.000593209
0.000593285
0.000593377
0.000593487
0.000593622
0.000593787
0.000593989
0.00059424
0.000594554
0.000594948
0.000595448
0.000596082
0.000596888
0.000597902
0.000599142
0.000600519
0.000601735
0.000602724
0.000592856
0.000592873
0.000592896
0.000592924
0.000592958
0.000593
0.000593051
0.000593112
0.000593186
0.000593275
0.000593383
0.000593515
0.000593678
0.000593879
0.000594133
0.000594454
0.000594867
0.000595406
0.000596121
0.000597089
0.000598414
0.000600224
0.000602739
0.000606507
0.000611619
0.000592781
0.000592797
0.000592819
0.000592845
0.000592878
0.000592918
0.000592966
0.000593023
0.000593093
0.000593177
0.000593279
0.000593404
0.000593559
0.000593751
0.000593994
0.000594306
0.000594712
0.000595253
0.000595997
0.000597056
0.000598614
0.000600954
0.000604807
0.000613016
0.000629202
0.000640737
0.000626711
0.000618837
0.000611749
0.00060522
0.000599147
0.00059334
0.000587693
0.000582156
0.000576702
0.000571309
0.000565963
0.000560652
0.000555364
0.000550094
0.000544835
0.000539583
0.000534336
0.00052909
0.000523845
0.000518601
0.000513355
0.000508108
0.00050286
0.000497611
0.000492361
0.00048711
0.000481858
0.000476605
0.000471352
0.000466098
0.000460843
0.000455589
0.000450334
0.00044508
0.000439825
0.000434572
0.000429318
0.000424065
0.000418813
0.000413562
0.000408312
0.000403062
0.000397814
0.000392567
0.000387321
0.000382077
0.000376833
0.000371592
0.000366351
0.000361112
0.000355875
0.000350639
0.000345405
0.000340173
0.000334942
0.000329712
0.000324485
0.000319258
0.000314034
0.000308811
0.00030359
0.00029837
0.000293152
0.000287935
0.00028272
0.000277506
0.000272294
0.000267084
0.000261875
0.000256667
0.000251461
0.000246256
0.000241052
0.00023585
0.000230649
0.000225449
0.00022025
0.000215053
0.000209857
0.000204661
0.000199467
0.000194274
0.000189082
0.000183891
0.000178701
0.000173512
0.000168323
0.000163136
0.000157949
0.000152763
0.000147578
0.000142393
0.00013721
0.000132026
0.000126844
0.000121662
0.000116481
0.0001113
0.000106119
0.000100939
9.57601e-05
9.05811e-05
8.54024e-05
8.02242e-05
7.50463e-05
6.98687e-05
6.46915e-05
5.95144e-05
5.43377e-05
4.91611e-05
4.39848e-05
3.88086e-05
3.36326e-05
2.84568e-05
2.3281e-05
1.81053e-05
1.29298e-05
7.75435e-06
2.58357e-06
0.000639313
0.000627257
0.000618945
0.000611841
0.00060531
0.000599195
0.000593353
0.000587687
0.000582142
0.000576685
0.000571293
0.000565949
0.000560639
0.000555353
0.000550084
0.000544826
0.000539575
0.000534329
0.000529084
0.00052384
0.000518596
0.000513351
0.000508105
0.000502858
0.00049761
0.00049236
0.000487109
0.000481857
0.000476605
0.000471351
0.000466097
0.000460843
0.000455589
0.000450334
0.00044508
0.000439825
0.000434571
0.000429318
0.000424065
0.000418813
0.000413562
0.000408311
0.000403062
0.000397814
0.000392567
0.000387321
0.000382076
0.000376833
0.000371591
0.000366351
0.000361112
0.000355875
0.000350639
0.000345405
0.000340172
0.000334941
0.000329712
0.000324484
0.000319258
0.000314033
0.00030881
0.000303589
0.000298369
0.000293151
0.000287935
0.00028272
0.000277506
0.000272294
0.000267083
0.000261874
0.000256667
0.00025146
0.000246255
0.000241052
0.000235849
0.000230648
0.000225448
0.00022025
0.000215052
0.000209856
0.000204661
0.000199467
0.000194274
0.000189082
0.000183891
0.000178701
0.000173511
0.000168323
0.000163136
0.000157949
0.000152763
0.000147578
0.000142393
0.000137209
0.000132026
0.000126844
0.000121662
0.00011648
0.0001113
0.000106119
0.000100939
9.57599e-05
9.05809e-05
8.54023e-05
8.02241e-05
7.50462e-05
6.98687e-05
6.46914e-05
5.95144e-05
5.43376e-05
4.91611e-05
4.39848e-05
3.88086e-05
3.36326e-05
2.84567e-05
2.3281e-05
1.81053e-05
1.29298e-05
7.75433e-06
2.58358e-06
0.000635827
0.000626344
0.000618511
0.000611558
0.000605111
0.000599032
0.000593212
0.000587566
0.000582042
0.000576604
0.000571228
0.000565897
0.000560597
0.00055532
0.000550057
0.000544804
0.000539558
0.000534314
0.000529072
0.000523831
0.000518588
0.000513345
0.0005081
0.000502854
0.000497606
0.000492357
0.000487107
0.000481856
0.000476603
0.00047135
0.000466097
0.000460843
0.000455588
0.000450334
0.000445079
0.000439825
0.000434571
0.000429318
0.000424065
0.000418813
0.000413561
0.000408311
0.000403062
0.000397813
0.000392566
0.00038732
0.000382076
0.000376833
0.000371591
0.000366351
0.000361112
0.000355874
0.000350639
0.000345404
0.000340172
0.000334941
0.000329711
0.000324484
0.000319258
0.000314033
0.00030881
0.000303589
0.000298369
0.000293151
0.000287934
0.000282719
0.000277506
0.000272294
0.000267083
0.000261874
0.000256666
0.00025146
0.000246255
0.000241051
0.000235849
0.000230648
0.000225448
0.00022025
0.000215052
0.000209856
0.000204661
0.000199467
0.000194274
0.000189082
0.000183891
0.0001787
0.000173511
0.000168323
0.000163135
0.000157949
0.000152763
0.000147578
0.000142393
0.000137209
0.000132026
0.000126844
0.000121662
0.00011648
0.000111299
0.000106119
0.000100939
9.57599e-05
9.05809e-05
8.54023e-05
8.0224e-05
7.50462e-05
6.98686e-05
6.46913e-05
5.95143e-05
5.43376e-05
4.9161e-05
4.39847e-05
3.88086e-05
3.36326e-05
2.84567e-05
2.3281e-05
1.81053e-05
1.29298e-05
7.75439e-06
2.58364e-06
0.00063221
0.000624439
0.000617335
0.000610751
0.000604536
0.000598604
0.000592881
0.000587309
0.000581841
0.000576449
0.000571109
0.000565805
0.000560527
0.000555265
0.000550015
0.000544772
0.000539532
0.000534294
0.000529056
0.000523818
0.000518578
0.000513337
0.000508094
0.000502849
0.000497602
0.000492354
0.000487104
0.000481854
0.000476602
0.000471349
0.000466096
0.000460842
0.000455588
0.000450333
0.000445079
0.000439825
0.000434571
0.000429318
0.000424065
0.000418813
0.000413561
0.000408311
0.000403062
0.000397813
0.000392566
0.00038732
0.000382076
0.000376833
0.000371591
0.00036635
0.000361112
0.000355874
0.000350638
0.000345404
0.000340172
0.000334941
0.000329711
0.000324484
0.000319257
0.000314033
0.00030881
0.000303589
0.000298369
0.000293151
0.000287934
0.000282719
0.000277506
0.000272293
0.000267083
0.000261874
0.000256666
0.00025146
0.000246255
0.000241051
0.000235849
0.000230648
0.000225448
0.00022025
0.000215052
0.000209856
0.000204661
0.000199467
0.000194274
0.000189082
0.00018389
0.0001787
0.000173511
0.000168323
0.000163135
0.000157949
0.000152763
0.000147577
0.000142393
0.000137209
0.000132026
0.000126844
0.000121662
0.00011648
0.000111299
0.000106119
0.000100939
9.57598e-05
9.05808e-05
8.54022e-05
8.0224e-05
7.50461e-05
6.98686e-05
6.46913e-05
5.95143e-05
5.43376e-05
4.9161e-05
4.39847e-05
3.88086e-05
3.36326e-05
2.84567e-05
2.3281e-05
1.81053e-05
1.29298e-05
7.75443e-06
2.58367e-06
0.000628889
0.000622217
0.000615769
0.00060961
0.000603696
0.000597973
0.000592399
0.000586938
0.000581559
0.000576234
0.000570946
0.000565682
0.000560434
0.000555195
0.000549961
0.00054473
0.0005395
0.000534269
0.000529036
0.000523802
0.000518565
0.000513326
0.000508085
0.000502842
0.000497597
0.00049235
0.000487101
0.000481851
0.0004766
0.000471347
0.000466094
0.000460841
0.000455587
0.000450333
0.000445078
0.000439824
0.000434571
0.000429317
0.000424065
0.000418813
0.000413561
0.000408311
0.000403062
0.000397813
0.000392566
0.00038732
0.000382076
0.000376833
0.000371591
0.000366351
0.000361112
0.000355874
0.000350639
0.000345404
0.000340172
0.000334941
0.000329711
0.000324484
0.000319258
0.000314033
0.00030881
0.000303589
0.000298369
0.000293151
0.000287934
0.000282719
0.000277506
0.000272294
0.000267083
0.000261874
0.000256666
0.00025146
0.000246255
0.000241051
0.000235849
0.000230648
0.000225448
0.00022025
0.000215052
0.000209856
0.000204661
0.000199467
0.000194274
0.000189082
0.000183891
0.0001787
0.000173511
0.000168323
0.000163135
0.000157949
0.000152763
0.000147578
0.000142393
0.000137209
0.000132026
0.000126844
0.000121662
0.00011648
0.000111299
0.000106119
0.000100939
9.57599e-05
9.05809e-05
8.54023e-05
8.0224e-05
7.50462e-05
6.98686e-05
6.46913e-05
5.95143e-05
5.43376e-05
4.91611e-05
4.39847e-05
3.88086e-05
3.36326e-05
2.84567e-05
2.3281e-05
1.81053e-05
1.29298e-05
7.75446e-06
2.58368e-06
0.000625838
0.000619878
0.00061397
0.000608238
0.000602664
0.000597187
0.000591796
0.00058648
0.000581213
0.000575975
0.000570753
0.000565538
0.000560326
0.000555113
0.000549899
0.000544683
0.000539463
0.00053424
0.000529013
0.000523784
0.000518551
0.000513314
0.000508075
0.000502834
0.00049759
0.000492344
0.000487097
0.000481847
0.000476597
0.000471345
0.000466093
0.000460839
0.000455586
0.000450332
0.000445078
0.000439824
0.000434571
0.000429317
0.000424065
0.000418813
0.000413561
0.000408311
0.000403062
0.000397814
0.000392567
0.000387321
0.000382076
0.000376833
0.000371591
0.000366351
0.000361112
0.000355875
0.000350639
0.000345405
0.000340172
0.000334941
0.000329712
0.000324484
0.000319258
0.000314033
0.00030881
0.000303589
0.000298369
0.000293151
0.000287935
0.00028272
0.000277506
0.000272294
0.000267083
0.000261874
0.000256666
0.00025146
0.000246255
0.000241052
0.000235849
0.000230648
0.000225448
0.00022025
0.000215052
0.000209856
0.000204661
0.000199467
0.000194274
0.000189082
0.000183891
0.000178701
0.000173511
0.000168323
0.000163136
0.000157949
0.000152763
0.000147578
0.000142393
0.000137209
0.000132026
0.000126844
0.000121662
0.00011648
0.0001113
0.000106119
0.000100939
9.576e-05
9.0581e-05
8.54024e-05
8.02241e-05
7.50462e-05
6.98687e-05
6.46914e-05
5.95144e-05
5.43376e-05
4.91611e-05
4.39848e-05
3.88086e-05
3.36326e-05
2.84568e-05
2.3281e-05
1.81054e-05
1.29298e-05
7.75448e-06
2.58368e-06
0.000622997
0.000617478
0.00061202
0.000606707
0.000601479
0.000596276
0.00059111
0.000585969
0.000580834
0.000575694
0.000570545
0.000565383
0.000560211
0.000555027
0.000549834
0.000544633
0.000539424
0.00053421
0.000528989
0.000523764
0.000518535
0.000513302
0.000508065
0.000502826
0.000497583
0.000492339
0.000487092
0.000481844
0.000476594
0.000471343
0.000466091
0.000460838
0.000455585
0.000450331
0.000445078
0.000439824
0.00043457
0.000429317
0.000424065
0.000418813
0.000413562
0.000408312
0.000403062
0.000397814
0.000392567
0.000387321
0.000382077
0.000376834
0.000371592
0.000366351
0.000361113
0.000355875
0.00035064
0.000345405
0.000340173
0.000334942
0.000329712
0.000324485
0.000319259
0.000314034
0.000308811
0.00030359
0.00029837
0.000293152
0.000287935
0.00028272
0.000277507
0.000272294
0.000267084
0.000261875
0.000256667
0.000251461
0.000246256
0.000241052
0.00023585
0.000230649
0.000225449
0.00022025
0.000215053
0.000209857
0.000204661
0.000199467
0.000194274
0.000189082
0.000183891
0.000178701
0.000173512
0.000168323
0.000163136
0.000157949
0.000152763
0.000147578
0.000142393
0.00013721
0.000132027
0.000126844
0.000121662
0.000116481
0.0001113
0.000106119
0.00010094
9.57601e-05
9.05811e-05
8.54025e-05
8.02243e-05
7.50464e-05
6.98688e-05
6.46915e-05
5.95145e-05
5.43377e-05
4.91612e-05
4.39849e-05
3.88087e-05
3.36327e-05
2.84568e-05
2.32811e-05
1.81054e-05
1.29299e-05
7.7545e-06
2.58369e-06
0.000620351
0.000615059
0.000609993
0.000605073
0.000600198
0.00059531
0.000590397
0.000585446
0.000580451
0.000575415
0.00057034
0.000565233
0.000560099
0.000554944
0.000549771
0.000544585
0.000539387
0.00053418
0.000528966
0.000523745
0.00051852
0.000513289
0.000508055
0.000502817
0.000497576
0.000492333
0.000487088
0.00048184
0.000476591
0.000471341
0.000466089
0.000460837
0.000455584
0.000450331
0.000445077
0.000439824
0.00043457
0.000429317
0.000424065
0.000418813
0.000413562
0.000408312
0.000403063
0.000397815
0.000392568
0.000387322
0.000382077
0.000376834
0.000371593
0.000366352
0.000361113
0.000355876
0.00035064
0.000345406
0.000340174
0.000334943
0.000329713
0.000324486
0.000319259
0.000314035
0.000308812
0.000303591
0.000298371
0.000293153
0.000287936
0.000282721
0.000277507
0.000272295
0.000267085
0.000261875
0.000256668
0.000251461
0.000246256
0.000241053
0.00023585
0.000230649
0.00022545
0.000220251
0.000215053
0.000209857
0.000204662
0.000199468
0.000194275
0.000189083
0.000183892
0.000178701
0.000173512
0.000168324
0.000163136
0.00015795
0.000152764
0.000147578
0.000142394
0.00013721
0.000132027
0.000126844
0.000121662
0.000116481
0.0001113
0.00010612
0.00010094
9.57604e-05
9.05813e-05
8.54027e-05
8.02245e-05
7.50465e-05
6.9869e-05
6.46917e-05
5.95146e-05
5.43379e-05
4.91613e-05
4.3985e-05
3.88088e-05
3.36328e-05
2.84569e-05
2.32811e-05
1.81054e-05
1.29299e-05
7.7545e-06
2.58369e-06
0.000617924
0.000612644
0.000607951
0.000603455
0.000598953
0.000594383
0.000589719
0.000584955
0.000580097
0.000575158
0.000570154
0.000565097
0.000559998
0.000554868
0.000549714
0.00054454
0.000539352
0.000534153
0.000528944
0.000523728
0.000518505
0.000513277
0.000508045
0.000502809
0.00049757
0.000492328
0.000487083
0.000481836
0.000476588
0.000471338
0.000466087
0.000460835
0.000455583
0.00045033
0.000445077
0.000439823
0.00043457
0.000429318
0.000424065
0.000418814
0.000413563
0.000408313
0.000403063
0.000397815
0.000392568
0.000387323
0.000382078
0.000376835
0.000371593
0.000366353
0.000361114
0.000355877
0.000350641
0.000345407
0.000340175
0.000334944
0.000329714
0.000324487
0.00031926
0.000314036
0.000308813
0.000303592
0.000298372
0.000293154
0.000287937
0.000282722
0.000277508
0.000272296
0.000267086
0.000261876
0.000256669
0.000251462
0.000246257
0.000241054
0.000235851
0.00023065
0.00022545
0.000220252
0.000215054
0.000209858
0.000204663
0.000199469
0.000194275
0.000189083
0.000183892
0.000178702
0.000173513
0.000168324
0.000163137
0.00015795
0.000152764
0.000147579
0.000142394
0.00013721
0.000132027
0.000126845
0.000121663
0.000116481
0.0001113
0.00010612
0.00010094
9.57606e-05
9.05816e-05
8.5403e-05
8.02247e-05
7.50468e-05
6.98692e-05
6.46919e-05
5.95148e-05
5.4338e-05
4.91615e-05
4.39851e-05
3.88089e-05
3.36329e-05
2.8457e-05
2.32812e-05
1.81055e-05
1.29299e-05
7.7545e-06
2.58369e-06
0.000615684
0.000610165
0.000605941
0.000601943
0.000597839
0.00059358
0.00058915
0.000584553
0.000579813
0.000574956
0.000570009
0.000564991
0.00055992
0.000554809
0.000549668
0.000544505
0.000539324
0.00053413
0.000528925
0.000523712
0.000518492
0.000513266
0.000508036
0.000502802
0.000497564
0.000492323
0.000487079
0.000481833
0.000476585
0.000471336
0.000466086
0.000460834
0.000455582
0.000450329
0.000445076
0.000439823
0.00043457
0.000429318
0.000424066
0.000418814
0.000413563
0.000408313
0.000403064
0.000397816
0.000392569
0.000387324
0.000382079
0.000376836
0.000371595
0.000366354
0.000361116
0.000355878
0.000350643
0.000345408
0.000340176
0.000334945
0.000329716
0.000324488
0.000319262
0.000314037
0.000308814
0.000303593
0.000298373
0.000293155
0.000287938
0.000282723
0.000277509
0.000272297
0.000267087
0.000261877
0.00025667
0.000251463
0.000246258
0.000241055
0.000235852
0.000230651
0.000225451
0.000220253
0.000215055
0.000209859
0.000204663
0.000199469
0.000194276
0.000189084
0.000183893
0.000178703
0.000173513
0.000168325
0.000163137
0.000157951
0.000152765
0.000147579
0.000142395
0.000137211
0.000132028
0.000126845
0.000121663
0.000116482
0.000111301
0.00010612
0.00010094
9.5761e-05
9.05819e-05
8.54032e-05
8.0225e-05
7.5047e-05
6.98694e-05
6.46921e-05
5.9515e-05
5.43382e-05
4.91616e-05
4.39852e-05
3.8809e-05
3.3633e-05
2.84571e-05
2.32813e-05
1.81055e-05
1.29299e-05
7.75447e-06
2.58366e-06
0.000613013
0.000607148
0.00060389
0.000600591
0.000596931
0.000592981
0.00058876
0.000584298
0.000579643
0.000574841
0.000569927
0.000564931
0.000559874
0.000554773
0.000549639
0.00054448
0.000539303
0.000534112
0.00052891
0.000523699
0.000518481
0.000513257
0.000508028
0.000502795
0.000497558
0.000492318
0.000487075
0.00048183
0.000476583
0.000471334
0.000466084
0.000460833
0.000455581
0.000450329
0.000445076
0.000439823
0.000434571
0.000429318
0.000424066
0.000418815
0.000413564
0.000408314
0.000403065
0.000397817
0.00039257
0.000387325
0.00038208
0.000376837
0.000371596
0.000366355
0.000361117
0.000355879
0.000350644
0.00034541
0.000340177
0.000334946
0.000329717
0.000324489
0.000319263
0.000314038
0.000308815
0.000303594
0.000298374
0.000293156
0.000287939
0.000282724
0.000277511
0.000272298
0.000267088
0.000261879
0.000256671
0.000251464
0.000246259
0.000241056
0.000235853
0.000230652
0.000225452
0.000220253
0.000215056
0.00020986
0.000204664
0.00019947
0.000194277
0.000189085
0.000183894
0.000178703
0.000173514
0.000168326
0.000163138
0.000157951
0.000152765
0.00014758
0.000142395
0.000137211
0.000132028
0.000126846
0.000121664
0.000116482
0.000111301
0.000106121
0.000100941
9.57613e-05
9.05822e-05
8.54035e-05
8.02252e-05
7.50473e-05
6.98696e-05
6.46923e-05
5.95152e-05
5.43384e-05
4.91618e-05
4.39854e-05
3.88092e-05
3.36331e-05
2.84572e-05
2.32813e-05
1.81056e-05
1.293e-05
7.75444e-06
2.58362e-06
0.000608197
0.000603593
0.000602287
0.000599674
0.000596366
0.000592655
0.00058858
0.000584201
0.000579591
0.000574811
0.000569909
0.000564917
0.000559862
0.000554761
0.000549627
0.000544469
0.000539292
0.000534102
0.0005289
0.00052369
0.000518473
0.000513251
0.000508023
0.00050279
0.000497554
0.000492315
0.000487072
0.000481828
0.000476581
0.000471333
0.000466083
0.000460832
0.000455581
0.000450328
0.000445076
0.000439823
0.000434571
0.000429318
0.000424066
0.000418815
0.000413564
0.000408315
0.000403066
0.000397818
0.000392571
0.000387325
0.000382081
0.000376838
0.000371597
0.000366356
0.000361118
0.00035588
0.000350645
0.000345411
0.000340178
0.000334947
0.000329718
0.00032449
0.000319264
0.000314039
0.000308816
0.000303595
0.000298375
0.000293157
0.00028794
0.000282725
0.000277511
0.000272299
0.000267089
0.000261879
0.000256672
0.000251465
0.00024626
0.000241056
0.000235854
0.000230653
0.000225453
0.000220254
0.000215057
0.00020986
0.000204665
0.000199471
0.000194278
0.000189085
0.000183894
0.000178704
0.000173515
0.000168326
0.000163139
0.000157952
0.000152766
0.00014758
0.000142396
0.000137212
0.000132029
0.000126846
0.000121664
0.000116482
0.000111301
0.000106121
0.000100941
9.57616e-05
9.05825e-05
8.54038e-05
8.02255e-05
7.50475e-05
6.98698e-05
6.46925e-05
5.95154e-05
5.43385e-05
4.91619e-05
4.39855e-05
3.88093e-05
3.36332e-05
2.84572e-05
2.32814e-05
1.81056e-05
1.293e-05
7.75446e-06
2.58361e-06
)
;

boundaryField
{
    frontWall
    {
        type            empty;
    }
    backWall
    {
        type            empty;
    }
    sideWall
    {
        type            zeroGradient;
    }
    outlet
    {
        type            fixedValue;
        value           uniform 0;
    }
    inlet
    {
        type            zeroGradient;
    }
}


// ************************************************************************* //
