/*--------------------------------*- C++ -*----------------------------------*\
  =========                 |
  \\      /  F ield         | OpenFOAM: The Open Source CFD Toolbox
   \\    /   O peration     | Website:  https://openfoam.org
    \\  /    A nd           | Version:  13
     \\/     M anipulation  |
\*---------------------------------------------------------------------------*/
FoamFile
{
    format      ascii;
    class       volScalarField;
    location    "19";
    object      p;
}
// * * * * * * * * * * * * * * * * * * * * * * * * * * * * * * * * * * * * * //

dimensions      [0 2 -2 0 0 0 0];

internalField   nonuniform List<scalar> 
6440
(
125.561
125.542
125.499
125.464
125.482
125.555
125.651
125.739
125.805
125.849
125.879
125.897
125.913
125.922
125.927
125.925
125.921
125.917
125.918
125.924
125.929
125.92
125.898
125.873
125.858
125.54
125.512
125.46
125.436
125.463
125.536
125.63
125.72
125.792
125.845
125.886
125.92
125.942
125.951
125.946
125.932
125.916
125.904
125.901
125.905
125.909
125.902
125.877
125.847
125.83
125.507
125.487
125.452
125.429
125.443
125.494
125.559
125.62
125.674
125.724
125.779
125.835
125.886
125.915
125.916
125.895
125.866
125.842
125.832
125.836
125.848
125.855
125.843
125.815
125.797
125.491
125.486
125.466
125.435
125.406
125.389
125.387
125.4
125.429
125.48
125.553
125.638
125.72
125.784
125.814
125.808
125.781
125.753
125.741
125.748
125.767
125.788
125.793
125.777
125.762
125.488
125.492
125.454
125.359
125.247
125.149
125.085
125.062
125.085
125.152
125.257
125.382
125.506
125.609
125.68
125.71
125.705
125.688
125.681
125.688
125.708
125.731
125.743
125.734
125.723
125.47
125.449
125.319
125.13
124.953
124.809
124.709
124.67
124.698
124.787
124.935
125.115
125.294
125.447
125.564
125.64
125.673
125.68
125.683
125.687
125.694
125.701
125.7
125.689
125.677
125.358
125.254
125.035
124.809
124.606
124.438
124.326
124.29
124.336
124.458
124.655
124.897
125.134
125.338
125.502
125.621
125.693
125.723
125.734
125.73
125.713
125.694
125.672
125.652
125.638
125.097
124.947
124.731
124.519
124.321
124.152
124.042
124.018
124.082
124.241
124.488
124.778
125.058
125.299
125.497
125.648
125.747
125.791
125.796
125.775
125.739
125.697
125.657
125.631
125.616
124.862
124.733
124.553
124.37
124.19
124.041
123.961
123.956
124.016
124.194
124.467
124.778
125.07
125.319
125.53
125.691
125.793
125.831
125.817
125.78
125.735
125.689
125.646
125.617
125.605
124.795
124.688
124.54
124.38
124.212
124.071
123.998
124.001
124.1
124.305
124.574
124.862
125.127
125.359
125.552
125.693
125.768
125.781
125.757
125.722
125.685
125.648
125.616
125.595
125.586
124.907
124.793
124.66
124.509
124.349
124.214
124.14
124.15
124.258
124.442
124.675
124.918
125.145
125.352
125.513
125.613
125.653
125.654
125.637
125.613
125.587
125.565
125.552
125.54
125.543
125.142
125.013
124.873
124.725
124.571
124.439
124.355
124.342
124.409
124.544
124.73
124.93
125.124
125.295
125.414
125.477
125.504
125.511
125.507
125.491
125.47
125.455
125.453
125.448
125.462
125.417
125.278
125.127
124.979
124.828
124.692
124.593
124.549
124.57
124.656
124.79
124.941
125.094
125.218
125.298
125.345
125.374
125.388
125.387
125.377
125.362
125.354
125.36
125.351
125.369
125.653
125.525
125.378
125.231
125.077
124.931
124.812
124.738
124.72
124.762
124.839
124.94
125.045
125.128
125.189
125.234
125.262
125.274
125.277
125.275
125.273
125.278
125.288
125.282
125.307
125.82
125.73
125.599
125.452
125.288
125.122
124.975
124.866
124.81
124.803
124.831
124.89
124.963
125.028
125.084
125.123
125.145
125.157
125.168
125.18
125.197
125.223
125.248
125.256
125.295
125.948
125.891
125.774
125.619
125.436
125.243
125.06
124.91
124.811
124.759
124.753
124.793
124.857
124.919
124.968
125
125.022
125.041
125.065
125.095
125.132
125.179
125.222
125.252
125.322
126.044
125.998
125.881
125.714
125.507
125.28
125.056
124.861
124.725
124.648
124.633
124.679
124.745
124.804
124.847
124.881
124.909
124.941
124.978
125.025
125.081
125.147
125.202
125.261
125.381
126.084
126.037
125.91
125.723
125.487
125.224
124.956
124.722
124.569
124.492
124.498
124.56
124.628
124.685
124.735
124.776
124.817
124.859
124.912
124.98
125.066
125.165
125.249
125.362
125.516
126.044
125.991
125.851
125.641
125.375
125.072
124.764
124.523
124.375
124.328
124.358
124.419
124.491
124.563
124.628
124.686
124.738
124.797
124.875
124.98
125.117
125.277
125.442
125.651
125.852
125.901
125.85
125.699
125.465
125.165
124.828
124.518
124.285
124.165
124.146
124.175
124.241
124.329
124.428
124.522
124.6
124.67
124.749
124.856
125.002
125.19
125.414
125.659
125.96
126.185
125.685
125.637
125.473
125.218
124.9
124.561
124.269
124.068
123.976
123.942
123.962
124.023
124.131
124.265
124.395
124.502
124.593
124.689
124.811
124.974
125.175
125.404
125.652
125.894
126.044
125.466
125.401
125.22
124.95
124.623
124.291
124.012
123.848
123.757
123.706
123.703
123.751
123.873
124.051
124.227
124.372
124.487
124.597
124.73
124.897
125.097
125.32
125.55
125.757
125.92
125.248
125.153
124.953
124.669
124.342
124.019
123.78
123.651
123.556
123.482
123.444
123.469
123.597
123.814
124.04
124.226
124.37
124.502
124.644
124.809
124.999
125.205
125.408
125.581
125.695
125.012
124.897
124.689
124.406
124.088
123.791
123.589
123.483
123.39
123.297
123.229
123.222
123.327
123.563
123.832
124.058
124.239
124.396
124.547
124.709
124.887
125.074
125.249
125.391
125.479
124.779
124.659
124.455
124.182
123.89
123.622
123.443
123.354
123.272
123.176
123.099
123.057
123.109
123.326
123.618
123.883
124.1
124.281
124.443
124.603
124.769
124.935
125.086
125.203
125.271
124.581
124.468
124.272
124.02
123.755
123.512
123.346
123.261
123.195
123.117
123.044
122.987
122.982
123.137
123.425
123.714
123.96
124.162
124.334
124.492
124.646
124.793
124.922
125.018
125.072
124.446
124.345
124.155
123.922
123.681
123.457
123.293
123.205
123.152
123.093
123.024
122.955
122.921
123.014
123.268
123.562
123.826
124.044
124.224
124.38
124.522
124.652
124.76
124.837
124.877
124.389
124.291
124.107
123.888
123.665
123.453
123.288
123.189
123.131
123.081
123.023
122.946
122.896
122.941
123.148
123.435
123.707
123.934
124.116
124.268
124.399
124.511
124.6
124.66
124.688
124.412
124.313
124.131
123.919
123.704
123.501
123.334
123.218
123.143
123.088
123.032
122.955
122.893
122.907
123.068
123.337
123.606
123.834
124.015
124.16
124.279
124.374
124.444
124.487
124.502
124.514
124.411
124.222
124.006
123.795
123.595
123.423
123.292
123.197
123.13
123.07
122.993
122.921
122.908
123.027
123.271
123.529
123.749
123.923
124.058
124.162
124.24
124.293
124.321
124.323
124.674
124.564
124.366
124.144
123.925
123.726
123.55
123.408
123.299
123.221
123.156
123.08
122.992
122.951
123.032
123.244
123.48
123.684
123.844
123.965
124.053
124.113
124.149
124.161
124.151
124.87
124.751
124.546
124.312
124.091
123.886
123.707
123.559
123.444
123.362
123.298
123.208
123.108
123.044
123.087
123.259
123.463
123.642
123.782
123.883
123.953
123.995
124.014
124.012
123.987
125.069
124.948
124.737
124.503
124.274
124.067
123.887
123.739
123.629
123.547
123.473
123.376
123.264
123.184
123.193
123.318
123.481
123.627
123.74
123.818
123.866
123.889
123.891
123.872
123.833
125.235
125.132
124.925
124.69
124.467
124.264
124.093
123.957
123.85
123.762
123.678
123.569
123.454
123.369
123.346
123.42
123.533
123.639
123.719
123.769
123.794
123.797
123.78
123.744
123.688
125.329
125.269
125.087
124.872
124.665
124.484
124.33
124.204
124.094
123.998
123.899
123.795
123.679
123.59
123.537
123.555
123.613
123.675
123.719
123.739
123.738
123.718
123.682
123.626
123.554
125.354
125.337
125.212
125.034
124.864
124.711
124.575
124.452
124.338
124.239
124.142
124.044
123.937
123.841
123.753
123.713
123.717
123.735
123.739
123.725
123.696
123.653
123.594
123.521
123.428
125.351
125.355
125.292
125.169
125.037
124.915
124.796
124.679
124.572
124.48
124.396
124.312
124.215
124.107
123.977
123.882
123.842
123.813
123.772
123.723
123.666
123.598
123.518
123.423
123.313
125.342
125.348
125.326
125.254
125.163
125.071
124.975
124.881
124.8
124.726
124.659
124.581
124.5
124.364
124.189
124.05
123.969
123.89
123.809
123.728
123.644
123.552
123.45
123.337
123.207
125.327
125.326
125.318
125.285
125.233
125.177
125.12
125.066
125.021
124.975
124.919
124.849
124.767
124.592
124.377
124.203
124.078
123.957
123.845
123.736
123.627
123.514
123.393
123.259
123.113
125.309
125.302
125.294
125.277
125.257
125.244
125.238
125.234
125.226
125.206
125.164
125.099
124.988
124.775
124.53
124.325
124.162
124.014
123.877
123.745
123.614
123.481
123.341
123.193
123.03
125.29
125.282
125.266
125.254
125.255
125.287
125.333
125.376
125.402
125.404
125.374
125.307
125.148
124.903
124.64
124.418
124.23
124.06
123.903
123.752
123.604
123.453
123.298
123.133
122.958
125.272
125.262
125.242
125.231
125.245
125.313
125.403
125.485
125.538
125.561
125.541
125.443
125.239
124.975
124.711
124.481
124.279
124.094
123.922
123.756
123.593
123.429
123.26
123.084
122.895
125.257
125.245
125.224
125.214
125.237
125.328
125.45
125.558
125.626
125.669
125.636
125.492
125.268
125
124.743
124.515
124.307
124.115
123.932
123.756
123.582
123.407
123.228
123.04
122.843
125.248
125.234
125.214
125.205
125.232
125.338
125.474
125.588
125.673
125.701
125.63
125.472
125.241
124.984
124.745
124.524
124.317
124.122
123.934
123.752
123.57
123.387
123.199
123.005
122.799
125.252
125.237
125.216
125.203
125.232
125.339
125.471
125.571
125.65
125.642
125.558
125.399
125.182
124.945
124.723
124.514
124.313
124.118
123.929
123.743
123.557
123.368
123.176
122.974
122.764
125.278
125.263
125.236
125.215
125.239
125.327
125.43
125.52
125.558
125.541
125.457
125.296
125.093
124.888
124.688
124.491
124.297
124.106
123.918
123.731
123.542
123.351
123.154
122.95
122.735
125.321
125.309
125.28
125.254
125.263
125.31
125.356
125.413
125.454
125.443
125.336
125.179
125.008
124.828
124.644
124.459
124.273
124.088
123.902
123.716
123.527
123.334
123.136
122.93
122.714
125.374
125.362
125.336
125.312
125.3
125.291
125.3
125.321
125.357
125.322
125.218
125.081
124.929
124.767
124.597
124.423
124.245
124.066
123.884
123.699
123.512
123.32
123.121
122.915
122.699
125.413
125.4
125.38
125.362
125.339
125.315
125.288
125.299
125.292
125.218
125.118
124.997
124.859
124.709
124.55
124.385
124.215
124.041
123.863
123.682
123.497
123.306
123.109
122.904
122.69
125.423
125.408
125.388
125.379
125.367
125.348
125.33
125.301
125.234
125.146
125.048
124.929
124.798
124.656
124.506
124.348
124.184
124.016
123.843
123.665
123.483
123.295
123.1
122.898
122.686
125.401
125.38
125.358
125.357
125.371
125.371
125.354
125.289
125.19
125.096
124.989
124.872
124.745
124.609
124.464
124.313
124.155
123.991
123.823
123.649
123.47
123.285
123.094
122.894
122.687
125.359
125.334
125.316
125.321
125.342
125.356
125.331
125.253
125.15
125.049
124.938
124.821
124.697
124.566
124.426
124.279
124.126
123.968
123.803
123.634
123.459
123.278
123.09
122.895
122.691
125.317
125.292
125.278
125.282
125.297
125.316
125.289
125.204
125.106
125.001
124.89
124.776
124.655
124.527
124.391
124.249
124.1
123.946
123.786
123.62
123.449
123.272
123.089
122.898
122.7
125.283
125.259
125.24
125.243
125.252
125.27
125.239
125.148
125.053
124.953
124.846
124.734
124.616
124.491
124.359
124.22
124.076
123.925
123.77
123.608
123.441
123.269
123.09
122.905
122.711
125.254
125.229
125.201
125.204
125.218
125.228
125.178
125.095
125.006
124.909
124.805
124.697
124.581
124.458
124.329
124.194
124.053
123.907
123.755
123.598
123.436
123.267
123.093
122.913
122.726
125.234
125.206
125.177
125.18
125.194
125.188
125.118
125.046
124.964
124.87
124.769
124.662
124.548
124.428
124.302
124.171
124.033
123.89
123.743
123.59
123.431
123.268
123.099
122.924
122.743
125.229
125.205
125.181
125.181
125.183
125.148
125.077
125.008
124.927
124.835
124.736
124.631
124.519
124.402
124.278
124.149
124.015
123.876
123.732
123.583
123.429
123.27
123.106
122.936
122.762
125.242
125.226
125.21
125.205
125.185
125.119
125.056
124.981
124.896
124.805
124.708
124.603
124.493
124.377
124.256
124.13
123.999
123.863
123.722
123.578
123.428
123.274
123.115
122.951
122.782
125.266
125.259
125.258
125.244
125.193
125.105
125.042
124.961
124.872
124.78
124.682
124.579
124.469
124.355
124.236
124.112
123.984
123.852
123.715
123.574
123.428
123.279
123.125
122.966
122.803
125.295
125.293
125.308
125.282
125.199
125.107
125.031
124.944
124.853
124.758
124.66
124.556
124.448
124.335
124.218
124.097
123.971
123.842
123.708
123.571
123.43
123.285
123.136
122.983
122.826
125.321
125.321
125.339
125.304
125.197
125.113
125.022
124.929
124.836
124.739
124.639
124.536
124.428
124.317
124.201
124.082
123.959
123.833
123.703
123.569
123.432
123.292
123.148
123
122.849
125.343
125.346
125.357
125.306
125.187
125.104
125.011
124.915
124.819
124.721
124.621
124.517
124.41
124.3
124.186
124.069
123.949
123.825
123.698
123.569
123.435
123.299
123.16
123.018
122.872
125.361
125.371
125.368
125.294
125.179
125.091
124.996
124.9
124.803
124.704
124.603
124.499
124.393
124.284
124.172
124.057
123.939
123.818
123.695
123.568
123.439
123.307
123.173
123.035
122.895
125.371
125.392
125.379
125.281
125.18
125.08
124.982
124.884
124.786
124.686
124.585
124.482
124.376
124.268
124.158
124.045
123.929
123.812
123.691
123.568
123.443
123.315
123.185
123.053
122.918
125.373
125.399
125.381
125.266
125.172
125.068
124.966
124.867
124.769
124.669
124.567
124.464
124.36
124.253
124.144
124.033
123.92
123.805
123.688
123.569
123.447
123.324
123.198
123.07
122.941
125.372
125.393
125.366
125.241
125.151
125.05
124.948
124.849
124.75
124.65
124.549
124.447
124.343
124.238
124.131
124.022
123.912
123.799
123.685
123.569
123.451
123.332
123.21
123.087
122.963
125.374
125.386
125.336
125.219
125.127
125.028
124.928
124.829
124.73
124.63
124.53
124.429
124.326
124.222
124.117
124.011
123.903
123.793
123.682
123.569
123.455
123.339
123.222
123.104
122.984
125.377
125.383
125.307
125.204
125.105
125.005
124.906
124.807
124.708
124.609
124.51
124.409
124.308
124.206
124.103
123.999
123.893
123.786
123.678
123.569
123.458
123.347
123.233
123.12
123.004
125.37
125.376
125.277
125.187
125.082
124.981
124.882
124.783
124.685
124.587
124.488
124.39
124.29
124.19
124.089
123.987
123.884
123.78
123.675
123.569
123.461
123.353
123.244
123.134
123.024
125.353
125.361
125.241
125.157
125.055
124.953
124.855
124.757
124.66
124.563
124.466
124.368
124.27
124.172
124.073
123.974
123.873
123.772
123.67
123.567
123.464
123.359
123.254
123.149
123.042
125.339
125.34
125.204
125.124
125.023
124.922
124.825
124.728
124.632
124.536
124.441
124.345
124.25
124.154
124.057
123.96
123.862
123.764
123.665
123.566
123.466
123.365
123.263
123.162
123.06
125.331
125.313
125.171
125.085
124.987
124.887
124.791
124.696
124.602
124.508
124.414
124.321
124.227
124.134
124.04
123.945
123.851
123.755
123.66
123.563
123.466
123.369
123.272
123.174
123.076
125.315
125.276
125.139
125.045
124.947
124.849
124.754
124.661
124.569
124.477
124.386
124.295
124.204
124.113
124.022
123.93
123.838
123.746
123.653
123.56
123.467
123.373
123.279
123.185
123.09
125.281
125.224
125.099
124.998
124.901
124.806
124.714
124.623
124.533
124.444
124.356
124.267
124.179
124.091
124.002
123.914
123.825
123.735
123.646
123.556
123.466
123.376
123.285
123.194
123.104
125.228
125.157
125.046
124.944
124.85
124.758
124.669
124.582
124.495
124.409
124.324
124.238
124.153
124.068
123.982
123.896
123.811
123.724
123.638
123.551
123.464
123.377
123.29
123.203
123.116
125.155
125.075
124.978
124.882
124.793
124.706
124.622
124.538
124.455
124.373
124.29
124.208
124.126
124.044
123.961
123.879
123.796
123.713
123.629
123.546
123.462
123.378
123.295
123.211
123.128
125.062
124.982
124.9
124.814
124.732
124.651
124.571
124.492
124.413
124.334
124.256
124.177
124.098
124.019
123.94
123.86
123.78
123.7
123.62
123.54
123.459
123.379
123.298
123.218
123.138
124.957
124.886
124.818
124.741
124.667
124.593
124.519
124.444
124.37
124.295
124.22
124.145
124.07
123.994
123.918
123.841
123.765
123.688
123.611
123.533
123.456
123.378
123.301
123.224
123.147
124.851
124.792
124.734
124.668
124.602
124.533
124.465
124.396
124.326
124.255
124.184
124.113
124.041
123.968
123.895
123.822
123.748
123.675
123.6
123.526
123.452
123.377
123.303
123.229
123.156
124.749
124.701
124.653
124.595
124.536
124.474
124.411
124.347
124.282
124.215
124.148
124.08
124.012
123.943
123.873
123.803
123.732
123.661
123.59
123.519
123.447
123.376
123.304
123.233
123.163
124.654
124.615
124.574
124.523
124.471
124.415
124.358
124.298
124.237
124.175
124.112
124.048
123.983
123.917
123.85
123.783
123.716
123.648
123.579
123.511
123.442
123.374
123.305
123.237
123.169
124.566
124.533
124.499
124.455
124.409
124.358
124.305
124.251
124.194
124.136
124.077
124.016
123.954
123.891
123.828
123.764
123.699
123.634
123.569
123.503
123.437
123.371
123.305
123.24
123.175
124.485
124.458
124.429
124.39
124.349
124.303
124.255
124.204
124.152
124.098
124.042
123.984
123.926
123.866
123.806
123.745
123.683
123.621
123.558
123.495
123.431
123.368
123.305
123.242
123.18
124.411
124.388
124.363
124.329
124.292
124.25
124.207
124.16
124.111
124.06
124.008
123.954
123.898
123.842
123.784
123.726
123.667
123.607
123.547
123.486
123.425
123.365
123.304
123.244
123.184
124.344
124.324
124.303
124.272
124.239
124.201
124.161
124.118
124.072
124.025
123.975
123.924
123.872
123.818
123.763
123.707
123.651
123.594
123.536
123.478
123.419
123.361
123.302
123.244
123.187
124.283
124.266
124.248
124.22
124.19
124.155
124.118
124.078
124.036
123.991
123.944
123.896
123.846
123.795
123.743
123.689
123.635
123.58
123.525
123.469
123.413
123.357
123.301
123.245
123.19
124.229
124.214
124.197
124.172
124.145
124.113
124.079
124.041
124.001
123.959
123.915
123.87
123.822
123.773
123.723
123.672
123.621
123.568
123.515
123.461
123.407
123.353
123.299
123.245
123.192
124.181
124.167
124.152
124.129
124.105
124.075
124.043
124.008
123.97
123.93
123.888
123.845
123.8
123.753
123.705
123.656
123.607
123.556
123.505
123.453
123.401
123.349
123.297
123.245
123.194
124.137
124.125
124.112
124.091
124.068
124.04
124.01
123.977
123.942
123.904
123.864
123.822
123.779
123.734
123.688
123.641
123.594
123.545
123.495
123.445
123.395
123.345
123.295
123.245
123.195
124.099
124.088
124.076
124.057
124.036
124.01
123.981
123.95
123.916
123.88
123.842
123.802
123.76
123.717
123.673
123.628
123.582
123.535
123.487
123.439
123.39
123.342
123.293
123.245
123.197
124.065
124.056
124.046
124.027
124.007
123.983
123.956
123.926
123.893
123.859
123.822
123.783
123.743
123.702
123.659
123.615
123.571
123.525
123.479
123.432
123.386
123.339
123.291
123.245
123.198
124.037
124.028
124.019
124.001
123.982
123.959
123.933
123.904
123.873
123.839
123.804
123.767
123.728
123.688
123.647
123.604
123.561
123.517
123.472
123.427
123.381
123.335
123.29
123.244
123.198
124.013
124.004
123.996
123.978
123.961
123.937
123.912
123.884
123.854
123.822
123.787
123.751
123.714
123.675
123.635
123.594
123.551
123.508
123.465
123.421
123.377
123.332
123.287
123.243
123.199
123.993
123.985
123.977
123.959
123.941
123.919
123.894
123.866
123.837
123.805
123.772
123.737
123.7
123.663
123.624
123.583
123.542
123.501
123.458
123.415
123.372
123.329
123.285
123.241
123.198
123.98
123.97
123.962
123.943
123.925
123.902
123.878
123.851
123.822
123.791
123.758
123.724
123.688
123.651
123.613
123.574
123.534
123.493
123.452
123.41
123.367
123.325
123.282
123.239
123.197
123.971
123.96
123.951
123.931
123.912
123.889
123.864
123.837
123.809
123.778
123.746
123.712
123.677
123.641
123.604
123.566
123.526
123.486
123.446
123.405
123.363
123.321
123.279
123.237
123.196
123.965
123.954
123.945
123.924
123.904
123.88
123.855
123.827
123.799
123.768
123.736
123.703
123.669
123.633
123.597
123.559
123.52
123.481
123.441
123.4
123.359
123.318
123.277
123.236
123.194
123.969
123.953
123.945
123.923
123.9
123.875
123.849
123.821
123.792
123.762
123.73
123.697
123.663
123.628
123.591
123.554
123.516
123.477
123.437
123.397
123.357
123.316
123.275
123.234
123.194
124.006
123.971
123.954
123.927
123.9
123.873
123.846
123.818
123.789
123.758
123.727
123.694
123.66
123.625
123.588
123.551
123.513
123.475
123.435
123.396
123.356
123.315
123.275
123.234
123.194
124.081
124.002
123.96
123.929
123.901
123.873
123.845
123.817
123.788
123.757
123.726
123.693
123.659
123.624
123.587
123.55
123.513
123.474
123.435
123.395
123.355
123.315
123.275
123.234
123.194
125.611
125.614
125.619
125.627
125.634
125.64
125.645
125.649
125.652
125.652
125.652
125.651
125.651
125.649
125.646
125.639
125.627
125.613
125.599
125.592
125.596
125.605
125.614
125.617
125.617
125.6
125.604
125.612
125.622
125.633
125.642
125.649
125.654
125.657
125.657
125.656
125.655
125.654
125.651
125.647
125.639
125.628
125.614
125.598
125.588
125.587
125.596
125.609
125.615
125.617
125.585
125.589
125.597
125.608
125.62
125.632
125.644
125.655
125.662
125.663
125.66
125.654
125.647
125.64
125.633
125.626
125.618
125.607
125.595
125.587
125.588
125.597
125.608
125.614
125.616
125.569
125.568
125.57
125.577
125.587
125.601
125.618
125.636
125.65
125.652
125.644
125.625
125.605
125.592
125.584
125.581
125.581
125.582
125.585
125.589
125.597
125.607
125.616
125.62
125.62
125.557
125.549
125.542
125.54
125.543
125.556
125.575
125.597
125.612
125.612
125.592
125.561
125.531
125.512
125.502
125.502
125.51
125.525
125.546
125.57
125.594
125.614
125.625
125.628
125.626
125.562
125.547
125.529
125.514
125.509
125.515
125.531
125.552
125.562
125.552
125.521
125.479
125.441
125.412
125.398
125.4
125.415
125.443
125.48
125.521
125.564
125.601
125.625
125.631
125.629
125.586
125.567
125.537
125.509
125.497
125.496
125.506
125.52
125.52
125.493
125.447
125.393
125.345
125.308
125.287
125.286
125.307
125.346
125.397
125.454
125.512
125.566
125.607
125.628
125.629
125.622
125.601
125.561
125.521
125.503
125.5
125.509
125.52
125.509
125.465
125.399
125.329
125.267
125.218
125.187
125.178
125.198
125.245
125.31
125.383
125.455
125.522
125.578
125.618
125.629
125.653
125.634
125.591
125.545
125.525
125.529
125.545
125.557
125.54
125.483
125.398
125.31
125.231
125.169
125.128
125.111
125.122
125.169
125.244
125.33
125.415
125.492
125.556
125.607
125.63
125.664
125.648
125.612
125.571
125.557
125.574
125.604
125.624
125.607
125.546
125.45
125.344
125.247
125.169
125.117
125.097
125.103
125.146
125.222
125.315
125.408
125.49
125.558
125.612
125.641
125.645
125.629
125.599
125.576
125.58
125.616
125.665
125.703
125.703
125.652
125.555
125.436
125.319
125.223
125.156
125.123
125.125
125.167
125.244
125.341
125.438
125.523
125.592
125.643
125.674
125.579
125.567
125.535
125.525
125.554
125.625
125.704
125.766
125.796
125.774
125.693
125.573
125.443
125.329
125.246
125.202
125.2
125.238
125.311
125.405
125.501
125.586
125.653
125.702
125.734
125.474
125.467
125.427
125.414
125.454
125.553
125.679
125.779
125.837
125.854
125.815
125.717
125.59
125.468
125.374
125.32
125.31
125.341
125.406
125.492
125.584
125.667
125.734
125.782
125.811
125.37
125.359
125.302
125.273
125.307
125.418
125.576
125.719
125.813
125.858
125.853
125.795
125.697
125.588
125.499
125.443
125.424
125.445
125.501
125.579
125.665
125.746
125.814
125.864
125.891
125.311
125.284
125.199
125.143
125.167
125.279
125.451
125.615
125.737
125.807
125.825
125.795
125.727
125.642
125.568
125.52
125.502
125.518
125.568
125.64
125.723
125.804
125.875
125.928
125.957
125.332
125.284
125.164
125.078
125.086
125.172
125.335
125.512
125.646
125.725
125.755
125.744
125.701
125.641
125.582
125.543
125.53
125.548
125.597
125.666
125.748
125.83
125.903
125.959
125.989
125.44
125.379
125.238
125.105
125.048
125.105
125.255
125.424
125.555
125.635
125.671
125.67
125.644
125.603
125.562
125.533
125.525
125.544
125.59
125.657
125.738
125.822
125.899
125.958
125.989
125.591
125.53
125.38
125.214
125.107
125.118
125.228
125.359
125.465
125.533
125.567
125.573
125.56
125.537
125.512
125.494
125.493
125.512
125.555
125.618
125.695
125.778
125.856
125.919
125.953
125.731
125.696
125.564
125.361
125.198
125.16
125.213
125.289
125.358
125.409
125.438
125.448
125.445
125.436
125.426
125.421
125.428
125.451
125.492
125.549
125.62
125.696
125.77
125.829
125.862
125.784
125.769
125.677
125.464
125.272
125.187
125.174
125.195
125.231
125.263
125.285
125.296
125.299
125.298
125.298
125.303
125.319
125.346
125.386
125.44
125.501
125.569
125.634
125.686
125.715
125.949
125.889
125.763
125.506
125.287
125.177
125.131
125.123
125.131
125.142
125.147
125.147
125.143
125.139
125.139
125.146
125.164
125.192
125.232
125.278
125.331
125.387
125.44
125.483
125.507
125.916
125.759
125.594
125.402
125.23
125.121
125.061
125.033
125.021
125.013
125.003
124.989
124.973
124.958
124.948
124.947
124.957
124.979
125.009
125.047
125.088
125.13
125.17
125.204
125.225
125.686
125.56
125.428
125.293
125.162
125.059
124.99
124.945
124.914
124.888
124.861
124.833
124.802
124.771
124.743
124.722
124.711
124.709
124.716
124.73
124.749
124.768
124.786
124.803
124.811
125.481
125.401
125.295
125.182
125.071
124.973
124.896
124.838
124.792
124.751
124.711
124.668
124.622
124.571
124.519
124.469
124.422
124.379
124.341
124.311
124.285
124.26
124.238
124.225
124.227
125.276
125.221
125.136
125.04
124.943
124.852
124.773
124.705
124.645
124.591
124.536
124.479
124.414
124.342
124.262
124.174
124.079
123.976
123.869
123.76
123.652
123.544
123.436
123.346
123.268
125.076
125.036
124.967
124.884
124.795
124.706
124.621
124.541
124.466
124.391
124.314
124.231
124.137
124.032
123.913
123.779
123.625
123.449
123.249
123.025
122.781
122.521
122.251
122.007
121.861
124.879
124.845
124.784
124.707
124.621
124.53
124.436
124.341
124.244
124.141
124.03
123.906
123.766
123.605
123.422
123.213
122.974
122.697
122.372
121.99
121.539
121.018
120.417
119.787
119.142
124.683
124.649
124.591
124.516
124.427
124.329
124.222
124.108
123.983
123.846
123.693
123.519
123.317
123.082
122.806
122.485
122.111
121.672
121.151
120.521
119.744
118.792
117.598
116.271
114.728
124.49
124.452
124.392
124.313
124.218
124.109
123.986
123.848
123.694
123.519
123.32
123.089
122.818
122.497
122.112
121.651
121.098
120.426
119.602
118.575
117.246
115.515
113.038
109.834
104.001
124.301
124.256
124.189
124.103
123.998
123.875
123.733
123.57
123.383
123.169
122.919
122.627
122.28
121.864
121.359
120.743
119.982
119.03
117.812
116.229
114.063
111.14
106.421
100.935
82.8428
124.118
124.063
123.987
123.889
123.771
123.63
123.466
123.275
123.054
122.796
122.493
122.134
121.705
121.186
120.551
119.765
118.777
117.517
115.856
113.62
110.358
105.621
96.2594
80.6798
23.8233
123.941
123.874
123.785
123.674
123.538
123.378
123.189
122.968
122.709
122.405
122.046
121.619
121.104
120.477
119.705
118.742
117.52
115.941
113.842
110.976
106.792
100.583
89.9157
72.6875
44.223
123.773
123.691
123.587
123.458
123.304
123.12
122.905
122.652
122.355
122.005
121.59
121.093
120.493
119.759
118.851
117.715
116.268
114.395
111.916
108.559
103.878
97.2128
87.6714
73.5897
56.7806
123.612
123.514
123.392
123.245
123.07
122.863
122.621
122.336
122.002
121.606
121.136
120.572
119.889
119.053
118.018
116.721
115.071
112.943
110.153
106.435
101.411
94.5383
85.1879
72.224
55.7703
123.459
123.343
123.203
123.037
122.841
122.611
122.342
122.027
121.656
121.217
120.696
120.069
119.31
118.381
117.231
115.791
113.965
111.622
108.576
104.569
99.2525
92.151
82.7186
70.2355
54.5924
123.316
123.182
123.023
122.838
122.621
122.369
122.074
121.73
121.325
120.847
120.278
119.596
118.77
117.76
116.511
114.952
112.981
110.463
107.211
102.97
97.4067
90.0887
80.5451
68.2469
53.0859
123.182
123.03
122.854
122.65
122.414
122.14
121.822
121.451
121.016
120.503
119.894
119.164
118.283
117.207
115.881
114.228
112.146
109.495
106.084
101.657
95.8739
88.2968
78.4478
65.7486
50.1636
123.059
122.89
122.697
122.476
122.222
121.929
121.59
121.195
120.735
120.193
119.551
118.785
117.862
116.738
115.356
113.639
111.482
108.742
105.22
100.655
94.6791
86.8205
76.5295
62.9628
46.1942
122.949
122.764
122.555
122.318
122.048
121.738
121.381
120.968
120.487
119.923
119.258
118.466
117.516
116.364
114.952
113.204
111.012
108.232
104.648
99.9934
93.8167
85.6434
74.6783
59.7668
41.0721
122.851
122.652
122.429
122.178
121.894
121.57
121.199
120.771
120.275
119.697
119.018
118.214
117.253
116.093
114.68
112.938
110.76
108.003
104.437
99.7724
93.4112
84.8509
72.3681
55.1262
31.4685
122.765
122.554
122.319
122.056
121.76
121.426
121.044
120.607
120.103
119.518
118.835
118.03
117.075
115.93
114.544
112.847
110.741
108.089
104.674
100.196
93.9928
85.4126
71.3618
51.3965
14.1238
122.692
122.47
122.225
121.953
121.649
121.307
120.919
120.477
119.971
119.387
118.708
117.916
116.981
115.871
114.54
112.926
110.946
108.483
105.362
101.33
95.8937
88.4482
76.346
58.5988
8.92629
122.63
122.399
122.147
121.868
121.559
121.212
120.822
120.381
119.878
119.301
118.637
117.867
116.967
115.909
114.653
113.152
111.338
109.122
106.382
102.945
98.5419
92.8454
85.0613
75.5198
56.1629
122.579
122.343
122.085
121.802
121.49
121.142
120.754
120.316
119.822
119.259
118.616
117.877
117.023
116.029
114.865
113.494
111.868
109.925
107.588
104.759
101.31
97.0957
91.9148
85.7612
78.0691
122.539
122.298
122.037
121.753
121.44
121.095
120.711
120.282
119.8
119.257
118.641
117.94
117.138
116.217
115.153
113.921
112.487
110.814
108.861
106.583
103.94
100.92
97.5719
94.1589
91.256
122.508
122.265
122.003
121.719
121.409
121.069
120.692
120.275
119.81
119.289
118.704
118.046
117.301
116.456
115.495
114.399
113.151
111.729
110.115
108.299
106.284
104.105
101.86
99.7724
98.2187
122.486
122.243
121.982
121.701
121.395
121.061
120.695
120.292
119.846
119.351
118.8
118.186
117.5
116.731
115.87
114.905
113.827
112.626
111.302
109.858
108.32
106.739
105.211
103.909
103.061
122.472
122.23
121.972
121.695
121.396
121.071
120.717
120.329
119.904
119.437
118.922
118.353
117.725
117.03
116.263
115.418
114.491
113.481
112.394
111.245
110.062
108.894
107.821
106.953
106.423
122.465
122.226
121.972
121.701
121.409
121.095
120.754
120.384
119.982
119.543
119.063
118.539
117.967
117.342
116.662
115.923
115.128
114.279
113.386
112.465
111.546
110.668
109.893
109.292
108.946
122.464
122.23
121.981
121.717
121.434
121.131
120.805
120.454
120.074
119.663
119.219
118.738
118.218
117.658
117.055
116.411
115.729
115.014
114.276
113.533
112.81
112.136
111.56
111.124
110.881
122.469
122.24
121.998
121.741
121.469
121.178
120.867
120.534
120.177
119.794
119.384
118.943
118.472
117.971
117.438
116.876
116.29
115.685
115.073
114.467
113.89
113.364
112.924
112.594
112.411
122.479
122.256
122.021
121.773
121.511
121.233
120.938
120.623
120.289
119.933
119.554
119.152
118.725
118.276
117.805
117.314
116.809
116.295
115.783
115.285
114.818
114.399
114.055
113.797
113.658
122.493
122.276
122.049
121.811
121.56
121.295
121.015
120.719
120.406
120.075
119.726
119.359
118.974
118.571
118.154
117.724
117.287
116.848
116.416
116.002
115.619
115.281
115.006
114.798
114.691
122.511
122.301
122.082
121.853
121.613
121.361
121.096
120.818
120.526
120.219
119.898
119.563
119.214
118.854
118.483
118.106
117.726
117.349
116.982
116.635
116.317
116.039
115.813
115.641
115.56
122.532
122.329
122.119
121.9
121.67
121.431
121.181
120.92
120.647
120.363
120.068
119.762
119.446
119.122
118.792
118.459
118.128
117.802
117.489
117.194
116.928
116.697
116.509
116.367
116.303
122.555
122.36
122.158
121.948
121.73
121.503
121.267
121.022
120.768
120.505
120.233
119.954
119.667
119.376
119.082
118.787
118.496
118.213
117.943
117.692
117.466
117.273
117.116
117.006
116.947
122.58
122.393
122.2
121.999
121.792
121.577
121.354
121.125
120.888
120.644
120.394
120.138
119.878
119.615
119.351
119.09
118.833
118.585
118.351
118.135
117.942
117.778
117.647
117.558
117.505
122.607
122.428
122.242
122.051
121.854
121.651
121.441
121.226
121.005
120.779
120.548
120.314
120.077
119.839
119.603
119.369
119.142
118.924
118.719
118.531
118.365
118.224
118.113
118.035
117.991
122.636
122.463
122.286
122.104
121.916
121.724
121.527
121.325
121.119
120.909
120.697
120.482
120.265
120.05
119.836
119.627
119.424
119.232
119.051
118.887
118.743
118.62
118.525
118.457
118.419
122.665
122.499
122.33
122.156
121.978
121.797
121.611
121.422
121.23
121.035
120.838
120.64
120.443
120.247
120.053
119.865
119.684
119.512
119.352
119.208
119.081
118.974
118.89
118.83
118.797
122.694
122.536
122.374
122.208
122.04
121.868
121.693
121.515
121.336
121.155
120.973
120.791
120.609
120.43
120.255
120.085
119.922
119.768
119.626
119.498
119.385
119.291
119.217
119.164
119.134
122.723
122.572
122.417
122.26
122.1
121.937
121.772
121.606
121.438
121.269
121.101
120.932
120.766
120.602
120.442
120.288
120.141
120.003
119.875
119.76
119.66
119.576
119.51
119.463
119.436
122.753
122.607
122.46
122.31
122.158
122.004
121.849
121.692
121.535
121.378
121.222
121.066
120.913
120.762
120.616
120.476
120.342
120.217
120.102
119.999
119.909
119.834
119.775
119.732
119.707
122.781
122.642
122.501
122.359
122.215
122.069
121.923
121.775
121.628
121.482
121.336
121.192
121.05
120.912
120.778
120.649
120.528
120.414
120.31
120.217
120.136
120.068
120.015
119.976
119.953
122.809
122.676
122.542
122.406
122.269
122.131
121.993
121.855
121.717
121.58
121.444
121.31
121.179
121.051
120.928
120.81
120.699
120.595
120.501
120.416
120.343
120.281
120.232
120.197
120.176
122.837
122.71
122.581
122.452
122.322
122.191
122.06
121.93
121.801
121.672
121.545
121.421
121.299
121.181
121.067
120.959
120.857
120.762
120.676
120.599
120.532
120.475
120.431
120.398
120.379
122.863
122.741
122.619
122.495
122.372
122.248
122.125
122.002
121.88
121.76
121.641
121.525
121.412
121.302
121.197
121.097
121.003
120.916
120.837
120.766
120.705
120.653
120.612
120.583
120.564
122.889
122.772
122.655
122.537
122.42
122.302
122.186
122.07
121.955
121.842
121.731
121.622
121.517
121.415
121.318
121.225
121.138
121.058
120.985
120.92
120.864
120.816
120.779
120.751
120.734
122.913
122.801
122.689
122.577
122.465
122.354
122.243
122.134
122.026
121.92
121.815
121.714
121.615
121.52
121.43
121.344
121.264
121.189
121.122
121.062
121.01
120.966
120.932
120.906
120.889
122.936
122.829
122.722
122.615
122.509
122.403
122.298
122.195
122.093
121.993
121.895
121.799
121.707
121.619
121.534
121.454
121.38
121.311
121.248
121.193
121.145
121.104
121.072
121.049
121.033
122.957
122.855
122.753
122.651
122.55
122.449
122.35
122.252
122.155
122.061
121.969
121.88
121.793
121.71
121.631
121.557
121.487
121.423
121.365
121.314
121.269
121.232
121.202
121.18
121.165
122.978
122.88
122.782
122.685
122.588
122.493
122.398
122.306
122.214
122.125
122.039
121.954
121.873
121.796
121.722
121.652
121.587
121.527
121.474
121.426
121.384
121.349
121.322
121.301
121.287
122.996
122.903
122.809
122.717
122.625
122.534
122.444
122.356
122.27
122.186
122.104
122.025
121.948
121.875
121.806
121.741
121.68
121.624
121.574
121.529
121.491
121.459
121.433
121.414
121.401
123.014
122.924
122.835
122.746
122.659
122.572
122.487
122.404
122.322
122.242
122.165
122.09
122.018
121.949
121.884
121.823
121.767
121.714
121.668
121.626
121.59
121.56
121.536
121.517
121.506
123.03
122.944
122.859
122.774
122.691
122.608
122.527
122.448
122.371
122.295
122.222
122.151
122.084
122.019
121.958
121.9
121.847
121.798
121.754
121.715
121.682
121.653
121.631
121.614
121.603
123.045
122.963
122.881
122.8
122.721
122.642
122.565
122.49
122.416
122.345
122.276
122.209
122.145
122.084
122.026
121.972
121.922
121.876
121.835
121.798
121.767
121.74
121.719
121.704
121.694
123.059
122.98
122.902
122.825
122.749
122.674
122.6
122.529
122.459
122.391
122.325
122.262
122.202
122.144
122.09
122.039
121.992
121.948
121.91
121.875
121.846
121.821
121.802
121.787
121.777
123.071
122.996
122.921
122.847
122.775
122.703
122.633
122.565
122.499
122.434
122.372
122.312
122.255
122.2
122.149
122.101
122.057
122.016
121.98
121.947
121.92
121.896
121.878
121.865
121.855
123.083
123.01
122.939
122.868
122.799
122.731
122.664
122.599
122.536
122.475
122.415
122.359
122.304
122.253
122.204
122.159
122.117
122.079
122.045
122.014
121.988
121.966
121.949
121.937
121.928
123.093
123.024
122.955
122.888
122.821
122.756
122.693
122.631
122.57
122.512
122.456
122.402
122.35
122.301
122.255
122.213
122.173
122.137
122.105
122.076
122.052
122.031
122.015
122.003
121.995
123.102
123.036
122.97
122.906
122.842
122.78
122.719
122.66
122.602
122.547
122.493
122.442
122.393
122.347
122.303
122.262
122.225
122.191
122.161
122.133
122.111
122.091
122.077
122.065
122.058
123.111
123.047
122.984
122.922
122.861
122.802
122.744
122.687
122.632
122.579
122.528
122.479
122.432
122.388
122.347
122.308
122.273
122.241
122.212
122.187
122.166
122.147
122.134
122.123
122.116
123.118
123.057
122.997
122.937
122.879
122.822
122.766
122.712
122.66
122.609
122.56
122.513
122.469
122.427
122.388
122.351
122.318
122.287
122.26
122.236
122.216
122.199
122.186
122.176
122.17
123.124
123.066
123.008
122.951
122.895
122.84
122.787
122.735
122.685
122.636
122.59
122.545
122.503
122.463
122.425
122.391
122.359
122.33
122.305
122.282
122.263
122.247
122.235
122.226
122.22
123.13
123.074
123.018
122.963
122.91
122.857
122.806
122.756
122.708
122.661
122.617
122.574
122.534
122.496
122.46
122.427
122.397
122.37
122.346
122.324
122.307
122.291
122.281
122.272
122.267
123.135
123.08
123.027
122.974
122.923
122.872
122.823
122.775
122.729
122.685
122.642
122.601
122.563
122.526
122.492
122.461
122.433
122.407
122.384
122.364
122.347
122.333
122.323
122.314
122.31
123.139
123.086
123.035
122.984
122.935
122.886
122.839
122.793
122.749
122.706
122.665
122.626
122.589
122.555
122.522
122.493
122.465
122.441
122.419
122.4
122.385
122.371
122.362
122.354
122.35
123.142
123.092
123.042
122.993
122.945
122.899
122.853
122.809
122.767
122.726
122.687
122.649
122.614
122.581
122.55
122.522
122.496
122.472
122.452
122.434
122.42
122.406
122.398
122.39
122.387
123.146
123.097
123.049
123.001
122.955
122.91
122.866
122.824
122.783
122.744
122.706
122.67
122.637
122.605
122.576
122.548
122.524
122.502
122.483
122.465
122.452
122.439
122.432
122.424
122.421
123.149
123.101
123.055
123.009
122.964
122.921
122.878
122.837
122.798
122.76
122.724
122.69
122.657
122.627
122.599
122.573
122.55
122.529
122.51
122.494
122.482
122.47
122.463
122.456
122.453
123.151
123.105
123.06
123.016
122.972
122.93
122.889
122.85
122.811
122.775
122.74
122.707
122.676
122.647
122.62
122.595
122.573
122.553
122.536
122.52
122.509
122.498
122.492
122.485
122.483
123.153
123.109
123.065
123.022
122.98
122.939
122.899
122.86
122.823
122.788
122.754
122.722
122.692
122.664
122.638
122.615
122.593
122.575
122.558
122.544
122.533
122.523
122.518
122.511
122.51
123.155
123.111
123.068
123.026
122.985
122.945
122.907
122.869
122.833
122.799
122.766
122.735
122.706
122.679
122.654
122.632
122.611
122.593
122.578
122.565
122.555
122.546
122.542
122.536
122.535
123.155
123.113
123.071
123.03
122.99
122.951
122.913
122.877
122.842
122.808
122.776
122.746
122.718
122.691
122.667
122.646
122.626
122.609
122.595
122.583
122.575
122.566
122.564
122.558
122.559
123.155
123.113
123.073
123.033
122.993
122.955
122.918
122.882
122.848
122.815
122.784
122.755
122.727
122.701
122.678
122.657
122.639
122.623
122.61
122.599
122.592
122.584
122.584
122.579
122.582
123.154
123.114
123.074
123.034
122.996
122.958
122.922
122.887
122.853
122.821
122.79
122.762
122.735
122.71
122.687
122.667
122.649
122.634
122.622
122.613
122.606
122.601
122.602
122.599
122.603
123.154
123.114
123.074
123.036
122.998
122.961
122.925
122.89
122.857
122.826
122.796
122.768
122.741
122.717
122.695
122.675
122.659
122.645
122.634
122.625
122.62
122.617
122.619
122.615
122.621
123.154
123.114
123.075
123.037
122.999
122.963
122.928
122.894
122.861
122.83
122.8
122.772
122.747
122.723
122.702
122.683
122.667
122.654
122.644
122.637
122.634
122.634
122.638
122.632
122.642
123.154
123.115
123.076
123.038
123.001
122.965
122.93
122.896
122.864
122.833
122.804
122.776
122.751
122.728
122.707
122.688
122.673
122.66
122.651
122.646
122.645
122.648
122.657
122.662
122.69
123.155
123.115
123.077
123.039
123.001
122.965
122.93
122.897
122.865
122.834
122.805
122.778
122.752
122.729
122.709
122.691
122.675
122.663
122.654
122.649
122.649
122.655
122.668
122.697
122.769
-97.4154
-69.7253
-43.6978
-43.4732
-47.9578
-46.9873
-42.7014
-39.4524
-38.365
-38.582
-39.4401
-40.7122
-42.1788
-43.5366
-44.5631
-45.1564
-45.3036
-45.0575
-44.3979
-43.423
-42.2663
-41.2713
-40.6351
-40.5695
-40.7844
-40.8799
-40.7568
-40.7038
-40.9873
-41.5161
-42.0797
-42.2701
-41.9354
-41.2424
-40.3855
-39.4314
-38.3532
-37.401
-37.5876
-40.1279
-46.6603
-57.8602
-71.4826
-83.1926
-88.8074
-86.8984
-78.9377
-67.1284
-53.8004
-40.994
-29.9644
-21.1404
-14.3278
-9.28375
-6.04949
-4.60248
-4.77577
-6.03063
-8.54664
-13.1368
-19.6264
-26.8166
-32.9504
-36.7819
-38.0288
-37.3151
-35.2902
-32.1831
-28.2228
-23.7662
-19.2709
-15.0622
-11.3522
-8.30428
-6.01025
-4.51588
-3.77593
-3.64306
-3.94551
-4.52218
-5.23477
-5.97544
-6.67425
-7.30788
-7.87601
-8.3761
-8.81425
-9.17195
-9.43927
-9.6294
-9.76613
-9.86937
-9.94168
-9.96919
-9.92748
-9.79562
-9.56156
-9.22541
-8.79825
-8.30589
-7.77606
-7.22723
-6.66084
-6.07369
-5.47017
-4.86114
-4.26362
-3.69802
-3.18018
-2.73004
-2.36315
-2.08998
-1.90495
-1.78436
-1.69313
-1.58959
-1.44417
-1.19328
-0.942197
-0.180131
-12.4919
-27.8749
-27.8038
-35.3944
-42.1338
-43.2569
-41.1871
-39.7368
-39.615
-40.3083
-41.4264
-42.8141
-44.3203
-45.7416
-46.8917
-47.6915
-48.1124
-48.0644
-47.5466
-46.4806
-44.9575
-43.2766
-41.8182
-40.9027
-40.6167
-40.5451
-40.5143
-40.6697
-41.0365
-41.5943
-42.164
-42.28
-41.8041
-41.0894
-40.3205
-39.4328
-38.4462
-37.5897
-37.814
-41.1085
-49.4522
-62.6221
-77.1508
-88.0984
-92.0793
-89.2536
-81.0585
-69.4483
-56.2701
-43.159
-31.4363
-21.7908
-14.3142
-9.05314
-6.02942
-5.01804
-5.37162
-6.78186
-9.52157
-14.2754
-20.9338
-28.159
-34.05
-37.3798
-38.1958
-37.2823
-35.2987
-32.4498
-28.8125
-24.6193
-20.2606
-16.1049
-12.412
-9.36786
-7.07986
-5.57763
-4.79497
-4.59692
-4.82941
-5.34891
-6.0308
-6.77939
-7.52767
-8.22362
-8.82595
-9.31227
-9.66198
-9.8872
-10.0065
-10.0531
-10.064
-10.0661
-10.0638
-10.0407
-9.96647
-9.81205
-9.55844
-9.20623
-8.76843
-8.26823
-7.72754
-7.15928
-6.56681
-5.95748
-5.33811
-4.72267
-4.13138
-3.58027
-3.08454
-2.66168
-2.3261
-2.08042
-1.9172
-1.81211
-1.72949
-1.62866
-1.48463
-1.2276
-1.03749
-0.120849
27.1442
1.13661
-12.7529
-22.3374
-30.1476
-34.878
-36.9366
-38.4861
-40.1586
-41.8653
-43.5435
-45.2443
-46.9707
-48.659
-50.229
-51.6188
-52.7521
-53.5211
-53.8247
-53.5502
-52.6922
-51.2337
-49.576
-47.7298
-46.0096
-44.4542
-43.0589
-41.9692
-41.1162
-40.9741
-41.4435
-41.6789
-41.2627
-40.583
-39.8613
-38.937
-37.9896
-37.5041
-38.1527
-42.1227
-51.4826
-65.0801
-79.1754
-89.4391
-93.3967
-90.7342
-82.3494
-70.3159
-56.8222
-43.744
-32.3471
-23.1158
-16.1085
-11.2234
-8.153
-6.638
-6.49588
-7.71538
-10.6179
-15.2922
-21.3826
-27.8214
-33.027
-36.056
-37.0182
-36.4433
-34.7672
-32.1745
-28.8018
-24.9349
-20.9472
-17.136
-13.7425
-10.9737
-8.90103
-7.52432
-6.78216
-6.57083
-6.77134
-7.26719
-7.95102
-8.72755
-9.51409
-10.2429
-10.8601
-11.325
-11.6096
-11.709
-11.6412
-11.4475
-11.1797
-10.8828
-10.5815
-10.2755
-9.94612
-9.57031
-9.13374
-8.63569
-8.08578
-7.50075
-6.90024
-6.30113
-5.71264
-5.14023
-4.58953
-4.07008
-3.58612
-3.14484
-2.76092
-2.43607
-2.18003
-1.99071
-1.85566
-1.7524
-1.65308
-1.52753
-1.36366
-1.10561
-0.917694
-0.0582668
32.8093
9.61273
-6.38939
-17.4216
-26.4922
-33.4901
-37.6243
-40.3011
-42.651
-44.7151
-46.5325
-48.2875
-50.1174
-52.0747
-54.1439
-56.2351
-58.122
-59.551
-60.3632
-60.3868
-59.4951
-57.7613
-55.4266
-52.7459
-49.9638
-47.4612
-45.5499
-43.9577
-42.352
-41.0292
-40.3949
-40.0263
-39.4135
-38.5685
-37.7149
-37.0136
-36.6966
-37.2308
-39.1028
-43.7185
-52.494
-64.263
-75.9223
-83.9128
-86.2153
-82.8488
-75.0328
-64.5779
-53.3202
-42.6145
-33.213
-25.3852
-19.2752
-14.8318
-11.8667
-10.2596
-9.95066
-10.9468
-13.3003
-17.0139
-21.6142
-26.3116
-30.2742
-32.8221
-33.885
-33.6836
-32.4497
-30.3437
-27.5448
-24.3169
-20.9724
-17.7809
-14.9478
-12.6285
-10.8719
-9.68582
-9.0374
-8.86779
-9.09854
-9.63838
-10.3948
-11.2742
-12.1782
-13.0109
-13.6807
-14.1123
-14.2615
-14.1249
-13.7364
-13.1594
-12.469
-11.7354
-11.0064
-10.2997
-9.61319
-8.93809
-8.27055
-7.61129
-6.96443
-6.33775
-5.74161
-5.18435
-4.66856
-4.19216
-3.75309
-3.35439
-2.98989
-2.66477
-2.38648
-2.1489
-1.95415
-1.80197
-1.67835
-1.56628
-1.44819
-1.30543
-1.13559
-0.898706
-0.710623
-0.0624273
35.6236
15.906
-0.600475
-13.3386
-23.5247
-31.4147
-36.9077
-40.7913
-43.87
-46.3705
-48.446
-50.3622
-52.3812
-54.7178
-57.474
-60.5508
-63.6093
-66.178
-67.8239
-68.2524
-67.3343
-65.1713
-62.0582
-58.3681
-54.4282
-50.506
-46.7627
-43.2778
-40.4535
-38.2949
-37.0651
-36.601
-36.311
-35.9
-35.4172
-35.1471
-35.4892
-36.8076
-39.4085
-43.7729
-50.2869
-58.1473
-65.5891
-70.782
-72.4866
-70.4773
-65.3201
-57.8634
-49.5171
-41.3609
-33.9136
-27.5079
-22.3541
-18.4902
-15.8447
-14.3322
-13.864
-14.4094
-15.9605
-18.4612
-21.5926
-24.8505
-27.6603
-29.5911
-30.4901
-30.3929
-29.4349
-27.7794
-25.6063
-23.1024
-20.4819
-18.0033
-15.8435
-14.0423
-12.6569
-11.7164
-11.2185
-11.1613
-11.5087
-12.1826
-13.1104
-14.1986
-15.3327
-16.3788
-17.1903
-17.6304
-17.6264
-17.1796
-16.3534
-15.2501
-13.9831
-12.6713
-11.4047
-10.2213
-9.12335
-8.10513
-7.17282
-6.33431
-5.58812
-4.93069
-4.35675
-3.86085
-3.43447
-3.06645
-2.74662
-2.46847
-2.2255
-2.01427
-1.82981
-1.66922
-1.52894
-1.40542
-1.29271
-1.18225
-1.06415
-0.927383
-0.773549
-0.582334
-0.417186
-0.0215023
35.2559
16.1767
-1.18696
-15.032
-25.5959
-33.5667
-39.539
-44.0885
-47.5662
-50.1238
-52.0332
-53.725
-55.5661
-57.9906
-61.3342
-65.537
-70.1263
-74.2988
-77.2892
-78.5916
-77.8401
-74.9996
-70.5299
-65.1083
-59.3109
-53.5329
-48.0627
-43.2766
-39.4097
-36.4346
-34.4179
-33.1518
-32.2916
-31.7534
-31.5553
-31.8449
-32.7983
-34.5871
-37.3834
-41.3327
-46.3869
-51.9192
-57.0164
-60.6476
-61.8942
-60.5713
-57.0097
-51.7897
-45.7269
-39.5472
-33.736
-28.6023
-24.3215
-20.9546
-18.521
-16.9928
-16.3176
-16.4305
-17.3156
-18.8453
-20.7804
-22.8191
-24.5914
-25.8992
-26.6386
-26.7364
-26.2035
-25.1161
-23.582
-21.7487
-19.8019
-17.9673
-16.403
-15.1102
-14.1186
-13.4594
-13.1508
-13.2537
-13.7725
-14.6432
-15.8308
-17.2452
-18.7501
-20.1664
-21.2549
-21.7735
-21.6041
-20.7662
-19.3686
-17.5822
-15.5974
-13.5811
-11.6519
-9.88255
-8.31102
-6.94939
-5.79382
-4.83249
-4.0451
-3.41163
-2.90737
-2.51175
-2.20815
-1.9697
-1.77023
-1.59835
-1.44889
-1.31896
-1.20421
-1.10295
-1.0134
-0.932509
-0.855761
-0.776299
-0.690673
-0.585494
-0.475023
-0.348994
-0.240696
-0.0447254
31.7806
12.2042
-5.54548
-19.779
-30.3042
-37.3095
-42.4918
-47.1335
-50.9691
-53.597
-55.2314
-56.5514
-58.0839
-60.5182
-64.5495
-70.2139
-76.7785
-82.847
-87.2165
-89.4597
-89.0851
-85.6688
-79.7419
-72.305
-64.2722
-56.4034
-48.9726
-42.6894
-37.5852
-33.6473
-30.8478
-29.0341
-28.0089
-27.6271
-27.819
-28.5886
-29.9625
-31.9856
-34.6972
-38.094
-42.0336
-46.1155
-49.7713
-52.3879
-53.4426
-52.74
-50.4105
-46.8064
-42.4413
-37.8251
-33.3453
-29.2681
-25.7683
-22.9367
-20.8079
-19.3536
-18.5359
-18.3071
-18.6318
-19.4347
-20.5596
-21.8151
-22.9678
-23.8061
-24.219
-24.1771
-23.7057
-22.8622
-21.7054
-20.355
-18.9754
-17.6965
-16.621
-15.7638
-15.1702
-14.8268
-14.7397
-14.999
-15.6652
-16.7821
-18.4074
-20.381
-22.4583
-24.5039
-26.1293
-26.8298
-26.4218
-25.029
-22.842
-20.1487
-17.259
-14.4161
-11.7621
-9.38355
-7.34165
-5.649
-4.29289
-3.23836
-2.44392
-1.86174
-1.44719
-1.16026
-0.968004
-0.839454
-0.748768
-0.677805
-0.621485
-0.577064
-0.540056
-0.506286
-0.474499
-0.444369
-0.414392
-0.376266
-0.320105
-0.250204
-0.176452
-0.111171
0.00637278
-0.0593248
25.4221
3.38386
-14.8776
-29.1074
-40.9974
-47.9331
-51.3583
-54.5921
-57.2021
-58.906
-59.9211
-60.0941
-60.3718
-62.5197
-67.6646
-76.2329
-86.5899
-96.3123
-103.354
-106.473
-105.221
-99.8984
-91.4116
-80.9637
-69.7589
-58.832
-48.7733
-40.6347
-34.2744
-29.5077
-26.2065
-24.193
-23.2514
-23.1603
-23.7708
-24.9738
-26.6787
-28.8508
-31.4739
-34.5043
-37.8149
-41.1394
-44.1036
-46.2862
-47.3241
-47.0597
-45.549
-43.0244
-39.8363
-36.3476
-32.8618
-29.6116
-26.7543
-24.3773
-22.5078
-21.1228
-20.1987
-19.7139
-19.6249
-19.8607
-20.3193
-20.871
-21.3731
-21.7065
-21.8082
-21.6672
-21.3027
-20.7554
-20.0589
-19.2694
-18.4692
-17.6994
-17.0468
-16.5436
-16.2031
-16.0412
-16.1174
-16.5136
-17.3293
-18.6758
-20.6808
-23.3405
-26.3941
-29.3892
-31.7329
-32.8088
-32.2833
-30.2384
-27.0165
-23.0864
-19.0079
-15.1657
-11.6807
-8.63224
-6.10814
-4.11323
-2.60113
-1.50611
-0.752952
-0.264897
0.0281457
0.185987
0.255282
0.270909
0.257224
0.230616
0.198807
0.164877
0.131745
0.10447
0.0816692
0.0596288
0.0402883
0.0316657
0.0401323
0.0550818
0.0870852
0.0882873
0.22082
-0.122038
13.9679
-16.6232
-37.0802
-48.0455
-55.1557
-58.1053
-59.3084
-60.1628
-60.6149
-61.1399
-61.9783
-61.088
-59.062
-59.4538
-64.6749
-75.8101
-90.2167
-104.366
-115.606
-121.626
-121.428
-115.304
-104.454
-90.5009
-75.3819
-60.7938
-47.8854
-37.3334
-29.3739
-23.7534
-20.1143
-18.1607
-17.5889
-18.0422
-19.2196
-20.901
-22.9314
-25.2316
-27.7883
-30.597
-33.5914
-36.581
-39.2748
-41.3487
-42.5145
-42.6308
-41.7309
-39.9931
-37.6791
-35.0507
-32.3398
-29.7508
-27.4159
-25.4021
-23.7261
-22.3781
-21.3452
-20.6144
-20.1522
-19.9138
-19.8331
-19.8351
-19.8447
-19.8136
-19.713
-19.5337
-19.2636
-18.9166
-18.4845
-17.9792
-17.4721
-17.0702
-16.7944
-16.6255
-16.5387
-16.5553
-16.7244
-17.1229
-17.9086
-19.324
-21.7092
-25.2697
-29.7442
-34.3878
-38.0976
-39.7689
-38.9676
-35.9215
-31.2968
-25.9218
-20.5226
-15.5563
-11.2129
-7.52238
-4.55011
-2.29082
-0.667067
0.423123
1.09702
1.4618
1.61391
1.62792
1.56077
1.44988
1.32096
1.18917
1.06275
0.94418
0.835344
0.73733
0.647964
0.564041
0.490341
0.432782
0.392437
0.358075
0.344331
0.291226
0.41212
-0.142311
-10.3477
-46.5332
-61.3138
-66.2954
-64.9243
-62.5798
-61.4958
-61.2072
-61.0553
-61.3744
-61.9147
-61.7397
-60.87
-61.1241
-65.4572
-75.9635
-91.2803
-107.045
-119.468
-126.24
-126.688
-121.02
-109.982
-94.7645
-77.4303
-60.2618
-45.1731
-32.9159
-23.8278
-17.6209
-13.7656
-11.9128
-11.7506
-12.8075
-14.6406
-16.8951
-19.2957
-21.6993
-24.1337
-26.7194
-29.5145
-32.4047
-35.1187
-37.3321
-38.7505
-39.2199
-38.7732
-37.5786
-35.8674
-33.8675
-31.769
-29.7211
-27.8236
-26.1292
-24.6571
-23.4017
-22.3434
-21.4508
-20.6884
-20.0304
-19.4603
-18.9678
-18.5387
-18.1694
-17.8631
-17.6209
-17.4323
-17.2826
-17.1677
-17.0713
-16.9717
-16.9062
-16.8549
-16.806
-16.7713
-16.7605
-16.8015
-17.0063
-17.5947
-18.8258
-21.088
-24.8756
-30.1904
-36.2337
-41.4046
-44.1534
-43.7632
-40.3367
-34.7484
-28.2113
-21.643
-15.6143
-10.3965
-6.066
-2.67249
-0.197788
1.47408
2.49721
3.03338
3.22732
3.19915
3.03923
2.81237
2.56105
2.31141
2.07545
1.85753
1.65702
1.47226
1.30179
1.14525
1.00123
0.868766
0.749578
0.647091
0.555801
0.489709
0.389449
0.459082
-0.124747
-48.4828
-71.6342
-69.5769
-67.8
-66.5699
-65.007
-63.4468
-62.5481
-62.2995
-62.4236
-62.363
-61.9739
-61.5007
-61.7273
-65.1668
-74.621
-89.7502
-106.529
-120.067
-127.067
-126.904
-120.533
-108.966
-93.3781
-75.5339
-57.3452
-41.1643
-28.2679
-18.784
-12.2915
-8.32276
-6.58915
-6.77228
-8.31442
-10.7523
-13.6257
-16.4591
-18.9795
-21.273
-23.6383
-26.2888
-29.1868
-32.0575
-34.5198
-36.2237
-36.9906
-36.8566
-36.0001
-34.6549
-33.0339
-31.2964
-29.563
-27.9203
-26.4101
-25.0518
-23.8389
-22.7485
-21.7373
-20.771
-19.824
-18.9043
-18.0681
-17.3521
-16.78
-16.3963
-16.2129
-16.2042
-16.2966
-16.4384
-16.5773
-16.6901
-16.7682
-16.8091
-16.8246
-16.8391
-16.8198
-16.7853
-16.9281
-17.3974
-18.2803
-20.0222
-23.6478
-29.5368
-36.4555
-42.2606
-45.308
-45.0783
-41.6603
-35.8154
-28.8075
-21.7175
-15.1795
-9.48583
-4.68063
-0.913348
1.76305
3.48046
4.44159
4.84684
4.8792
4.6812
4.3592
3.98202
3.5941
3.2237
2.87988
2.56354
2.27284
2.00534
1.75914
1.53449
1.33087
1.14439
0.973446
0.819503
0.681133
0.566538
0.430728
0.410151
-0.0297781
-73.8028
-72.8968
-72.4986
-68.6227
-66.5679
-65.4045
-64.1019
-63.0328
-62.6516
-62.7158
-62.6548
-62.2872
-61.9384
-62.1322
-64.2874
-71.1447
-83.1789
-97.8506
-111.117
-119.626
-121.433
-116.366
-105.504
-90.7091
-72.9908
-54.5679
-38.2884
-25.4987
-16.5255
-10.1235
-5.81615
-4.07535
-4.47887
-6.24247
-8.97826
-12.2309
-15.3686
-17.9553
-20.1241
-22.3319
-24.897
-27.802
-30.7287
-33.2629
-35.056
-35.928
-35.909
-35.1828
-33.9849
-32.5272
-30.9673
-29.4113
-27.9128
-26.4964
-25.1822
-23.9811
-22.8777
-21.8379
-20.8186
-19.8071
-18.8331
-17.9353
-17.1743
-16.6128
-16.2759
-16.157
-16.2129
-16.3703
-16.5478
-16.6949
-16.7966
-16.8574
-16.881
-16.8792
-16.8673
-16.8293
-16.7871
-16.8353
-17.1084
-17.6731
-19.105
-22.4737
-28.3018
-35.4683
-41.6817
-44.9883
-44.5393
-40.5931
-34.3658
-27.2539
-20.3186
-14.0829
-8.5291
-3.7264
0.0817446
2.75571
4.43231
5.31796
5.62646
5.5533
5.25362
4.83775
4.38189
3.93443
3.51578
3.13128
2.77872
2.45459
2.15569
1.88104
1.63008
1.40137
1.19382
1.00575
0.835645
0.682318
0.548635
0.405071
0.308179
0.0367759
)
;

boundaryField
{
    frontWall
    {
        type            empty;
    }
    backWall
    {
        type            empty;
    }
    sideWall
    {
        type            zeroGradient;
    }
    outlet
    {
        type            fixedValue;
        value           uniform 0;
    }
    inlet
    {
        type            zeroGradient;
    }
}


// ************************************************************************* //
