/*--------------------------------*- C++ -*----------------------------------*\
  =========                 |
  \\      /  F ield         | OpenFOAM: The Open Source CFD Toolbox
   \\    /   O peration     | Website:  https://openfoam.org
    \\  /    A nd           | Version:  13
     \\/     M anipulation  |
\*---------------------------------------------------------------------------*/
FoamFile
{
    format      ascii;
    class       volScalarField;
    location    "2";
    object      p;
}
// * * * * * * * * * * * * * * * * * * * * * * * * * * * * * * * * * * * * * //

dimensions      [0 2 -2 0 0 0 0];

internalField   nonuniform List<scalar> 
6440
(
0.000989633
0.000989791
0.00099014
0.000990667
0.000991355
0.000992173
0.000993085
0.000994053
0.000995032
0.000995974
0.000996832
0.000997557
0.0009981
0.000998417
0.000998445
0.000998142
0.000997501
0.000996547
0.000995368
0.000994067
0.000992732
0.000991446
0.000990319
0.00098945
0.000988917
0.000988717
0.000988899
0.000989232
0.000989713
0.000990328
0.000991053
0.00099186
0.000992715
0.000993583
0.000994422
0.000995191
0.000995845
0.00099634
0.000996638
0.000996724
0.00099645
0.000995801
0.000994907
0.000993832
0.0009926
0.000991264
0.000989889
0.000988576
0.000987461
0.00098655
0.000987387
0.000987629
0.000988015
0.00098853
0.000989168
0.000989908
0.000990728
0.000991599
0.000992485
0.000993348
0.000994146
0.000994832
0.000995356
0.000995668
0.000995712
0.000995349
0.000994753
0.00099392
0.000992812
0.000991455
0.000989892
0.000988181
0.000986432
0.000984851
0.000983477
0.000985833
0.000986157
0.00098663
0.000987228
0.000987945
0.000988766
0.000989668
0.000990624
0.000991598
0.000992552
0.000993441
0.000994213
0.000994813
0.000995179
0.000995222
0.000994968
0.000994465
0.00099361
0.000992388
0.000990814
0.000988925
0.000986785
0.000984517
0.000982414
0.000980594
0.000984113
0.000984519
0.000985086
0.000985779
0.000986594
0.000987518
0.000988528
0.000989596
0.000990687
0.000991763
0.000992779
0.00099368
0.000994416
0.000994927
0.000995035
0.000994975
0.000994531
0.000993651
0.000992313
0.000990515
0.000988293
0.000985713
0.000982901
0.000980233
0.000977928
0.000982247
0.000982723
0.000983376
0.000984163
0.000985079
0.000986112
0.000987237
0.000988427
0.000989646
0.000990858
0.000992021
0.000993087
0.000994005
0.000994736
0.000995013
0.000995055
0.000994689
0.000993826
0.000992418
0.000990444
0.000987928
0.000984935
0.000981591
0.000978346
0.000975536
0.000980242
0.00098077
0.000981493
0.000982364
0.000983377
0.000984518
0.000985761
0.000987075
0.000988423
0.000989767
0.000991062
0.000992257
0.00099328
0.000994018
0.000994696
0.000994979
0.000994782
0.000994018
0.000992618
0.000990544
0.000987802
0.000984449
0.000980609
0.0009768
0.000973478
0.000978095
0.000978651
0.000979424
0.000980366
0.00098147
0.000982718
0.000984079
0.00098552
0.000987002
0.000988486
0.000989929
0.000991285
0.000992505
0.000993527
0.000994368
0.000994832
0.000994811
0.000994193
0.000992878
0.000990794
0.000987916
0.000984282
0.000980008
0.000975664
0.000971819
0.000975788
0.000976346
0.000977146
0.000978146
0.000979333
0.000980685
0.000982168
0.000983742
0.000985368
0.000987003
0.000988609
0.000990144
0.00099157
0.000992807
0.000993818
0.000994482
0.000994681
0.00099428
0.000993149
0.000991174
0.000988288
0.000984486
0.000979857
0.000975003
0.000970628
0.000973294
0.00097383
0.000974634
0.000975676
0.000976938
0.000978392
0.000979999
0.000981715
0.000983494
0.000985294
0.000987075
0.000988801
0.000990453
0.000991809
0.000993002
0.000993896
0.000994355
0.000994241
0.000993408
0.000991684
0.000988934
0.000985109
0.0009802
0.000974857
0.000970087
0.000970579
0.000971071
0.000971859
0.000972927
0.000974253
0.000975803
0.000977535
0.000979398
0.00098134
0.00098331
0.000985255
0.000987116
0.000988809
0.0009905
0.000991947
0.000993093
0.000993835
0.000994048
0.000993655
0.00099233
0.000989889
0.000986262
0.00098105
0.000975305
0.000970149
0.000967614
0.000968045
0.000968797
0.000969875
0.00097125
0.000972887
0.000974737
0.000976751
0.000978869
0.000981034
0.000983187
0.000985275
0.000987257
0.000989116
0.000990758
0.000992129
0.00099313
0.000993698
0.000994172
0.000993345
0.000991194
0.000987549
0.000982287
0.000976275
0.000970841
0.000964377
0.000964736
0.000965436
0.000966504
0.000967908
0.00096961
0.000971566
0.000973722
0.000976021
0.0009784
0.000980797
0.000983155
0.000985418
0.000987536
0.000989461
0.000991155
0.000992592
0.00099371
0.00099431
0.000993963
0.00099236
0.000989145
0.000984081
0.000977966
0.000972311
0.000960867
0.000961145
0.000961779
0.000962813
0.000964216
0.000965951
0.000967979
0.000970252
0.000972718
0.000975306
0.000977957
0.000980623
0.000983213
0.000985673
0.000987961
0.000990035
0.000991851
0.000993338
0.000994331
0.000994559
0.000993644
0.000991099
0.000986472
0.000980406
0.000974544
0.000957103
0.000957292
0.000957848
0.000958822
0.000960184
0.000961903
0.000963947
0.000966279
0.000968854
0.000971622
0.00097453
0.000977524
0.000980443
0.000983316
0.000986055
0.000988586
0.000990843
0.000992757
0.000994229
0.000995073
0.000994939
0.000993247
0.000989268
0.000983402
0.000977291
0.00095312
0.000953227
0.000953689
0.000954573
0.000955848
0.00095749
0.000959477
0.000961783
0.000964378
0.000967227
0.00097028
0.000973461
0.000976789
0.000980132
0.000983406
0.000986517
0.000989371
0.000991884
0.000993974
0.000995504
0.000996176
0.000995378
0.000992142
0.000986666
0.000980097
0.000948985
0.000949014
0.000949371
0.000950132
0.000951271
0.000952767
0.000954609
0.000956783
0.000959275
0.000962068
0.000965135
0.000968447
0.000972005
0.000975723
0.000979521
0.000983295
0.000986926
0.000990295
0.000993285
0.000995745
0.000997346
0.000997445
0.000994908
0.000990157
0.00098286
0.00094478
0.000944735
0.000944979
0.000945589
0.00094654
0.00094782
0.000949423
0.000951348
0.000953593
0.00095616
0.000959051
0.000962267
0.000965821
0.000969684
0.000973814
0.000978149
0.000982598
0.000987039
0.000991333
0.000995274
0.000998262
0.000999436
0.00099758
0.00099374
0.000986148
0.000940594
0.000940482
0.000940608
0.000941046
0.000941775
0.000942783
0.000944073
0.000945649
0.000947521
0.000949702
0.00095221
0.000955072
0.000958324
0.000961979
0.000966053
0.00097056
0.000975504
0.000980877
0.00098668
0.000992827
0.000997758
0.00100013
0.0010004
0.000999426
0.000994576
0.000936507
0.00093634
0.000936358
0.000936633
0.000937145
0.000937891
0.000938871
0.000940092
0.000941563
0.000943303
0.000945336
0.000947674
0.000950375
0.000953486
0.000957064
0.000961185
0.000965946
0.000971472
0.00097794
0.000985472
0.000992025
0.000997783
0.00100368
0.0010106
0.00101597
0.000932606
0.000932448
0.000932434
0.000932622
0.000932995
0.000933549
0.000934286
0.000935217
0.000936357
0.000937725
0.000939347
0.000941288
0.000943572
0.000946242
0.000949361
0.000953005
0.000957263
0.000962242
0.00096804
0.000974648
0.000981827
0.000990381
0.00100253
0.00102417
0.00106937
0.00092878
0.000928645
0.000928644
0.000928829
0.000929192
0.000929729
0.000930444
0.000931341
0.000932432
0.000933733
0.000935267
0.000937069
0.000939163
0.000941605
0.000944456
0.000947791
0.0009517
0.000956298
0.000961726
0.000968158
0.000975929
0.000986065
0.00100081
0.00102428
0.00106164
0.00092506
0.000924961
0.000924989
0.00092519
0.000925559
0.000926093
0.000926796
0.000927671
0.000928728
0.00092998
0.000931447
0.000933154
0.00093514
0.000937445
0.000940129
0.000943265
0.000946944
0.000951286
0.000956455
0.000962689
0.000970406
0.000980416
0.000994023
0.00101277
0.00103672
0.000921451
0.000921389
0.000921445
0.00092166
0.00092203
0.000922554
0.000923235
0.000924076
0.000925085
0.000926272
0.000927654
0.000929255
0.000931106
0.000933248
0.000935733
0.000938627
0.000942015
0.000946003
0.00095074
0.000956429
0.000963381
0.000972047
0.000982932
0.000996172
0.00101059
0.000917964
0.000917934
0.000918013
0.000918234
0.000918597
0.000919101
0.000919747
0.000920538
0.000921478
0.000922577
0.000923849
0.000925312
0.000926992
0.000928923
0.000931151
0.00093373
0.000936727
0.000940224
0.000944326
0.000949164
0.000954894
0.000961675
0.000969543
0.00097813
0.00098631
0.00091461
0.000914606
0.000914702
0.000914923
0.00091527
0.000915743
0.000916342
0.000917068
0.000917924
0.000918915
0.000920052
0.000921349
0.000922826
0.00092451
0.000926434
0.000928638
0.000931167
0.000934074
0.000937413
0.000941237
0.000945578
0.000950413
0.000955573
0.000960575
0.000964546
0.000911398
0.000911415
0.00091152
0.000911734
0.000912058
0.000912491
0.000913032
0.000913681
0.000914437
0.000915304
0.000916287
0.000917397
0.000918647
0.000920055
0.000921642
0.000923432
0.000925449
0.000927713
0.000930238
0.000933015
0.000936001
0.000939073
0.00094197
0.000944269
0.000945314
0.000908333
0.000908365
0.000908474
0.000908675
0.000908968
0.000909354
0.000909828
0.00091039
0.000911035
0.000911766
0.000912583
0.000913491
0.000914497
0.000915611
0.000916842
0.0009182
0.000919688
0.000921302
0.000923021
0.000924798
0.000926541
0.000928093
0.000929196
0.000929481
0.000928461
0.000905421
0.000905464
0.000905571
0.000905752
0.00090601
0.000906342
0.000906743
0.000907209
0.000907737
0.000908322
0.000908964
0.000909662
0.000910417
0.000911231
0.000912102
0.000913028
0.000913996
0.000914983
0.000915947
0.000916817
0.000917482
0.000917778
0.000917474
0.000916265
0.000913783
0.000902667
0.000902715
0.000902815
0.000902973
0.000903191
0.000903464
0.000903787
0.000904154
0.000904559
0.000904995
0.000905459
0.000905945
0.000906448
0.000906964
0.000907483
0.000907993
0.000908469
0.000908875
0.000909157
0.000909234
0.000908992
0.000908275
0.000906884
0.000904574
0.000901064
0.000900073
0.000900123
0.000900212
0.000900344
0.000900517
0.000900729
0.000900971
0.000901237
0.000901517
0.000901805
0.000902091
0.000902368
0.000902627
0.000902856
0.000903041
0.00090316
0.000903184
0.000903068
0.000902753
0.000902155
0.000901166
0.000899647
0.00089743
0.000894318
0.000890098
0.000897642
0.000897691
0.000897767
0.000897869
0.000897997
0.000898145
0.000898306
0.00089847
0.000898628
0.000898769
0.000898884
0.00089896
0.000898985
0.000898945
0.00089882
0.000898583
0.000898202
0.000897628
0.000896801
0.000895641
0.000894051
0.000891908
0.000889074
0.000885391
0.000880695
0.000895377
0.000895423
0.000895483
0.000895553
0.000895634
0.000895719
0.000895799
0.000895864
0.000895903
0.000895904
0.000895855
0.000895742
0.00089555
0.000895262
0.000894855
0.000894301
0.000893564
0.000892597
0.000891341
0.000889724
0.000887658
0.00088504
0.000881756
0.000877679
0.000872684
0.000893278
0.000893319
0.000893362
0.000893401
0.000893435
0.000893458
0.00089346
0.000893429
0.000893355
0.000893223
0.000893021
0.000892733
0.000892342
0.00089183
0.000891173
0.000890341
0.000889298
0.000888001
0.000886394
0.000884411
0.000881978
0.000879007
0.000875405
0.000871072
0.000865911
0.000891347
0.000891382
0.000891406
0.000891414
0.000891403
0.000891366
0.000891293
0.000891172
0.000890991
0.000890737
0.000890394
0.000889946
0.000889378
0.000888667
0.000887791
0.00088672
0.000885421
0.000883851
0.000881962
0.000879695
0.000876986
0.000873763
0.000869949
0.000865466
0.000860239
0.000889584
0.000889611
0.000889617
0.000889594
0.00088954
0.000889446
0.000889303
0.000889098
0.000888819
0.000888452
0.000887982
0.000887392
0.000886666
0.000885783
0.00088472
0.000883449
0.000881938
0.000880149
0.000878038
0.000875557
0.000872648
0.000869254
0.000865313
0.000860762
0.000855544
0.000887987
0.000888006
0.000887995
0.000887943
0.000887847
0.000887701
0.000887493
0.000887211
0.000886843
0.000886374
0.000885791
0.000885077
0.000884214
0.000883184
0.000881963
0.000880527
0.000878846
0.000876886
0.000874608
0.00087197
0.000868927
0.000865428
0.000861426
0.000856871
0.00085172
0.000886555
0.000886567
0.000886539
0.000886459
0.000886326
0.00088613
0.000885863
0.000885512
0.000885064
0.000884506
0.000883824
0.000883002
0.000882023
0.00088087
0.000879521
0.000877952
0.000876138
0.000874048
0.000871649
0.000868906
0.00086578
0.000862231
0.000858221
0.000853711
0.000848668
0.000885287
0.000885292
0.000885247
0.000885142
0.000884974
0.000884734
0.000884414
0.000884
0.000883482
0.000882847
0.00088208
0.000881167
0.000880092
0.000878838
0.000877386
0.000875714
0.000873801
0.000871618
0.000869138
0.000866331
0.000863166
0.00085961
0.000855633
0.000851205
0.000846302
0.000884179
0.000884177
0.000884118
0.00088399
0.00088379
0.000883511
0.000883143
0.000882676
0.000882097
0.000881395
0.000880557
0.000879568
0.000878415
0.000877081
0.00087555
0.000873803
0.000871818
0.000869574
0.000867047
0.000864212
0.000861043
0.000857514
0.000853602
0.000849285
0.000844545
0.000883228
0.00088322
0.000883147
0.000882998
0.000882771
0.000882457
0.000882049
0.000881535
0.000880905
0.000880147
0.000879249
0.0008782
0.000876985
0.000875591
0.000874002
0.000872202
0.000870172
0.000867894
0.000865348
0.000862514
0.000859369
0.000855896
0.000852074
0.000847889
0.000843327
0.000882431
0.000882416
0.000882332
0.000882165
0.000881913
0.00088157
0.000881126
0.000880573
0.0008799
0.000879097
0.000878152
0.000877056
0.000875795
0.000874357
0.000872729
0.000870896
0.000868844
0.000866555
0.000864013
0.000861203
0.000858106
0.000854709
0.000850997
0.000846958
0.000842585
0.000881782
0.000881762
0.000881667
0.000881484
0.000881212
0.000880843
0.00088037
0.000879785
0.000879077
0.000878238
0.000877258
0.000876127
0.000874833
0.000873367
0.000871717
0.000869869
0.000867811
0.000865531
0.000863014
0.000860246
0.000857216
0.000853912
0.000850323
0.000846441
0.000842263
0.000881277
0.000881252
0.000881148
0.000880952
0.000880662
0.000880273
0.000879776
0.000879164
0.00087843
0.000877564
0.000876558
0.000875402
0.000874089
0.000872608
0.000870949
0.000869102
0.000867055
0.000864799
0.000862322
0.000859613
0.000856664
0.000853465
0.000850009
0.000846291
0.00084231
0.000880909
0.00088088
0.000880768
0.000880562
0.000880258
0.000879852
0.000879336
0.000878705
0.00087795
0.000877065
0.000876042
0.000874873
0.00087355
0.000872065
0.00087041
0.000868576
0.000866554
0.000864335
0.000861911
0.000859274
0.000856415
0.00085333
0.000850014
0.000846465
0.000842682
0.000880674
0.000880642
0.000880524
0.000880308
0.000879993
0.000879574
0.000879044
0.000878399
0.00087763
0.000876733
0.000875701
0.000874527
0.000873204
0.000871726
0.000870085
0.000868275
0.000866288
0.000864117
0.000861756
0.000859199
0.00085644
0.000853476
0.000850304
0.000846923
0.000843336
0.000880565
0.00088053
0.000880407
0.000880184
0.000879861
0.000879432
0.000878893
0.000878238
0.000877461
0.000876559
0.000875524
0.000874352
0.000873038
0.000871575
0.000869957
0.00086818
0.000866237
0.000864123
0.000861833
0.000859362
0.000856709
0.000853869
0.000850843
0.000847631
0.000844237
0.000880576
0.000880538
0.000880411
0.000880184
0.000879854
0.000879419
0.000878874
0.000878214
0.000877435
0.000876532
0.000875502
0.000874339
0.000873039
0.000871598
0.000870011
0.000868274
0.000866382
0.000864331
0.000862118
0.00085974
0.000857195
0.000854482
0.000851602
0.000848558
0.000845352
0.000880699
0.00088066
0.00088053
0.0008803
0.000879967
0.000879528
0.00087898
0.000878319
0.000877542
0.000876644
0.000875623
0.000874475
0.000873196
0.000871783
0.000870232
0.000868541
0.000866705
0.000864722
0.00086259
0.000860308
0.000857874
0.000855288
0.000852554
0.000849673
0.00084665
0.000880929
0.000880888
0.000880757
0.000880525
0.00088019
0.000879751
0.000879204
0.000878545
0.000877773
0.000876885
0.000875877
0.000874748
0.000873495
0.000872115
0.000870605
0.000868964
0.000867189
0.000865278
0.00086323
0.000861045
0.000858723
0.000856264
0.000853673
0.000850951
0.000848106
0.000881259
0.000881217
0.000881085
0.000880852
0.000880518
0.00088008
0.000879536
0.000878883
0.00087812
0.000877244
0.000876254
0.000875148
0.000873924
0.000872581
0.000871116
0.000869529
0.000867817
0.000865981
0.000864019
0.000861932
0.000859721
0.000857388
0.000854936
0.000852369
0.000849694
0.000881682
0.000881639
0.000881507
0.000881275
0.000880943
0.000880508
0.000879969
0.000879325
0.000878573
0.000877713
0.000876744
0.000875664
0.000874473
0.000873169
0.000871752
0.000870221
0.000868575
0.000866815
0.000864939
0.00086295
0.000860849
0.000858639
0.000856323
0.000853906
0.000851395
0.000882191
0.000882148
0.000882017
0.000881786
0.000881457
0.000881027
0.000880496
0.000879862
0.000879124
0.000878282
0.000877336
0.000876285
0.000875129
0.000873868
0.000872501
0.000871028
0.000869448
0.000867764
0.000865975
0.000864083
0.00086209
0.000859999
0.000857815
0.000855543
0.000853188
0.00088278
0.000882737
0.000882606
0.000882379
0.000882054
0.000881631
0.000881108
0.000880486
0.000879764
0.000878943
0.000878022
0.000877002
0.000875883
0.000874665
0.000873349
0.000871935
0.000870423
0.000868814
0.000867111
0.000865314
0.000863427
0.000861453
0.000859397
0.000857262
0.000855057
0.000883442
0.000883399
0.00088327
0.000883046
0.000882726
0.000882311
0.000881799
0.00088119
0.000880486
0.000879686
0.000878792
0.000877804
0.000876724
0.000875551
0.000874287
0.000872931
0.000871487
0.000869954
0.000868334
0.000866631
0.000864847
0.000862985
0.000861051
0.000859049
0.000856986
0.00088417
0.000884127
0.000884001
0.000883781
0.000883467
0.00088306
0.00088256
0.000881967
0.000881281
0.000880504
0.000879638
0.000878684
0.000877642
0.000876515
0.000875302
0.000874006
0.000872628
0.000871169
0.000869632
0.00086802
0.000866335
0.000864582
0.000862765
0.000860889
0.000858961
0.000884958
0.000884916
0.000884792
0.000884577
0.00088427
0.000883873
0.000883385
0.000882807
0.000882141
0.000881389
0.000880551
0.000879631
0.000878629
0.000877547
0.000876386
0.000875149
0.000873836
0.00087245
0.000870993
0.000869469
0.00086788
0.000866231
0.000864526
0.00086277
0.00086097
0.000885801
0.00088576
0.000885638
0.000885428
0.000885129
0.000884741
0.000884267
0.000883706
0.00088306
0.000882332
0.000881524
0.000880638
0.000879675
0.000878638
0.000877529
0.000876349
0.0008751
0.000873786
0.000872407
0.000870967
0.000869471
0.000867921
0.000866323
0.000864682
0.000863003
0.000886691
0.000886651
0.000886533
0.000886328
0.000886037
0.00088566
0.000885199
0.000884655
0.00088403
0.000883327
0.000882548
0.000881696
0.000880773
0.000879781
0.000878722
0.000877599
0.000876413
0.000875167
0.000873863
0.000872506
0.000871097
0.000869643
0.000868147
0.000866613
0.000865049
0.000887625
0.000887586
0.00088747
0.000887271
0.000886988
0.000886622
0.000886175
0.000885648
0.000885045
0.000884367
0.000883617
0.000882799
0.000881915
0.000880967
0.000879958
0.000878889
0.000877764
0.000876584
0.000875353
0.000874074
0.000872751
0.000871387
0.000869987
0.000868556
0.0008671
0.000888595
0.000888557
0.000888445
0.000888252
0.000887977
0.000887622
0.000887189
0.00088668
0.000886098
0.000885445
0.000884725
0.00088394
0.000883094
0.000882189
0.000881228
0.000880213
0.000879146
0.000878031
0.000876869
0.000875665
0.000874422
0.000873145
0.000871836
0.000870502
0.000869148
0.000889597
0.00088956
0.000889452
0.000889264
0.000888998
0.000888655
0.000888236
0.000887744
0.000887183
0.000886555
0.000885863
0.000885112
0.000884303
0.000883441
0.000882526
0.000881562
0.000880552
0.000879498
0.000878403
0.000877271
0.000876105
0.000874909
0.000873688
0.000872445
0.000871186
0.000890625
0.00089059
0.000890485
0.000890303
0.000890046
0.000889714
0.000889309
0.000888835
0.000888295
0.000887691
0.000887028
0.000886309
0.000885537
0.000884714
0.000883845
0.000882931
0.000881975
0.00088098
0.000879949
0.000878885
0.000877792
0.000876674
0.000875534
0.000874377
0.000873209
0.000891675
0.000891641
0.00089154
0.000891364
0.000891115
0.000890795
0.000890405
0.000889948
0.000889428
0.000888848
0.000888212
0.000887525
0.000886788
0.000886005
0.000885179
0.000884313
0.000883409
0.000882471
0.0008815
0.000880501
0.000879477
0.000878432
0.000877369
0.000876294
0.00087521
0.000892742
0.00089271
0.000892612
0.000892443
0.000892202
0.000891893
0.000891517
0.000891077
0.000890577
0.00089002
0.000889412
0.000888754
0.000888052
0.000887307
0.000886523
0.000885703
0.000884849
0.000883964
0.000883051
0.000882114
0.000881155
0.000880179
0.000879189
0.000878189
0.000877185
0.000893822
0.000893791
0.000893697
0.000893534
0.000893302
0.000893003
0.000892641
0.000892218
0.000891737
0.000891204
0.000890621
0.000889993
0.000889323
0.000888615
0.000887871
0.000887095
0.000886288
0.000885454
0.000884596
0.000883717
0.000882821
0.00088191
0.000880988
0.00088006
0.000879129
0.00089491
0.00089488
0.00089479
0.000894633
0.000894409
0.000894122
0.000893773
0.000893366
0.000892904
0.000892393
0.000891835
0.000891236
0.000890598
0.000889925
0.000889219
0.000888484
0.000887723
0.000886938
0.000886132
0.000885308
0.000884469
0.00088362
0.000882762
0.000881901
0.00088104
0.000896002
0.000895974
0.000895888
0.000895737
0.000895522
0.000895245
0.000894909
0.000894517
0.000894074
0.000893584
0.000893051
0.000892479
0.000891871
0.000891231
0.000890562
0.000889867
0.000889148
0.000888409
0.000887652
0.00088688
0.000886097
0.000885305
0.000884508
0.000883709
0.000882913
0.000897095
0.000897069
0.000896987
0.000896841
0.000896634
0.000896368
0.000896045
0.000895668
0.000895243
0.000894774
0.000894263
0.000893717
0.000893138
0.00089253
0.000891896
0.000891239
0.000890561
0.000889865
0.000889154
0.000888432
0.0008877
0.000886962
0.000886221
0.000885482
0.000884746
0.000898186
0.000898161
0.000898082
0.000897943
0.000897744
0.000897487
0.000897177
0.000896815
0.000896407
0.000895957
0.000895469
0.000894948
0.000894397
0.000893819
0.000893218
0.000892596
0.000891956
0.000891302
0.000890635
0.000889958
0.000889274
0.000888587
0.0008879
0.000887215
0.000886536
0.000899269
0.000899247
0.000899172
0.000899038
0.000898847
0.0008986
0.000898302
0.000897954
0.000897563
0.000897132
0.000896665
0.000896167
0.000895642
0.000895093
0.000894523
0.000893935
0.000893332
0.000892716
0.00089209
0.000891456
0.000890818
0.000890179
0.000889541
0.000888907
0.00088828
0.000900344
0.000900324
0.000900252
0.000900124
0.000899941
0.000899704
0.000899416
0.000899083
0.000898707
0.000898294
0.000897847
0.000897372
0.000896872
0.00089635
0.00089581
0.000895253
0.000894684
0.000894104
0.000893516
0.000892924
0.000892328
0.000891733
0.000891141
0.000890555
0.000889978
0.000901406
0.000901388
0.000901321
0.000901198
0.000901022
0.000900794
0.000900518
0.000900198
0.000899837
0.000899441
0.000899014
0.00089856
0.000898083
0.000897586
0.000897074
0.000896547
0.00089601
0.000895464
0.000894912
0.000894357
0.000893802
0.000893248
0.000892699
0.000892158
0.000891626
0.000902453
0.000902437
0.000902374
0.000902257
0.000902088
0.00090187
0.000901604
0.000901296
0.00090095
0.00090057
0.000900161
0.000899727
0.000899272
0.0008988
0.000898313
0.000897815
0.000897307
0.000896793
0.000896275
0.000895755
0.000895237
0.000894722
0.000894213
0.000893713
0.000893224
0.000903483
0.000903469
0.00090341
0.000903299
0.000903137
0.000902927
0.000902672
0.000902376
0.000902043
0.000901679
0.000901287
0.000900871
0.000900437
0.000899988
0.000899525
0.000899053
0.000898573
0.000898089
0.000897602
0.000897115
0.000896631
0.000896152
0.000895681
0.000895219
0.000894769
0.000904492
0.000904481
0.000904427
0.000904322
0.000904167
0.000903965
0.00090372
0.000903435
0.000903115
0.000902765
0.000902389
0.000901991
0.000901576
0.000901147
0.000900708
0.00090026
0.000899806
0.000899349
0.000898891
0.000898435
0.000897983
0.000897538
0.000897101
0.000896674
0.000896261
0.000905479
0.000905472
0.000905422
0.000905322
0.000905175
0.000904981
0.000904745
0.000904471
0.000904163
0.000903826
0.000903465
0.000903084
0.000902687
0.000902278
0.000901859
0.000901433
0.000901003
0.000900572
0.000900141
0.000899714
0.000899291
0.000898876
0.000898471
0.000898078
0.000897698
0.000906442
0.000906438
0.000906394
0.0009063
0.000906159
0.000905974
0.000905747
0.000905483
0.000905186
0.000904862
0.000904514
0.000904148
0.000903768
0.000903376
0.000902976
0.000902571
0.000902164
0.000901756
0.00090135
0.000900949
0.000900554
0.000900167
0.000899791
0.000899429
0.00089908
0.000907378
0.000907379
0.00090734
0.000907253
0.000907119
0.000906941
0.000906723
0.000906469
0.000906182
0.000905869
0.000905534
0.000905182
0.000904816
0.000904441
0.000904059
0.000903673
0.000903285
0.000902899
0.000902516
0.000902138
0.000901769
0.000901408
0.00090106
0.000900725
0.000900406
0.000908288
0.000908294
0.000908261
0.00090818
0.000908053
0.000907883
0.000907673
0.000907427
0.00090715
0.000906847
0.000906524
0.000906184
0.000905832
0.000905471
0.000905105
0.000904736
0.000904367
0.000904
0.000903637
0.000903282
0.000902935
0.000902599
0.000902275
0.000901966
0.000901673
0.000909168
0.00090918
0.000909154
0.000909081
0.000908961
0.000908798
0.000908595
0.000908357
0.000908089
0.000907795
0.000907482
0.000907153
0.000906812
0.000906464
0.000906112
0.000905758
0.000905406
0.000905057
0.000904713
0.000904377
0.000904052
0.000903737
0.000903437
0.000903151
0.000902883
0.000910018
0.000910038
0.00091002
0.000909954
0.000909841
0.000909685
0.00090949
0.000909259
0.000908998
0.000908712
0.000908407
0.000908087
0.000907757
0.00090742
0.00090708
0.00090674
0.000906402
0.000906068
0.000905742
0.000905424
0.000905117
0.000904823
0.000904543
0.00090428
0.000904033
0.000910838
0.000910867
0.000910858
0.0009108
0.000910695
0.000910545
0.000910356
0.000910131
0.000909876
0.000909597
0.000909298
0.000908986
0.000908664
0.000908337
0.000908008
0.000907679
0.000907353
0.000907034
0.000906722
0.00090642
0.000906131
0.000905854
0.000905594
0.00090535
0.000905124
0.000911628
0.000911667
0.000911669
0.00091162
0.000911521
0.000911378
0.000911194
0.000910974
0.000910724
0.000910449
0.000910156
0.000909849
0.000909534
0.000909214
0.000908893
0.000908574
0.000908259
0.000907951
0.000907653
0.000907365
0.000907091
0.000906831
0.000906587
0.000906361
0.000906154
0.000912386
0.000912438
0.000912453
0.000912413
0.000912323
0.000912185
0.000912005
0.000911788
0.00091154
0.000911268
0.000910978
0.000910674
0.000910363
0.000910049
0.000909734
0.000909423
0.000909117
0.00090882
0.000908532
0.000908257
0.000907996
0.000907751
0.000907522
0.000907312
0.000907122
0.000913116
0.000913183
0.000913213
0.000913184
0.0009131
0.000912967
0.000912789
0.000912573
0.000912326
0.000912054
0.000911764
0.000911462
0.000911153
0.000910841
0.000910531
0.000910226
0.000909927
0.000909638
0.00090936
0.000909095
0.000908846
0.000908613
0.000908399
0.000908203
0.000908028
0.000913817
0.000913904
0.000913952
0.000913934
0.000913857
0.000913726
0.000913549
0.000913331
0.000913081
0.000912806
0.000912514
0.00091221
0.000911901
0.00091159
0.000911282
0.00091098
0.000910686
0.000910404
0.000910134
0.000909878
0.000909639
0.000909418
0.000909215
0.000909033
0.000908872
0.000914494
0.000914605
0.000914674
0.000914668
0.000914596
0.000914466
0.000914285
0.000914062
0.000913806
0.000913524
0.000913226
0.000912918
0.000912605
0.000912293
0.000911985
0.000911685
0.000911394
0.000911116
0.000910853
0.000910605
0.000910374
0.000910163
0.000909971
0.0009098
0.000909651
0.000915152
0.000915293
0.000915386
0.000915392
0.000915323
0.00091519
0.000915001
0.000914768
0.0009145
0.000914208
0.0009139
0.000913584
0.000913265
0.000912949
0.000912639
0.000912338
0.000912049
0.000911774
0.000911515
0.000911273
0.00091105
0.000910847
0.000910664
0.000910504
0.000910366
0.000915798
0.000915977
0.000916098
0.000916116
0.000916045
0.000915902
0.000915699
0.000915449
0.000915164
0.000914856
0.000914534
0.000914206
0.000913878
0.000913555
0.000913241
0.000912938
0.000912649
0.000912376
0.00091212
0.000911883
0.000911666
0.00091147
0.000911295
0.000911144
0.000911015
0.000916446
0.000916672
0.000916825
0.000916849
0.00091677
0.000916607
0.000916381
0.000916105
0.000915797
0.000915467
0.000915126
0.000914782
0.000914442
0.000914109
0.000913789
0.000913482
0.000913192
0.000912919
0.000912666
0.000912432
0.00091222
0.00091203
0.000911863
0.000911719
0.000911599
0.000917115
0.000917399
0.000917586
0.00091761
0.000917507
0.000917312
0.000917049
0.000916738
0.000916396
0.000916037
0.000915672
0.000915308
0.000914952
0.000914609
0.00091428
0.000913968
0.000913676
0.000913403
0.00091315
0.00091292
0.000912712
0.000912527
0.000912365
0.000912228
0.000912116
0.000917842
0.000918192
0.000918411
0.000918416
0.00091827
0.000918021
0.000917704
0.000917343
0.000916957
0.000916561
0.000916167
0.00091578
0.000915406
0.00091505
0.000914712
0.000914394
0.000914098
0.000913824
0.000913573
0.000913345
0.00091314
0.000912959
0.000912803
0.000912672
0.000912566
0.000918688
0.000919106
0.00091934
0.000919293
0.000919068
0.000918736
0.000918342
0.000917914
0.000917473
0.000917034
0.000916604
0.000916192
0.000915799
0.000915428
0.000915081
0.000914757
0.000914458
0.000914183
0.000913932
0.000913706
0.000913504
0.000913327
0.000913176
0.000913049
0.000912949
0.00091977
0.000920228
0.00092043
0.00092027
0.000919911
0.000919454
0.000918955
0.000918442
0.000917934
0.000917444
0.000916977
0.000916536
0.000916124
0.00091574
0.000915384
0.000915055
0.000914753
0.000914477
0.000914227
0.000914003
0.000913804
0.00091363
0.000913483
0.000913361
0.000913265
0.000921294
0.00092169
0.000921753
0.000921372
0.000920797
0.000920162
0.000919522
0.000918905
0.000918322
0.000917778
0.000917273
0.000916807
0.000916376
0.000915981
0.000915617
0.000915285
0.000914981
0.000914705
0.000914457
0.000914235
0.000914038
0.000913868
0.000913724
0.000913606
0.000913514
0.000923616
0.000923689
0.000923382
0.000922607
0.000921702
0.000920821
0.000920012
0.000919279
0.000918617
0.000918021
0.000917482
0.000916994
0.00091655
0.000916146
0.000915779
0.000915445
0.000915142
0.000914867
0.000914621
0.000914402
0.000914209
0.000914042
0.0009139
0.000913785
0.000913696
0.000927647
0.00092663
0.000925371
0.000923904
0.000922535
0.000921359
0.000920363
0.000919515
0.000918785
0.000918148
0.000917587
0.000917086
0.000916637
0.000916231
0.000915865
0.000915533
0.000915233
0.000914962
0.000914719
0.000914503
0.000914314
0.00091415
0.000914012
0.000913899
0.000913813
0.000936597
0.000931418
0.000927653
0.000925059
0.000923118
0.000921631
0.000920475
0.00091955
0.000918784
0.000918134
0.000917569
0.000917071
0.000916628
0.00091623
0.00091587
0.000915545
0.000915252
0.000914987
0.00091475
0.000914539
0.000914354
0.000914193
0.000914058
0.000913948
0.000913863
0.000954639
0.000937894
0.000929743
0.00092582
0.00092334
0.00092162
0.000920375
0.000919425
0.000918661
0.000918022
0.000917472
0.000916989
0.000916559
0.000916173
0.000915825
0.00091551
0.000915224
0.000914967
0.000914735
0.000914529
0.000914348
0.000914191
0.000914058
0.00091395
0.000913866
-0.117027
-0.115073
-0.110855
-0.104372
-0.0961767
-0.0868399
-0.0768611
-0.0666363
-0.0565358
-0.0469597
-0.0382156
-0.030646
-0.024517
-0.0197416
-0.0160548
-0.0132392
-0.0111033
-0.00948816
-0.0082801
-0.00738168
-0.00672946
-0.00626252
-0.00593037
-0.00568378
-0.00551035
-0.100654
-0.0966759
-0.0894407
-0.0800241
-0.0703991
-0.0611466
-0.0520193
-0.0431715
-0.0350208
-0.0278875
-0.0219184
-0.0172908
-0.0139761
-0.011696
-0.0100638
-0.00894722
-0.00811618
-0.00740904
-0.00681208
-0.00632787
-0.00593918
-0.00564159
-0.00542466
-0.00527341
-0.00518119
-0.0763023
-0.0699815
-0.0609615
-0.0512043
-0.0424404
-0.0349471
-0.0284561
-0.0228606
-0.0181943
-0.0145234
-0.011711
-0.00967933
-0.0082857
-0.0073585
-0.00679538
-0.00643567
-0.0061552
-0.00590788
-0.00565436
-0.00541361
-0.0051982
-0.0050215
-0.00489533
-0.00482328
-0.0047953
-0.0473995
-0.040595
-0.032194
-0.0240772
-0.0179536
-0.0135111
-0.010411
-0.00831218
-0.00695471
-0.00615554
-0.00570352
-0.00546809
-0.00537924
-0.00531597
-0.00525067
-0.00517086
-0.00506679
-0.00494368
-0.00480656
-0.00465901
-0.00452088
-0.00440867
-0.00433697
-0.00431416
-0.00432432
-0.0296088
-0.0233681
-0.0165718
-0.0109698
-0.00728045
-0.00499434
-0.00362385
-0.00294712
-0.00286254
-0.00306175
-0.00334676
-0.00362629
-0.00384966
-0.00399641
-0.00407178
-0.00409105
-0.00406861
-0.00401682
-0.00394699
-0.00387195
-0.00380371
-0.00375372
-0.00373203
-0.00374544
-0.00377623
-0.0186444
-0.0138124
-0.00836443
-0.00423222
-0.00189816
-0.000941123
-0.000671273
-0.000751443
-0.00104476
-0.00143659
-0.00185706
-0.00224708
-0.0025705
-0.00281429
-0.00298223
-0.00308747
-0.00314554
-0.0031697
-0.00317111
-0.00316011
-0.00314831
-0.00314625
-0.00315944
-0.00319095
-0.0032264
-0.0102419
-0.00707299
-0.00339402
-0.000694298
0.00078081
0.00129182
0.0011773
0.000767376
0.000241588
-0.000286015
-0.000777001
-0.00121101
-0.00157373
-0.00186452
-0.00208837
-0.00225474
-0.00237487
-0.00245954
-0.00251825
-0.00255941
-0.00259132
-0.00262058
-0.00265262
-0.00268894
-0.00272041
-0.00495135
-0.00284112
-0.000403862
0.00136186
0.00225406
0.00245091
0.00222256
0.00169856
0.00107298
0.000492119
-1.52007e-05
-0.000468465
-0.000850013
-0.00116316
-0.00141512
-0.0016144
-0.0017702
-0.0018913
-0.00198536
-0.00205908
-0.00211814
-0.0021668
-0.00220823
-0.00224395
-0.00226987
-0.00195348
-0.000581267
0.00098978
0.00209756
0.00263586
0.002704
0.00245359
0.0020151
0.00148185
0.000947507
0.000457493
2.65814e-05
-0.000341802
-0.000653629
-0.000913915
-0.00112691
-0.00129982
-0.00143952
-0.00155216
-0.00164291
-0.001716
-0.00177443
-0.00181993
-0.00185386
-0.00187523
-0.000292703
0.000598619
0.00155639
0.00220454
0.00250726
0.00252177
0.0023265
0.00199553
0.00158829
0.00115646
0.000736464
0.00034667
-5.0446e-07
-0.000284552
-0.000539159
-0.000752507
-0.000930247
-0.00107709
-0.0011977
-0.00129601
-0.00137521
-0.00143745
-0.00148401
-0.00151589
-0.00153309
0.00058191
0.001174
0.001758
0.00211931
0.00226809
0.00224559
0.00209558
0.00185382
0.00155103
0.00121745
0.000878087
0.000547842
0.000240445
-3.29188e-05
-0.000268789
-0.00046619
-0.000639416
-0.000784977
-0.000906765
-0.00100672
-0.00108726
-0.00115004
-0.00119589
-0.0012253
-0.00123877
0.00102715
0.00141728
0.00178302
0.00197916
0.00203936
0.00199448
0.00187148
0.00168868
0.00146029
0.0012024
0.000931943
0.000660204
0.0003972
0.000153164
-6.59108e-05
-0.000258409
-0.000415382
-0.000548684
-0.000668081
-0.000765846
-0.00084448
-0.000905476
-0.000948945
-0.000975973
-0.000988002
0.00123607
0.00149439
0.00173204
0.00183448
0.00184654
0.00179107
0.00168508
0.00153902
0.00135993
0.00115599
0.000937582
0.000716203
0.000494716
0.000283159
8.80993e-05
-8.65635e-05
-0.000238297
-0.00036933
-0.000479758
-0.000567572
-0.000639836
-0.000697026
-0.00073769
-0.000763535
-0.000775422
0.00131965
0.00149236
0.00165611
0.00170614
0.00169257
0.00163305
0.00153858
0.00141578
0.00126886
0.00110257
0.000924046
0.00074268
0.000554411
0.000371968
0.000200659
4.44676e-05
-9.4169e-05
-0.000214759
-0.000317517
-0.00040262
-0.000471557
-0.000524659
-0.000561955
-0.000585535
-0.000596086
0.00134988
0.00147071
0.00158129
0.00160007
0.00157216
0.00151134
0.00142494
0.00131735
0.00119154
0.00105066
0.000898826
0.000740722
0.00058718
0.000431625
0.000282743
0.000144698
2.01943e-05
-8.94451e-05
-0.000183724
-0.000262667
-0.000326816
-0.000376575
-0.000412282
-0.000434757
-0.000443596
0.00135163
0.00144158
0.00151387
0.00151489
0.00147795
0.00141637
0.00133547
0.00123844
0.00112755
0.00100537
0.000875047
0.000740851
0.000610159
0.000474125
0.000343988
0.000222361
0.000111485
1.28262e-05
-7.28149e-05
-0.00014512
-0.000204117
-0.000250085
-0.000283281
-0.000304071
-0.00031249
0.0013382
0.00140489
0.00145395
0.00144545
0.00140224
0.00133985
0.00126269
0.00117342
0.0010738
0.000965702
0.000851379
0.000733418
0.000615095
0.000502677
0.000390104
0.000283397
0.000185224
9.70732e-05
1.99123e-05
-4.57069e-05
-9.95654e-05
-0.00014164
-0.000172002
-0.000190918
-0.000198765
0.0013213
0.00137174
0.0014025
0.00138647
0.00133814
0.00127518
0.00120121
0.00111857
0.00102843
0.000932003
0.000830946
0.000727278
0.000623595
0.000527215
0.000427006
0.000332831
0.000245847
0.000167289
9.8117e-05
3.89709e-05
-9.774e-06
-4.79699e-05
-7.55572e-05
-9.25817e-05
-9.96304e-05
0.0013004
0.00134163
0.00135744
0.00133109
0.00128019
0.00121825
0.00114842
0.00107252
0.000991103
0.000904871
0.000814949
0.000722771
0.000630004
0.00054002
0.000455698
0.00037355
0.000296609
0.00022671
0.000164876
0.0001118
6.79294e-05
3.35139e-05
8.68353e-06
-6.55176e-06
-1.27188e-05
0.00126338
0.00130211
0.00130254
0.00126991
0.0012228
0.0011659
0.00110284
0.00103485
0.000962278
0.000885667
0.000805797
0.000723745
0.000640893
0.000558903
0.000483853
0.000410662
0.000341993
0.000279311
0.000223682
0.00017584
0.000136254
0.000105207
8.28818e-05
6.93505e-05
6.39878e-05
0.00117478
0.00122597
0.00122512
0.00120074
0.00116191
0.0011137
0.00105877
0.000998318
0.000933217
0.000864334
0.000792656
0.000719332
0.000645676
0.000573177
0.000504691
0.000440464
0.000379948
0.000324486
0.000275162
0.000232667
0.000197442
0.000169753
0.000149785
0.000137656
0.000132548
0.00110772
0.00113731
0.00114108
0.00112503
0.00109546
0.00105648
0.00101033
0.000958513
0.000902142
0.000842191
0.000779644
0.000715586
0.000651231
0.000587987
0.000527476
0.000470012
0.000416162
0.00036682
0.000322817
0.000284772
0.000253126
0.000228187
0.000210197
0.000199334
0.000194808
0.00105987
0.00107588
0.00107756
0.00106531
0.00104182
0.00100951
0.000970268
0.000925521
0.000876406
0.000823919
0.000769036
0.00071278
0.000656239
0.000600576
0.000546958
0.000496024
0.000448295
0.000404542
0.000365466
0.000331621
0.000303424
0.000281182
0.000265145
0.000255502
0.00025155
0.0010228
0.00103002
0.00102856
0.00101742
0.000997414
0.000969839
0.000936021
0.000897128
0.000854181
0.000808126
0.000759889
0.000710411
0.000660653
0.000611591
0.000564186
0.000519105
0.00047688
0.000438178
0.000403609
0.00037367
0.000348744
0.000329116
0.000315018
0.00030662
0.000303274
0.000992164
0.000993991
0.000989827
0.000978716
0.000960754
0.00093658
0.000907037
0.000873005
0.000835339
0.000794874
0.000752443
0.000708887
0.000665049
0.000621768
0.00057987
0.000539988
0.000502656
0.000468466
0.000437962
0.000411595
0.000389714
0.000372576
0.000360386
0.000353275
0.000350609
0.0009663
0.000964698
0.000958597
0.000947301
0.000930687
0.000909046
0.000882905
0.000852904
0.000819728
0.000784084
0.000746695
0.000708296
0.000669621
0.000631401
0.000594354
0.000559075
0.000526077
0.000495898
0.000469035
0.000445905
0.000426834
0.000412058
0.000401755
0.000396022
0.000394171
0.000944313
0.000940484
0.000933109
0.000921702
0.000906105
0.000886448
0.000863066
0.000836422
0.000807056
0.000775553
0.000742525
0.000708606
0.000674433
0.000640641
0.000607859
0.000576635
0.000547459
0.000520825
0.000497196
0.000476969
0.000460464
0.000447917
0.000439509
0.000435313
0.000434541
0.000925583
0.000920305
0.000912146
0.000900771
0.000886042
0.000868021
0.000846931
0.000823113
0.000796991
0.000769043
0.000739785
0.000709755
0.000679502
0.000649578
0.000620533
0.000592867
0.000567039
0.000543509
0.000522712
0.000505039
0.000490827
0.000480356
0.000473887
0.000471541
0.000472643
0.000909632
0.000903429
0.000894839
0.000883632
0.000869704
0.00085309
0.000833948
0.000812537
0.000789193
0.000764306
0.000738306
0.00071165
0.000684808
0.000658258
0.000632477
0.000607913
0.000584995
0.000564146
0.000545775
0.000530272
0.000518008
0.000509373
0.000504961
0.000505885
0.000510877
0.000896064
0.000889298
0.000880533
0.000869608
0.000856445
0.000841077
0.000823624
0.000804287
0.000783338
0.000761094
0.000737916
0.000714188
0.000690313
0.000666699
0.000643757
0.000621887
0.000601475
0.000582903
0.000566543
0.000552762
0.000541934
0.000534498
0.000531283
0.000534463
0.00054649
0.000884553
0.000877483
0.000868721
0.000858154
0.000845739
0.000831499
0.000815532
0.000798003
0.000779131
0.000759182
0.000738453
0.000717269
0.000695971
0.000674908
0.000654432
0.000634891
0.000616622
0.000599955
0.000585205
0.000572667
0.000562612
0.00055531
0.000551224
0.00055135
0.000554937
0.000874825
0.000867633
0.000859002
0.000848853
0.00083716
0.00082395
0.000809307
0.000793368
0.000776313
0.000758362
0.000739765
0.000720795
0.000701739
0.000682894
0.000664559
0.000647028
0.00063059
0.000615517
0.000602067
0.000590468
0.000580902
0.000573515
0.000568474
0.00056595
0.000565239
0.000866649
0.000859466
0.000851052
0.000841355
0.000830362
0.000818102
0.000804648
0.000790116
0.000774658
0.000758458
0.000741724
0.000724686
0.000707586
0.000690672
0.000674195
0.000658402
0.000643527
0.000629793
0.0006174
0.000606515
0.000597255
0.000589676
0.00058378
0.000579459
0.000576134
0.00085983
0.00085275
0.000844613
0.000835385
0.000825064
0.000813682
0.000801303
0.000788027
0.000773981
0.000759321
0.000744222
0.000728876
0.000713485
0.000698256
0.000683396
0.000669106
0.000655574
0.00064297
0.000631441
0.0006211
0.000612009
0.000604163
0.000597484
0.000591787
0.000586659
0.000854198
0.000847287
0.000839466
0.000830714
0.000821038
0.000810469
0.000799066
0.000786914
0.000774124
0.000760826
0.000747167
0.000733308
0.000719416
0.000705663
0.000692216
0.000679234
0.000666861
0.000655223
0.000644416
0.000634503
0.000625496
0.000617353
0.000609965
0.000603159
0.000596689
0.000849608
0.000842913
0.000835431
0.000827155
0.000818093
0.000808279
0.000797765
0.000786626
0.000774957
0.000762868
0.000750483
0.000737937
0.000725367
0.000712913
0.000700706
0.000688871
0.000677514
0.000666717
0.000656534
0.000646982
0.00063803
0.000629603
0.000621583
0.000613829
0.000606223
0.000845934
0.000839485
0.000832357
0.000824547
0.00081607
0.000806956
0.000797255
0.000787032
0.000776369
0.00076536
0.000754108
0.000742726
0.000731328
0.000720023
0.000708918
0.000698102
0.000687649
0.000677607
0.00066799
0.000658774
0.000649891
0.000641229
0.000632648
0.000624024
0.000615306
0.000843066
0.000836884
0.000830114
0.000822759
0.000814835
0.000806373
0.000797417
0.000788025
0.000778268
0.000768226
0.000757988
0.000747645
0.000737291
0.000727015
0.000716896
0.000707001
0.000697374
0.000688034
0.000678964
0.000670104
0.000661345
0.000652531
0.000643476
0.000634024
0.000624123
0.000840906
0.000835003
0.00082859
0.000821675
0.000814274
0.000806418
0.000798147
0.000789513
0.000780576
0.000771406
0.000762077
0.000752667
0.000743252
0.000733903
0.000724681
0.000715631
0.000706779
0.000698121
0.000689617
0.000681177
0.000672654
0.000663833
0.000654448
0.000644233
0.00063301
0.000839369
0.000833751
0.00082769
0.000821198
0.000814292
0.000807
0.000799359
0.000791416
0.000783225
0.000774844
0.000766337
0.00075777
0.000749205
0.0007407
0.000732302
0.000724044
0.000715937
0.000707967
0.00070008
0.000692172
0.000684066
0.000675487
0.00066605
0.000655269
0.00064256
0.000838381
0.000833047
0.000827332
0.000821244
0.000814804
0.000808037
0.000800979
0.00079367
0.000786157
0.000778493
0.000770732
0.000762931
0.000755141
0.000747411
0.000739779
0.000732271
0.000724894
0.000717633
0.000710439
0.000703216
0.00069579
0.000687858
0.000678939
0.00066825
0.000654074
0.000837873
0.000832823
0.000827441
0.00082174
0.000815738
0.000809462
0.000802941
0.000796214
0.000789322
0.000782312
0.000775232
0.000768129
0.000761049
0.000754034
0.000747118
0.000740325
0.000733666
0.000727136
0.000720714
0.000714347
0.000707933
0.000701263
0.000694027
0.000685628
0.00067232
0.000837786
0.000833014
0.000827955
0.000822622
0.000817033
0.000811213
0.00080519
0.000798999
0.000792677
0.000786265
0.000779806
0.000773342
0.000766915
0.000760561
0.000754313
0.000748197
0.000742232
0.000736435
0.000730819
0.000725409
0.000720248
0.000715422
0.000711371
0.000710009
0.000714517
0.000838067
0.000833566
0.000828817
0.000823833
0.000818633
0.000813238
0.000807677
0.00080198
0.000796181
0.000790318
0.000784428
0.00077855
0.000772721
0.000766977
0.000761348
0.000755865
0.000750554
0.000745446
0.000740581
0.000736025
0.000731885
0.000728362
0.000725987
0.000726121
0.000729295
0.000838668
0.00083443
0.000829978
0.000825325
0.00082049
0.000815493
0.000810359
0.000805118
0.000799801
0.000794441
0.000789073
0.000783732
0.000778452
0.000773268
0.00076821
0.000763309
0.000758598
0.000754116
0.000749914
0.00074607
0.0007427
0.000739991
0.000738299
0.000738206
0.00073933
0.000839547
0.000835563
0.000831394
0.000827055
0.000822562
0.000817935
0.000813199
0.000808379
0.000803505
0.000798608
0.000793718
0.000788869
0.000784092
0.00077942
0.000774883
0.000770513
0.000766345
0.000762419
0.00075879
0.000755532
0.000752749
0.000750584
0.000749252
0.000749017
0.000749593
0.000840666
0.000836926
0.000833027
0.000828984
0.000824812
0.000820531
0.000816164
0.000811734
0.000807268
0.000802795
0.000798343
0.000793944
0.000789627
0.000785422
0.000781359
0.000777468
0.000773784
0.000770346
0.000767206
0.000764428
0.000762096
0.000760311
0.0007592
0.000758895
0.000759217
0.000841992
0.000838485
0.000834843
0.000831079
0.000827208
0.00082325
0.000819224
0.000815154
0.000811064
0.000806981
0.000802932
0.000798944
0.000795045
0.000791264
0.000787629
0.000784168
0.000780913
0.000777901
0.000775176
0.000772791
0.000770809
0.000769298
0.000768333
0.000767977
0.000768114
0.000843493
0.000840209
0.00083681
0.000833309
0.000829721
0.000826063
0.000822355
0.000818617
0.000814874
0.000811149
0.000807467
0.000803855
0.000800337
0.00079694
0.00079369
0.000790613
0.000787737
0.000785095
0.000782722
0.000780661
0.000778957
0.000777655
0.000776798
0.000776418
0.000776436
0.000845143
0.000842072
0.000838903
0.00083565
0.000832325
0.000828947
0.000825533
0.000822104
0.000818679
0.000815283
0.000811938
0.000808667
0.000805495
0.000802445
0.000799541
0.000796806
0.000794264
0.000791943
0.000789871
0.00078808
0.000786603
0.000785469
0.000784702
0.00078432
0.000784273
0.000846918
0.000844049
0.000841098
0.000838076
0.000834999
0.000831882
0.000828741
0.000825595
0.000822465
0.00081937
0.000816332
0.000813373
0.000810515
0.000807778
0.000805184
0.000802752
0.000800505
0.000798463
0.000796649
0.000795087
0.0007938
0.000792805
0.000792118
0.000791749
0.000791667
0.000848796
0.000846119
0.000843372
0.00084057
0.000837723
0.000834848
0.000831961
0.000829077
0.000826217
0.000823398
0.000820642
0.000817966
0.000815392
0.000812937
0.000810621
0.00080846
0.000806472
0.000804674
0.000803083
0.000801717
0.000800591
0.000799715
0.0007991
0.000798753
0.000798654
0.000850758
0.000848262
0.000845709
0.000843111
0.00084048
0.000837831
0.000835178
0.000832536
0.000829925
0.00082736
0.000824859
0.000822442
0.000820124
0.000817924
0.000815857
0.000813937
0.000812178
0.000810594
0.000809197
0.000808
0.000807012
0.000806241
0.000805691
0.000805369
0.000805265
0.000852787
0.000850462
0.000848091
0.000845685
0.000843256
0.000840816
0.000838379
0.000835962
0.000833578
0.000831245
0.000828979
0.000826796
0.000824712
0.000822741
0.000820897
0.000819191
0.000817635
0.000816239
0.000815012
0.000813962
0.000813095
0.000812415
0.000811924
0.00081163
0.000811525
0.000854868
0.000852705
0.000850505
0.000848278
0.000846036
0.000843791
0.000841555
0.000839344
0.00083717
0.00083505
0.000832998
0.000831028
0.000829154
0.00082739
0.000825746
0.000824232
0.000822856
0.000821626
0.000820548
0.000819627
0.000818866
0.000818266
0.00081783
0.000817562
0.00081746
0.000856987
0.000854976
0.000852936
0.000850877
0.00084881
0.000846745
0.000844696
0.000842675
0.000840694
0.000838769
0.000836911
0.000835135
0.000833453
0.000831874
0.00083041
0.000829067
0.000827852
0.000826769
0.000825822
0.000825014
0.000824347
0.000823819
0.000823431
0.000823188
0.000823092
0.000859133
0.000857265
0.000855375
0.000853473
0.000851568
0.000849671
0.000847794
0.000845948
0.000844145
0.000842397
0.000840718
0.000839118
0.000837608
0.000836198
0.000834895
0.000833705
0.000832633
0.00083168
0.00083085
0.000830143
0.000829558
0.000829094
0.00082875
0.00082853
0.00082844
0.000861293
0.00085956
0.000857811
0.000856055
0.000854302
0.000852561
0.000850842
0.000849157
0.000847517
0.000845933
0.000844416
0.000842976
0.000841623
0.000840365
0.000839207
0.000838154
0.000837209
0.000836373
0.000835646
0.000835028
0.000834516
0.000834109
0.000833805
0.000833607
0.000833522
0.00086346
0.000861853
0.000860236
0.000858616
0.000857004
0.000855407
0.000853835
0.000852299
0.000850809
0.000849374
0.000848005
0.000846711
0.0008455
0.000844379
0.000843352
0.000842422
0.000841591
0.000840859
0.000840224
0.000839684
0.000839238
0.000838882
0.000838612
0.000838435
0.000838356
0.000865624
0.000864136
0.000862642
0.00086115
0.000859667
0.000858204
0.000856768
0.000855369
0.000854016
0.000852719
0.000851485
0.000850324
0.000849242
0.000848244
0.000847335
0.000846516
0.000845787
0.000845147
0.000844594
0.000844125
0.000843737
0.000843425
0.000843188
0.000843028
0.000842955
0.000867779
0.000866401
0.000865022
0.000863648
0.000862288
0.000860948
0.000859638
0.000858365
0.000857138
0.000855966
0.000854856
0.000853815
0.00085285
0.000851965
0.000851161
0.000850442
0.000849804
0.000849247
0.000848768
0.000848361
0.000848025
0.000847754
0.000847545
0.000847402
0.000847334
0.000869917
0.000868643
0.000867372
0.000866108
0.00086486
0.000863635
0.00086244
0.000861284
0.000860173
0.000859116
0.000858119
0.000857188
0.000856329
0.000855545
0.000854837
0.000854207
0.000853652
0.000853169
0.000852754
0.000852404
0.000852114
0.000851879
0.000851696
0.000851567
0.000851504
0.000872033
0.000870857
0.000869685
0.000868524
0.000867381
0.000866262
0.000865174
0.000864124
0.00086312
0.000862168
0.000861274
0.000860443
0.00085968
0.000858988
0.000858367
0.000857817
0.000857336
0.000856919
0.000856563
0.000856263
0.000856014
0.000855812
0.000855651
0.000855536
0.000855478
0.000874122
0.000873036
0.000871958
0.000870892
0.000869846
0.000868825
0.000867836
0.000866885
0.000865978
0.000865122
0.000864322
0.000863583
0.000862908
0.000862298
0.000861756
0.000861279
0.000860863
0.000860506
0.000860203
0.000859948
0.000859736
0.000859562
0.000859422
0.000859319
0.000859264
0.000876179
0.000875178
0.000874186
0.000873209
0.000872253
0.000871323
0.000870425
0.000869565
0.000868748
0.00086798
0.000867266
0.00086661
0.000866014
0.00086548
0.000865008
0.000864596
0.000864241
0.000863937
0.000863681
0.000863465
0.000863286
0.000863138
0.000863017
0.000862924
0.000862873
0.000878201
0.000877278
0.000876367
0.000875473
0.0008746
0.000873754
0.00087294
0.000872163
0.000871429
0.000870742
0.000870106
0.000869526
0.000869002
0.000868537
0.000868129
0.000867776
0.000867474
0.000867218
0.000867004
0.000866824
0.000866674
0.000866549
0.000866444
0.000866361
0.000866314
0.000880183
0.000879334
0.000878498
0.00087768
0.000876885
0.000876116
0.000875379
0.000874679
0.000874021
0.000873408
0.000872844
0.000872333
0.000871875
0.000871472
0.000871121
0.000870821
0.000870568
0.000870355
0.000870178
0.000870031
0.000869907
0.000869803
0.000869712
0.000869638
0.000869594
0.000882123
0.000881343
0.000880577
0.00087983
0.000879105
0.000878409
0.000877743
0.000877114
0.000876525
0.00087598
0.000875482
0.000875033
0.000874635
0.000874288
0.00087399
0.000873738
0.000873528
0.000873354
0.000873211
0.000873092
0.000872992
0.000872906
0.000872828
0.000872762
0.00087272
0.000884018
0.000883302
0.000882601
0.000881919
0.000881261
0.000880631
0.000880031
0.000879467
0.000878942
0.000878459
0.000878021
0.00087763
0.000877286
0.00087699
0.000876739
0.000876531
0.00087636
0.00087622
0.000876107
0.000876014
0.000875935
0.000875865
0.000875799
0.000875739
0.0008757
0.000885866
0.000885209
0.000884569
0.000883948
0.000883351
0.000882782
0.000882243
0.000881739
0.000881272
0.000880846
0.000880463
0.000880124
0.00087983
0.00087958
0.000879372
0.000879203
0.000879067
0.000878959
0.000878873
0.000878802
0.000878742
0.000878686
0.00087863
0.000878576
0.000878539
0.000887665
0.000887063
0.000886478
0.000885914
0.000885374
0.000884861
0.000884379
0.00088393
0.000883517
0.000883143
0.00088281
0.000882519
0.00088227
0.000882062
0.000881893
0.000881758
0.000881654
0.000881574
0.000881512
0.000881462
0.000881418
0.000881375
0.000881328
0.00088128
0.000881244
0.000889412
0.000888862
0.000888329
0.000887817
0.00088733
0.000886869
0.000886438
0.00088604
0.000885676
0.00088535
0.000885063
0.000884816
0.000884608
0.000884438
0.000884304
0.000884201
0.000884125
0.00088407
0.00088403
0.000883998
0.000883969
0.000883937
0.000883898
0.000883854
0.000883819
0.000891107
0.000890604
0.00089012
0.000889656
0.000889217
0.000888804
0.000888421
0.000888069
0.000887752
0.00088747
0.000887224
0.000887017
0.000886846
0.000886711
0.000886609
0.000886535
0.000886485
0.000886452
0.000886431
0.000886415
0.000886399
0.000886377
0.000886345
0.000886304
0.000886271
0.000892748
0.000892289
0.000891849
0.000891431
0.000891036
0.000890668
0.000890329
0.00089002
0.000889744
0.000889502
0.000889296
0.000889124
0.000888988
0.000888884
0.00088881
0.000888763
0.000888736
0.000888723
0.000888719
0.000888718
0.000888713
0.0008887
0.000888673
0.000888636
0.000888603
0.000894334
0.000893916
0.000893517
0.00089314
0.000892787
0.00089246
0.000892161
0.000891892
0.000891654
0.000891449
0.000891278
0.00089114
0.000891035
0.00089096
0.000890912
0.000890888
0.000890882
0.000890887
0.000890899
0.00089091
0.000890915
0.000890909
0.000890888
0.000890852
0.000890821
0.000895863
0.000895483
0.000895122
0.000894784
0.000894469
0.00089418
0.000893918
0.000893685
0.000893483
0.000893313
0.000893174
0.000893066
0.000892989
0.00089294
0.000892917
0.000892914
0.000892926
0.000892948
0.000892973
0.000892995
0.000893009
0.00089301
0.000892992
0.000892959
0.000892926
0.000897335
0.00089699
0.000896665
0.000896361
0.000896082
0.000895828
0.000895601
0.000895402
0.000895232
0.000895093
0.000894984
0.000894904
0.000894853
0.000894828
0.000894826
0.000894843
0.000894872
0.000894909
0.000894946
0.000894978
0.000894999
0.000895005
0.000894991
0.000894958
0.000894924
0.000898749
0.000898436
0.000898143
0.000897873
0.000897626
0.000897404
0.000897209
0.000897041
0.000896902
0.000896791
0.00089671
0.000896656
0.000896629
0.000896626
0.000896644
0.000896678
0.000896723
0.000896773
0.000896821
0.000896862
0.000896889
0.000896899
0.000896887
0.000896855
0.000896819
0.000900104
0.00089982
0.000899558
0.000899318
0.000899101
0.000898909
0.000898744
0.000898605
0.000898493
0.000898409
0.000898353
0.000898323
0.000898318
0.000898336
0.000898372
0.000898423
0.000898482
0.000898543
0.000898601
0.00089865
0.000898683
0.000898696
0.000898685
0.000898652
0.000898613
0.000901399
0.000901143
0.000900908
0.000900696
0.000900508
0.000900343
0.000900205
0.000900093
0.000900007
0.000899948
0.000899915
0.000899908
0.000899924
0.00089996
0.000900014
0.000900079
0.000900151
0.000900224
0.000900291
0.000900345
0.000900383
0.000900399
0.000900388
0.000900353
0.000900311
0.000902633
0.000902403
0.000902194
0.000902008
0.000901845
0.000901706
0.000901593
0.000901506
0.000901444
0.000901409
0.000901398
0.000901411
0.000901447
0.000901501
0.000901571
0.00090165
0.000901735
0.000901817
0.000901892
0.000901953
0.000901994
0.000902011
0.000902
0.000901961
0.000901915
0.000903806
0.0009036
0.000903414
0.000903252
0.000903113
0.000902999
0.000902909
0.000902845
0.000902806
0.000902792
0.000902802
0.000902835
0.000902889
0.000902961
0.000903045
0.000903139
0.000903235
0.000903327
0.000903409
0.000903474
0.000903518
0.000903536
0.000903523
0.00090348
0.000903428
0.000904918
0.000904733
0.000904569
0.000904429
0.000904312
0.00090422
0.000904152
0.00090411
0.000904092
0.000904099
0.000904129
0.000904181
0.000904253
0.00090434
0.00090444
0.000904546
0.000904654
0.000904755
0.000904844
0.000904915
0.000904961
0.000904978
0.000904962
0.000904914
0.000904854
0.000905967
0.000905801
0.000905658
0.000905538
0.000905442
0.00090537
0.000905323
0.000905301
0.000905304
0.00090533
0.00090538
0.00090545
0.000905539
0.000905642
0.000905757
0.000905876
0.000905995
0.000906105
0.000906202
0.000906277
0.000906325
0.000906341
0.000906321
0.000906265
0.000906196
0.000906953
0.000906805
0.000906681
0.00090658
0.000906503
0.00090645
0.000906423
0.00090642
0.000906442
0.000906487
0.000906554
0.000906643
0.000906748
0.000906868
0.000906997
0.00090713
0.000907261
0.000907381
0.000907485
0.000907565
0.000907615
0.00090763
0.000907604
0.000907538
0.000907457
0.000907875
0.000907744
0.000907636
0.000907553
0.000907493
0.000907459
0.00090745
0.000907465
0.000907505
0.000907569
0.000907654
0.00090776
0.000907883
0.000908019
0.000908164
0.000908311
0.000908454
0.000908586
0.000908698
0.000908784
0.000908836
0.000908848
0.000908816
0.000908737
0.000908642
0.000908733
0.000908617
0.000908525
0.000908457
0.000908414
0.000908397
0.000908404
0.000908437
0.000908495
0.000908576
0.000908679
0.000908802
0.000908942
0.000909096
0.000909257
0.00090942
0.000909578
0.000909722
0.000909845
0.000909937
0.000909992
0.000910003
0.000909963
0.000909868
0.000909754
0.000909525
0.000909423
0.000909345
0.000909292
0.000909264
0.000909262
0.000909286
0.000909335
0.00090941
0.000909508
0.000909629
0.00090977
0.000909928
0.000910099
0.000910279
0.000910459
0.000910634
0.000910794
0.000910929
0.000911032
0.000911091
0.000911101
0.000911051
0.000910938
0.000910801
0.000910252
0.000910162
0.000910097
0.000910057
0.000910043
0.000910056
0.000910095
0.00091016
0.00091025
0.000910365
0.000910503
0.000910662
0.000910839
0.00091103
0.00091123
0.000911431
0.000911625
0.000911804
0.000911956
0.000912072
0.00091214
0.00091215
0.000912091
0.000911955
0.000911788
0.000910912
0.000910833
0.000910779
0.000910752
0.000910751
0.000910777
0.00091083
0.000910909
0.000911015
0.000911146
0.000911302
0.000911479
0.000911676
0.000911888
0.000912109
0.000912334
0.000912552
0.000912755
0.00091293
0.000913065
0.000913147
0.000913162
0.000913094
0.000912931
0.000912727
0.000911504
0.000911435
0.000911392
0.000911376
0.000911386
0.000911424
0.00091149
0.000911583
0.000911704
0.000911851
0.000912023
0.000912219
0.000912437
0.000912671
0.000912918
0.000913169
0.000913417
0.00091365
0.000913856
0.000914019
0.000914123
0.00091415
0.000914077
0.000913883
0.000913632
0.000912029
0.000911969
0.000911935
0.000911928
0.000911949
0.000911998
0.000912075
0.000912181
0.000912314
0.000912476
0.000912666
0.000912881
0.000913119
0.000913378
0.000913652
0.000913935
0.000914218
0.00091449
0.000914736
0.000914939
0.000915079
0.000915131
0.000915061
0.000914833
0.000914525
0.000912486
0.000912433
0.000912407
0.000912408
0.000912438
0.000912496
0.000912584
0.0009127
0.000912847
0.000913022
0.000913227
0.000913461
0.000913721
0.000914005
0.000914309
0.000914628
0.000914953
0.000915273
0.000915573
0.000915834
0.000916029
0.000916127
0.000916076
0.000915818
0.000915444
0.000912875
0.000912828
0.000912808
0.000912817
0.000912854
0.00091292
0.000913016
0.000913142
0.000913299
0.000913487
0.000913706
0.000913956
0.000914237
0.000914547
0.000914883
0.000915242
0.000915615
0.000915994
0.000916364
0.000916705
0.000916986
0.000917164
0.000917167
0.000916893
0.000916451
0.000913196
0.000913154
0.000913139
0.000913153
0.000913196
0.000913268
0.000913371
0.000913504
0.000913669
0.000913867
0.000914099
0.000914365
0.000914665
0.000914999
0.000915368
0.000915768
0.000916196
0.000916645
0.000917103
0.000917551
0.000917959
0.000918273
0.000918389
0.000918147
0.000917664
0.000913448
0.00091341
0.0009134
0.000913418
0.000913464
0.000913541
0.000913648
0.000913787
0.000913958
0.000914163
0.000914404
0.000914682
0.000914998
0.000915355
0.000915753
0.000916194
0.000916679
0.000917206
0.000917771
0.000918362
0.000918949
0.00091948
0.000919817
0.000919714
0.000919292
0.000913634
0.000913599
0.000913591
0.000913611
0.00091366
0.000913739
0.000913848
0.000913989
0.000914164
0.000914373
0.000914619
0.000914905
0.000915232
0.000915605
0.000916028
0.000916506
0.000917046
0.000917653
0.000918336
0.000919098
0.000919932
0.000920793
0.000921526
0.000921791
0.000921691
0.000913752
0.000913718
0.000913712
0.000913733
0.000913782
0.000913861
0.00091397
0.000914111
0.000914285
0.000914494
0.000914741
0.000915028
0.00091536
0.000915741
0.000916178
0.000916681
0.000917262
0.00091794
0.000918738
0.000919687
0.00092082
0.000922145
0.000923568
0.000924787
0.000925775
0.000913804
0.00091377
0.000913763
0.000913784
0.000913832
0.000913908
0.000914014
0.000914151
0.000914321
0.000914525
0.000914766
0.000915047
0.000915373
0.000915749
0.000916184
0.000916691
0.000917287
0.000918001
0.000918879
0.000919989
0.000921432
0.00092333
0.000925882
0.000929606
0.000934757
0.000913807
0.000913773
0.000913765
0.000913783
0.000913828
0.000913901
0.000914003
0.000914135
0.000914298
0.000914494
0.000914725
0.000914996
0.000915309
0.000915672
0.000916093
0.000916585
0.00091717
0.000917883
0.000918786
0.000919985
0.000921663
0.000924101
0.000927983
0.000936096
0.000952813
0.000551661
0.000554696
0.000558172
0.000559079
0.000558394
0.000556708
0.000554274
0.000551266
0.00054783
0.00054407
0.000540065
0.000535874
0.00053154
0.000527096
0.000522567
0.000517974
0.000513331
0.000508652
0.000503945
0.00049922
0.00049448
0.000489732
0.000484978
0.000480221
0.000475462
0.000470703
0.000465944
0.000461186
0.000456428
0.00045167
0.000446913
0.000442155
0.000437396
0.000432636
0.000427873
0.000423109
0.000418341
0.00041357
0.000408794
0.000404015
0.00039923
0.00039444
0.000389645
0.000384844
0.000380036
0.000375222
0.000370401
0.000365573
0.000360738
0.000355896
0.000351046
0.000346189
0.000341325
0.000336452
0.000331572
0.000326684
0.000321789
0.000316886
0.000311975
0.000307056
0.00030213
0.000297196
0.000292255
0.000287306
0.000282351
0.000277387
0.000272417
0.00026744
0.000262456
0.000257465
0.000252467
0.000247463
0.000242453
0.000237437
0.000232414
0.000227386
0.000222352
0.000217312
0.000212267
0.000207216
0.000202161
0.0001971
0.000192035
0.000186965
0.000181891
0.000176812
0.000171729
0.000166642
0.000161551
0.000156457
0.000151359
0.000146258
0.000141153
0.000136045
0.000130935
0.000125821
0.000120705
0.000115586
0.000110465
0.000105342
0.000100216
9.50889e-05
8.99594e-05
8.48282e-05
7.96952e-05
7.45608e-05
6.94249e-05
6.42876e-05
5.91492e-05
5.40097e-05
4.88691e-05
4.37276e-05
3.85854e-05
3.34425e-05
2.8299e-05
2.31549e-05
1.80105e-05
1.28657e-05
7.72148e-06
2.57716e-06
0.000562471
0.000561486
0.000561956
0.000561581
0.000560179
0.000558005
0.00055523
0.000551985
0.000548376
0.000544489
0.000540388
0.000536122
0.00053173
0.000527241
0.000522678
0.000518058
0.000513394
0.000508699
0.000503981
0.000499246
0.0004945
0.000489747
0.000484989
0.000480229
0.000475468
0.000470708
0.000465948
0.000461189
0.00045643
0.000451672
0.000446914
0.000442156
0.000437397
0.000432637
0.000427875
0.00042311
0.000418342
0.000413571
0.000408796
0.000404016
0.000399232
0.000394442
0.000389647
0.000384845
0.000380038
0.000375224
0.000370403
0.000365575
0.00036074
0.000355898
0.000351048
0.000346191
0.000341327
0.000336454
0.000331574
0.000326687
0.000321791
0.000316888
0.000311977
0.000307058
0.000302132
0.000297198
0.000292257
0.000287308
0.000282352
0.000277389
0.000272419
0.000267442
0.000262457
0.000257467
0.000252469
0.000247465
0.000242455
0.000237438
0.000232416
0.000227387
0.000222353
0.000217313
0.000212268
0.000207217
0.000202162
0.000197101
0.000192036
0.000186966
0.000181892
0.000176813
0.00017173
0.000166643
0.000161552
0.000156458
0.00015136
0.000146259
0.000141154
0.000136046
0.000130935
0.000125822
0.000120706
0.000115587
0.000110466
0.000105342
0.000100217
9.50893e-05
8.99598e-05
8.48286e-05
7.96956e-05
7.45611e-05
6.94252e-05
6.42879e-05
5.91495e-05
5.40099e-05
4.88693e-05
4.37278e-05
3.85855e-05
3.34426e-05
2.8299e-05
2.3155e-05
1.80105e-05
1.28655e-05
7.72043e-06
2.57638e-06
0.000572103
0.000569241
0.000567394
0.000565422
0.000562976
0.000560077
0.000556786
0.000553166
0.000549282
0.000545187
0.000540929
0.000536542
0.000532056
0.000527494
0.000522873
0.000518208
0.00051351
0.000508788
0.000504049
0.000499298
0.000494539
0.000489777
0.000485012
0.000480247
0.000475482
0.000470718
0.000465956
0.000461195
0.000456435
0.000451676
0.000446917
0.000442159
0.000437399
0.000432639
0.000427876
0.000423112
0.000418344
0.000413573
0.000408797
0.000404018
0.000399233
0.000394443
0.000389648
0.000384847
0.000380039
0.000375225
0.000370404
0.000365577
0.000360742
0.0003559
0.00035105
0.000346193
0.000341328
0.000336456
0.000331576
0.000326688
0.000321793
0.000316889
0.000311978
0.00030706
0.000302134
0.0002972
0.000292259
0.00028731
0.000282354
0.000277391
0.00027242
0.000267443
0.000262459
0.000257468
0.00025247
0.000247466
0.000242456
0.000237439
0.000232417
0.000227388
0.000222354
0.000217314
0.000212269
0.000207219
0.000202163
0.000197102
0.000192037
0.000186967
0.000181893
0.000176814
0.000171731
0.000166644
0.000161553
0.000156459
0.000151361
0.000146259
0.000141154
0.000136047
0.000130936
0.000125822
0.000120706
0.000115588
0.000110466
0.000105343
0.000100217
9.50897e-05
8.99602e-05
8.48289e-05
7.96959e-05
7.45614e-05
6.94254e-05
6.42881e-05
5.91497e-05
5.401e-05
4.88694e-05
4.37279e-05
3.85856e-05
3.34426e-05
2.8299e-05
2.31549e-05
1.80103e-05
1.28651e-05
7.71981e-06
2.57607e-06
0.000581427
0.000577011
0.000573362
0.000569919
0.000566386
0.000562677
0.000558778
0.000554702
0.000550472
0.000546114
0.000541652
0.000537107
0.000532498
0.000527839
0.000523143
0.000518418
0.000513673
0.000508915
0.000504147
0.000499374
0.000494598
0.000489822
0.000485047
0.000480273
0.000475502
0.000470734
0.000465968
0.000461204
0.000456442
0.000451682
0.000446922
0.000442162
0.000437402
0.000432641
0.000427878
0.000423113
0.000418345
0.000413574
0.000408798
0.000404019
0.000399234
0.000394444
0.000389649
0.000384847
0.00038004
0.000375226
0.000370405
0.000365577
0.000360742
0.0003559
0.000351051
0.000346194
0.000341329
0.000336457
0.000331577
0.000326689
0.000321793
0.00031689
0.000311979
0.000307061
0.000302134
0.000297201
0.000292259
0.000287311
0.000282355
0.000277391
0.000272421
0.000267444
0.000262459
0.000257468
0.000252471
0.000247467
0.000242456
0.00023744
0.000232417
0.000227389
0.000222355
0.000217315
0.000212269
0.000207219
0.000202163
0.000197103
0.000192037
0.000186967
0.000181893
0.000176814
0.000171731
0.000166644
0.000161553
0.000156459
0.000151361
0.000146259
0.000141155
0.000136047
0.000130936
0.000125823
0.000120706
0.000115588
0.000110466
0.000105343
0.000100217
9.50898e-05
8.99603e-05
8.4829e-05
7.9696e-05
7.45615e-05
6.94255e-05
6.42882e-05
5.91497e-05
5.40101e-05
4.88695e-05
4.37279e-05
3.85856e-05
3.34426e-05
2.8299e-05
2.31548e-05
1.80102e-05
1.28649e-05
7.71948e-06
2.5759e-06
0.000590352
0.000584586
0.000579459
0.000574716
0.000570138
0.000565603
0.000561058
0.000556482
0.000551867
0.000547209
0.000542514
0.000537786
0.000533032
0.000528259
0.000523472
0.000518676
0.000513875
0.000509072
0.000504269
0.000499469
0.000494672
0.000489879
0.000485091
0.000480307
0.000475529
0.000470754
0.000465984
0.000461216
0.000456452
0.000451689
0.000446927
0.000442166
0.000437405
0.000432643
0.00042788
0.000423114
0.000418346
0.000413574
0.000408799
0.000404019
0.000399234
0.000394444
0.000389649
0.000384847
0.00038004
0.000375225
0.000370405
0.000365577
0.000360742
0.0003559
0.00035105
0.000346193
0.000341328
0.000336456
0.000331576
0.000326688
0.000321793
0.00031689
0.000311979
0.00030706
0.000302134
0.0002972
0.000292259
0.00028731
0.000282354
0.000277391
0.000272421
0.000267443
0.000262459
0.000257468
0.00025247
0.000247466
0.000242456
0.00023744
0.000232417
0.000227388
0.000222354
0.000217314
0.000212269
0.000207219
0.000202163
0.000197102
0.000192037
0.000186967
0.000181893
0.000176814
0.000171731
0.000166644
0.000161553
0.000156459
0.000151361
0.000146259
0.000141154
0.000136047
0.000130936
0.000125822
0.000120706
0.000115587
0.000110466
0.000105343
0.000100217
9.50896e-05
8.99601e-05
8.48288e-05
7.96958e-05
7.45613e-05
6.94254e-05
6.42881e-05
5.91496e-05
5.401e-05
4.88693e-05
4.37278e-05
3.85855e-05
3.34425e-05
2.82989e-05
2.31547e-05
1.801e-05
1.28647e-05
7.71928e-06
2.57578e-06
0.000598753
0.000591756
0.000585365
0.00057949
0.000573963
0.000568638
0.000563455
0.000558377
0.000553367
0.000548399
0.000543456
0.000538532
0.000533623
0.000528725
0.00052384
0.000518965
0.000514102
0.00050925
0.000504408
0.000499577
0.000494756
0.000489945
0.000485142
0.000480347
0.000475559
0.000470778
0.000466002
0.00046123
0.000456462
0.000451697
0.000446933
0.000442171
0.000437409
0.000432646
0.000427881
0.000423115
0.000418346
0.000413574
0.000408798
0.000404018
0.000399233
0.000394443
0.000389647
0.000384846
0.000380038
0.000375224
0.000370403
0.000365575
0.00036074
0.000355898
0.000351048
0.000346191
0.000341327
0.000336454
0.000331574
0.000326687
0.000321791
0.000316888
0.000311977
0.000307058
0.000302132
0.000297198
0.000292257
0.000287308
0.000282352
0.000277389
0.000272419
0.000267442
0.000262457
0.000257467
0.000252469
0.000247465
0.000242455
0.000237438
0.000232416
0.000227387
0.000222353
0.000217313
0.000212268
0.000207217
0.000202162
0.000197101
0.000192036
0.000186966
0.000181892
0.000176813
0.00017173
0.000166643
0.000161552
0.000156458
0.00015136
0.000146258
0.000141154
0.000136046
0.000130935
0.000125822
0.000120706
0.000115587
0.000110466
0.000105342
0.000100217
9.50892e-05
8.99597e-05
8.48284e-05
7.96954e-05
7.45609e-05
6.9425e-05
6.42877e-05
5.91493e-05
5.40097e-05
4.88691e-05
4.37276e-05
3.85853e-05
3.34423e-05
2.82987e-05
2.31546e-05
1.80099e-05
1.28646e-05
7.71915e-06
2.57569e-06
0.000606609
0.000598391
0.000590864
0.000583992
0.000577608
0.000571564
0.000565805
0.000560264
0.000554878
0.000549606
0.000544419
0.000539298
0.000534231
0.000529208
0.000524221
0.000519266
0.000514338
0.000509435
0.000504553
0.000499691
0.000494845
0.000490013
0.000485195
0.000480388
0.000475591
0.000470803
0.000466021
0.000461245
0.000456473
0.000451705
0.00044694
0.000442176
0.000437412
0.000432648
0.000427883
0.000423116
0.000418346
0.000413573
0.000408797
0.000404017
0.000399231
0.000394441
0.000389645
0.000384843
0.000380036
0.000375221
0.0003704
0.000365572
0.000360737
0.000355895
0.000351046
0.000346188
0.000341324
0.000336451
0.000331571
0.000326684
0.000321788
0.000316885
0.000311974
0.000307055
0.000302129
0.000297195
0.000292254
0.000287306
0.00028235
0.000277386
0.000272416
0.000267439
0.000262455
0.000257464
0.000252467
0.000247463
0.000242452
0.000237436
0.000232413
0.000227385
0.000222351
0.000217311
0.000212266
0.000207215
0.00020216
0.000197099
0.000192034
0.000186964
0.00018189
0.000176811
0.000171728
0.000166641
0.000161551
0.000156456
0.000151358
0.000146257
0.000141153
0.000136045
0.000130934
0.000125821
0.000120705
0.000115586
0.000110465
0.000105341
0.000100216
9.50884e-05
8.99589e-05
8.48277e-05
7.96948e-05
7.45603e-05
6.94244e-05
6.42872e-05
5.91488e-05
5.40092e-05
4.88687e-05
4.37272e-05
3.8585e-05
3.3442e-05
2.82985e-05
2.31544e-05
1.80097e-05
1.28645e-05
7.71909e-06
2.57567e-06
0.000613959
0.000604421
0.000595816
0.000588027
0.000580881
0.000574234
0.000567981
0.000562028
0.000556304
0.000550754
0.00054534
0.000540036
0.000534819
0.000529675
0.000524591
0.000519558
0.000514569
0.000509616
0.000504696
0.000499802
0.000494932
0.000490081
0.000485248
0.00048043
0.000475624
0.000470828
0.00046604
0.00046126
0.000456485
0.000451714
0.000446946
0.00044218
0.000437415
0.000432649
0.000427883
0.000423115
0.000418345
0.000413572
0.000408795
0.000404014
0.000399229
0.000394438
0.000389642
0.00038484
0.000380032
0.000375218
0.000370397
0.000365569
0.000360733
0.000355891
0.000351041
0.000346184
0.00034132
0.000336447
0.000331567
0.000326679
0.000321784
0.000316881
0.00031197
0.000307051
0.000302125
0.000297191
0.00029225
0.000287302
0.000282346
0.000277383
0.000272413
0.000267435
0.000262451
0.000257461
0.000252463
0.000247459
0.000242449
0.000237433
0.00023241
0.000227382
0.000222348
0.000217308
0.000212263
0.000207213
0.000202157
0.000197097
0.000192032
0.000186962
0.000181888
0.000176809
0.000171726
0.000166639
0.000161549
0.000156454
0.000151357
0.000146255
0.000141151
0.000136043
0.000130933
0.000125819
0.000120703
0.000115585
0.000110464
0.00010534
0.000100215
9.50874e-05
8.9958e-05
8.48268e-05
7.96939e-05
7.45595e-05
6.94237e-05
6.42865e-05
5.91482e-05
5.40087e-05
4.88682e-05
4.37268e-05
3.85846e-05
3.34417e-05
2.82982e-05
2.31541e-05
1.80096e-05
1.28644e-05
7.71909e-06
2.57572e-06
0.000620875
0.000609761
0.000600089
0.000591487
0.000583695
0.00057654
0.000569872
0.000563575
0.000557563
0.000551774
0.000546164
0.000540697
0.000535348
0.000530096
0.000524925
0.000519823
0.000514778
0.000509781
0.000504825
0.000499904
0.000495011
0.000490144
0.000485297
0.000480468
0.000475653
0.000470851
0.000466058
0.000461274
0.000456495
0.000451722
0.000446952
0.000442184
0.000437417
0.000432651
0.000427884
0.000423115
0.000418344
0.00041357
0.000408793
0.000404012
0.000399226
0.000394435
0.000389638
0.000384836
0.000380028
0.000375213
0.000370392
0.000365564
0.000360729
0.000355886
0.000351037
0.000346179
0.000341315
0.000336442
0.000331562
0.000326674
0.000321779
0.000316876
0.000311965
0.000307046
0.00030212
0.000297187
0.000292246
0.000287297
0.000282341
0.000277378
0.000272408
0.000267431
0.000262447
0.000257456
0.000252459
0.000247455
0.000242445
0.000237429
0.000232406
0.000227378
0.000222344
0.000217305
0.00021226
0.000207209
0.000202154
0.000197094
0.000192029
0.000186959
0.000181885
0.000176806
0.000171724
0.000166637
0.000161546
0.000156452
0.000151354
0.000146253
0.000141149
0.000136041
0.000130931
0.000125818
0.000120702
0.000115583
0.000110462
0.000105339
0.000100214
9.50861e-05
8.99568e-05
8.48257e-05
7.96929e-05
7.45586e-05
6.94228e-05
6.42857e-05
5.91474e-05
5.4008e-05
4.88675e-05
4.37262e-05
3.85841e-05
3.34413e-05
2.82978e-05
2.31539e-05
1.80094e-05
1.28644e-05
7.71918e-06
2.5758e-06
0.00062732
0.000614159
0.000603477
0.000594217
0.000585926
0.000578383
0.000571402
0.000564839
0.0005586
0.00055262
0.000546848
0.000541248
0.000535789
0.000530447
0.000525205
0.000520044
0.000514952
0.000509919
0.000504933
0.000499989
0.000495079
0.000490197
0.000485339
0.000480501
0.000475679
0.000470871
0.000466074
0.000461286
0.000456504
0.000451729
0.000446957
0.000442187
0.000437419
0.000432652
0.000427884
0.000423114
0.000418342
0.000413568
0.00040879
0.000404008
0.000399222
0.000394431
0.000389634
0.000384832
0.000380023
0.000375208
0.000370387
0.000365559
0.000360723
0.000355881
0.000351031
0.000346174
0.000341309
0.000336437
0.000331557
0.000326669
0.000321773
0.00031687
0.000311959
0.000307041
0.000302115
0.000297181
0.00029224
0.000287292
0.000282336
0.000277373
0.000272403
0.000267426
0.000262442
0.000257451
0.000252454
0.000247451
0.000242441
0.000237424
0.000232402
0.000227374
0.00022234
0.000217301
0.000212256
0.000207206
0.000202151
0.00019709
0.000192025
0.000186956
0.000181882
0.000176803
0.000171721
0.000166634
0.000161544
0.00015645
0.000151352
0.000146251
0.000141147
0.000136039
0.000130929
0.000125816
0.0001207
0.000115581
0.00011046
0.000105337
0.000100212
9.50847e-05
8.99555e-05
8.48244e-05
7.96918e-05
7.45575e-05
6.94218e-05
6.42848e-05
5.91466e-05
5.40072e-05
4.88669e-05
4.37256e-05
3.85836e-05
3.34408e-05
2.82975e-05
2.31536e-05
1.80093e-05
1.28644e-05
7.7194e-06
2.57594e-06
0.000632376
0.000616717
0.000605552
0.000595991
0.000587444
0.000579692
0.000572523
0.000565785
0.000559386
0.000553264
0.000547371
0.000541668
0.000536124
0.000530713
0.000525415
0.000520209
0.000515083
0.000510021
0.000505014
0.000500053
0.000495129
0.000490237
0.000485371
0.000480526
0.000475699
0.000470887
0.000466086
0.000461295
0.000456512
0.000451734
0.000446961
0.00044219
0.000437421
0.000432652
0.000427883
0.000423113
0.000418341
0.000413566
0.000408788
0.000404005
0.000399219
0.000394427
0.00038963
0.000384827
0.000380019
0.000375204
0.000370382
0.000365554
0.000360718
0.000355876
0.000351026
0.000346168
0.000341303
0.000336431
0.000331551
0.000326663
0.000321768
0.000316864
0.000311954
0.000307035
0.000302109
0.000297176
0.000292235
0.000287286
0.000282331
0.000277368
0.000272398
0.000267421
0.000262437
0.000257447
0.00025245
0.000247446
0.000242436
0.00023742
0.000232398
0.00022737
0.000222336
0.000217297
0.000212252
0.000207202
0.000202147
0.000197087
0.000192022
0.000186952
0.000181879
0.0001768
0.000171718
0.000166631
0.000161541
0.000156447
0.000151349
0.000146249
0.000141144
0.000136037
0.000130927
0.000125814
0.000120698
0.00011558
0.000110459
0.000105336
0.000100211
9.50833e-05
8.99541e-05
8.48232e-05
7.96906e-05
7.45564e-05
6.94208e-05
6.42839e-05
5.91457e-05
5.40065e-05
4.88662e-05
4.3725e-05
3.8583e-05
3.34404e-05
2.82971e-05
2.31534e-05
1.80092e-05
1.28646e-05
7.71994e-06
2.57623e-06
0.000633691
0.000616749
0.000606382
0.000596843
0.000588229
0.000580434
0.000573194
0.000566368
0.000559877
0.000553669
0.000547698
0.000541929
0.000536331
0.000530876
0.000525542
0.000520309
0.00051516
0.000510082
0.000505062
0.00050009
0.000495158
0.00049026
0.000485389
0.000480541
0.000475711
0.000470896
0.000466094
0.000461301
0.000456516
0.000451737
0.000446963
0.000442191
0.000437421
0.000432652
0.000427883
0.000423112
0.000418339
0.000413564
0.000408785
0.000404003
0.000399216
0.000394424
0.000389626
0.000384824
0.000380015
0.0003752
0.000370378
0.000365549
0.000360714
0.000355871
0.000351021
0.000346164
0.000341299
0.000336426
0.000331546
0.000326658
0.000321763
0.00031686
0.000311949
0.000307031
0.000302105
0.000297171
0.00029223
0.000287282
0.000282326
0.000277364
0.000272394
0.000267417
0.000262433
0.000257443
0.000252446
0.000247442
0.000242432
0.000237416
0.000232394
0.000227366
0.000222333
0.000217294
0.000212249
0.000207199
0.000202144
0.000197084
0.000192019
0.00018695
0.000181876
0.000176798
0.000171715
0.000166629
0.000161539
0.000156445
0.000151347
0.000146247
0.000141142
0.000136035
0.000130925
0.000125812
0.000120696
0.000115578
0.000110457
0.000105334
0.000100209
9.50821e-05
8.9953e-05
8.48222e-05
7.96896e-05
7.45555e-05
6.942e-05
6.42831e-05
5.9145e-05
5.40058e-05
4.88656e-05
4.37245e-05
3.85826e-05
3.344e-05
2.82969e-05
2.31532e-05
1.80091e-05
1.28647e-05
7.72094e-06
2.57699e-06
)
;

boundaryField
{
    frontWall
    {
        type            empty;
    }
    backWall
    {
        type            empty;
    }
    sideWall
    {
        type            zeroGradient;
    }
    outlet
    {
        type            fixedValue;
        value           uniform 0;
    }
    inlet
    {
        type            zeroGradient;
    }
}


// ************************************************************************* //
