/*--------------------------------*- C++ -*----------------------------------*\
  =========                 |
  \\      /  F ield         | OpenFOAM: The Open Source CFD Toolbox
   \\    /   O peration     | Website:  https://openfoam.org
    \\  /    A nd           | Version:  13
     \\/     M anipulation  |
\*---------------------------------------------------------------------------*/
FoamFile
{
    format      ascii;
    class       volScalarField;
    location    "18";
    object      p;
}
// * * * * * * * * * * * * * * * * * * * * * * * * * * * * * * * * * * * * * //

dimensions      [0 2 -2 0 0 0 0];

internalField   nonuniform List<scalar> 
6440
(
140.179
140.184
140.202
140.23
140.254
140.257
140.229
140.176
140.107
140.039
139.984
139.953
139.948
139.972
140.022
140.093
140.176
140.258
140.324
140.364
140.381
140.388
140.397
140.409
140.421
140.165
140.168
140.18
140.199
140.206
140.187
140.138
140.07
139.996
139.929
139.879
139.857
139.865
139.901
139.963
140.045
140.142
140.238
140.319
140.373
140.395
140.399
140.403
140.414
140.43
140.147
140.153
140.154
140.142
140.109
140.055
139.985
139.908
139.833
139.771
139.731
139.719
139.736
139.782
139.854
139.946
140.048
140.15
140.242
140.315
140.366
140.399
140.421
140.443
140.464
140.133
140.135
140.109
140.048
139.969
139.88
139.787
139.696
139.615
139.554
139.521
139.52
139.553
139.618
139.71
139.82
139.936
140.05
140.155
140.249
140.33
140.398
140.45
140.489
140.512
140.115
140.101
140.026
139.915
139.794
139.671
139.55
139.438
139.344
139.279
139.249
139.263
139.32
139.418
139.546
139.688
139.829
139.964
140.091
140.209
140.318
140.413
140.489
140.539
140.559
140.051
140.005
139.888
139.741
139.584
139.424
139.268
139.127
139.015
138.944
138.921
138.951
139.037
139.178
139.357
139.545
139.726
139.893
140.05
140.197
140.332
140.45
140.537
140.591
140.603
139.903
139.835
139.697
139.527
139.336
139.132
138.929
138.748
138.612
138.542
138.541
138.607
138.739
138.935
139.168
139.407
139.632
139.84
140.033
140.211
140.374
140.514
140.606
140.643
140.639
139.706
139.628
139.483
139.294
139.068
138.817
138.559
138.326
138.157
138.088
138.128
138.257
138.458
138.718
139.009
139.298
139.568
139.816
140.044
140.255
140.45
140.607
140.672
140.677
140.655
139.528
139.444
139.299
139.095
138.844
138.559
138.268
138.01
137.834
137.778
137.85
138.025
138.28
138.588
138.919
139.246
139.552
139.832
140.09
140.33
140.547
140.694
140.714
140.677
140.646
139.437
139.348
139.204
138.997
138.739
138.452
138.17
137.943
137.806
137.767
137.819
137.984
138.249
138.577
138.93
139.275
139.598
139.89
140.158
140.41
140.623
140.728
140.703
140.648
140.617
139.49
139.398
139.254
139.045
138.783
138.497
138.224
138.011
137.893
137.873
137.953
138.129
138.382
138.691
139.026
139.358
139.67
139.955
140.216
140.454
140.63
140.684
140.644
140.601
140.578
139.709
139.617
139.461
139.237
138.962
138.67
138.403
138.202
138.09
138.075
138.158
138.318
138.542
138.823
139.133
139.441
139.731
140.001
140.244
140.445
140.566
140.585
140.56
140.539
140.531
140.081
139.979
139.796
139.541
139.239
138.929
138.653
138.446
138.325
138.298
138.358
138.489
138.687
138.943
139.228
139.513
139.784
140.031
140.239
140.385
140.455
140.47
140.471
140.463
140.476
140.54
140.413
140.192
139.896
139.558
139.218
138.918
138.692
138.554
138.509
138.545
138.652
138.827
139.058
139.319
139.583
139.83
140.042
140.198
140.29
140.335
140.37
140.388
140.389
140.425
140.956
140.807
140.553
140.225
139.855
139.485
139.156
138.903
138.743
138.676
138.69
138.778
138.934
139.146
139.392
139.639
139.859
140.024
140.124
140.183
140.235
140.291
140.326
140.343
140.409
141.216
141.061
140.795
140.455
140.073
139.688
139.338
139.059
138.87
138.773
138.764
138.836
138.979
139.183
139.421
139.654
139.841
139.959
140.024
140.078
140.153
140.237
140.304
140.359
140.467
141.32
141.156
140.887
140.555
140.189
139.815
139.467
139.173
138.961
138.837
138.81
138.862
138.997
139.194
139.425
139.642
139.79
139.875
139.931
140.006
140.109
140.227
140.35
140.469
140.628
141.273
141.096
140.832
140.518
140.176
139.832
139.502
139.216
138.992
138.866
138.82
138.853
138.962
139.14
139.348
139.531
139.669
139.754
139.841
139.954
140.101
140.275
140.468
140.663
140.887
141.08
140.894
140.642
140.347
140.037
139.723
139.424
139.155
138.938
138.785
138.706
138.709
138.804
138.969
139.161
139.351
139.504
139.639
139.772
139.931
140.121
140.348
140.602
140.883
141.159
140.791
140.607
140.373
140.101
139.817
139.534
139.261
139.011
138.797
138.635
138.541
138.541
138.64
138.814
139.026
139.236
139.429
139.6
139.767
139.948
140.155
140.384
140.656
140.949
141.229
140.479
140.317
140.108
139.864
139.614
139.362
139.119
138.893
138.695
138.538
138.443
138.439
138.544
138.734
138.968
139.199
139.411
139.598
139.77
139.944
140.133
140.336
140.537
140.697
140.714
140.203
140.077
139.896
139.689
139.474
139.261
139.055
138.862
138.689
138.547
138.45
138.424
138.506
138.719
138.975
139.21
139.412
139.593
139.757
139.912
140.072
140.234
140.379
140.464
140.431
139.998
139.9
139.749
139.577
139.401
139.226
139.057
138.897
138.747
138.618
138.527
138.504
138.604
138.828
139.087
139.299
139.472
139.632
139.773
139.896
140.014
140.13
140.227
140.273
140.239
139.864
139.789
139.666
139.53
139.393
139.26
139.134
139.016
138.907
138.814
138.754
138.762
138.861
139.043
139.249
139.423
139.563
139.688
139.795
139.88
139.953
140.027
140.091
140.12
140.097
139.785
139.736
139.646
139.548
139.455
139.371
139.294
139.223
139.156
139.098
139.068
139.08
139.157
139.287
139.437
139.568
139.672
139.756
139.823
139.871
139.909
139.948
139.984
139.998
139.98
139.741
139.715
139.665
139.614
139.571
139.537
139.51
139.48
139.446
139.416
139.397
139.406
139.446
139.526
139.628
139.714
139.777
139.819
139.85
139.868
139.882
139.897
139.91
139.912
139.892
139.715
139.705
139.693
139.69
139.698
139.712
139.727
139.733
139.729
139.72
139.703
139.68
139.676
139.701
139.749
139.795
139.827
139.847
139.858
139.862
139.861
139.862
139.862
139.852
139.83
139.695
139.695
139.707
139.741
139.788
139.84
139.889
139.928
139.94
139.916
139.862
139.801
139.759
139.751
139.774
139.805
139.827
139.842
139.849
139.851
139.848
139.843
139.833
139.815
139.788
139.673
139.677
139.7
139.75
139.816
139.887
139.954
139.984
139.966
139.913
139.856
139.801
139.76
139.741
139.748
139.768
139.794
139.816
139.83
139.835
139.832
139.823
139.807
139.784
139.752
139.649
139.649
139.669
139.718
139.783
139.846
139.895
139.909
139.889
139.851
139.807
139.764
139.728
139.708
139.705
139.723
139.752
139.78
139.798
139.805
139.801
139.789
139.768
139.739
139.694
139.621
139.612
139.616
139.64
139.668
139.697
139.736
139.77
139.777
139.765
139.746
139.722
139.696
139.674
139.664
139.678
139.708
139.736
139.753
139.758
139.752
139.734
139.705
139.661
139.599
139.592
139.573
139.553
139.536
139.522
139.534
139.584
139.634
139.66
139.674
139.678
139.673
139.656
139.632
139.617
139.628
139.655
139.681
139.695
139.696
139.684
139.657
139.615
139.555
139.474
139.563
139.54
139.509
139.467
139.425
139.418
139.453
139.493
139.531
139.568
139.596
139.611
139.605
139.581
139.564
139.571
139.594
139.615
139.624
139.618
139.596
139.559
139.504
139.43
139.335
139.549
139.527
139.493
139.433
139.364
139.32
139.318
139.341
139.388
139.449
139.504
139.541
139.548
139.529
139.512
139.514
139.53
139.543
139.544
139.528
139.495
139.447
139.381
139.297
139.192
139.557
139.531
139.489
139.413
139.306
139.218
139.18
139.191
139.246
139.325
139.406
139.467
139.489
139.478
139.462
139.459
139.466
139.469
139.458
139.431
139.388
139.33
139.256
139.163
139.05
139.588
139.547
139.487
139.386
139.247
139.122
139.065
139.069
139.124
139.215
139.315
139.394
139.431
139.43
139.417
139.408
139.405
139.395
139.371
139.333
139.281
139.215
139.133
139.033
138.912
139.63
139.571
139.488
139.363
139.199
139.063
139.007
139.002
139.045
139.135
139.243
139.334
139.38
139.387
139.374
139.36
139.345
139.323
139.287
139.239
139.179
139.104
139.015
138.906
138.778
139.679
139.605
139.499
139.357
139.19
139.062
139.002
138.988
139.019
139.099
139.203
139.292
139.34
139.35
139.337
139.317
139.29
139.255
139.209
139.152
139.083
139
138.902
138.786
138.649
139.731
139.649
139.525
139.383
139.224
139.102
139.042
139.025
139.045
139.107
139.195
139.273
139.314
139.321
139.305
139.277
139.24
139.194
139.137
139.071
138.994
138.903
138.797
138.672
138.528
139.789
139.704
139.572
139.435
139.294
139.182
139.124
139.105
139.114
139.152
139.218
139.276
139.304
139.303
139.278
139.242
139.195
139.139
139.074
138.999
138.913
138.814
138.7
138.568
138.416
139.858
139.776
139.641
139.513
139.391
139.3
139.248
139.225
139.215
139.227
139.265
139.3
139.309
139.293
139.258
139.212
139.156
139.091
139.018
138.935
138.841
138.735
138.613
138.473
138.314
139.942
139.865
139.735
139.617
139.52
139.452
139.409
139.376
139.342
139.325
139.335
139.34
139.327
139.292
139.245
139.188
139.123
139.052
138.971
138.88
138.778
138.664
138.534
138.389
138.223
140.039
139.971
139.852
139.754
139.68
139.632
139.593
139.547
139.491
139.444
139.419
139.393
139.354
139.299
139.24
139.172
139.099
139.02
138.932
138.833
138.724
138.602
138.467
138.314
138.144
140.129
140.08
139.986
139.911
139.862
139.826
139.785
139.733
139.656
139.574
139.51
139.448
139.383
139.315
139.244
139.164
139.083
138.995
138.899
138.793
138.677
138.549
138.407
138.251
138.075
140.187
140.162
140.108
140.067
140.04
140.012
139.971
139.924
139.823
139.702
139.596
139.501
139.419
139.339
139.25
139.162
139.072
138.976
138.872
138.76
138.638
138.504
138.358
138.196
138.019
140.213
140.204
140.191
140.189
140.188
140.173
140.149
140.106
139.968
139.81
139.671
139.557
139.456
139.358
139.261
139.165
139.066
138.962
138.852
138.733
138.605
138.467
138.317
138.153
137.972
140.22
140.215
140.224
140.261
140.289
140.296
140.306
140.243
140.07
139.887
139.731
139.607
139.492
139.382
139.275
139.17
139.063
138.952
138.835
138.712
138.58
138.438
138.285
138.118
137.936
140.226
140.215
140.232
140.294
140.353
140.389
140.413
140.31
140.126
139.935
139.78
139.646
139.52
139.402
139.288
139.175
139.061
138.945
138.823
138.695
138.56
138.415
138.259
138.092
137.91
140.235
140.22
140.241
140.313
140.388
140.453
140.454
140.326
140.143
139.962
139.811
139.671
139.54
139.417
139.297
139.18
139.061
138.94
138.815
138.683
138.545
138.399
138.242
138.073
137.892
140.251
140.237
140.261
140.331
140.394
140.464
140.438
140.312
140.134
139.971
139.825
139.684
139.552
139.426
139.304
139.183
139.061
138.937
138.809
138.675
138.536
138.388
138.23
138.063
137.883
140.275
140.262
140.281
140.333
140.388
140.418
140.388
140.27
140.104
139.962
139.823
139.687
139.557
139.431
139.308
139.185
139.062
138.935
138.806
138.671
138.53
138.382
138.225
138.058
137.881
140.298
140.284
140.29
140.309
140.364
140.374
140.334
140.21
140.074
139.944
139.813
139.683
139.557
139.433
139.31
139.187
139.062
138.935
138.804
138.669
138.528
138.381
138.225
138.06
137.885
140.315
140.3
140.288
140.283
140.309
140.323
140.273
140.153
140.042
139.922
139.799
139.676
139.554
139.432
139.31
139.187
139.063
138.936
138.805
138.67
138.53
138.383
138.229
138.066
137.895
140.328
140.312
140.284
140.272
140.265
140.274
140.21
140.113
140.012
139.899
139.784
139.667
139.549
139.429
139.309
139.188
139.064
138.938
138.807
138.673
138.534
138.389
138.237
138.078
137.909
140.338
140.323
140.289
140.275
140.264
140.244
140.164
140.088
139.987
139.879
139.769
139.657
139.542
139.426
139.308
139.188
139.065
138.94
138.811
138.678
138.541
138.398
138.249
138.092
137.929
140.347
140.334
140.304
140.288
140.275
140.227
140.143
140.063
139.966
139.863
139.757
139.648
139.536
139.422
139.306
139.188
139.067
138.944
138.816
138.685
138.55
138.409
138.263
138.111
137.951
140.356
140.348
140.327
140.313
140.288
140.213
140.137
140.047
139.95
139.85
139.746
139.64
139.531
139.419
139.305
139.189
139.07
138.948
138.823
138.694
138.561
138.423
138.281
138.131
137.977
140.367
140.364
140.355
140.346
140.299
140.202
140.129
140.035
139.938
139.839
139.737
139.633
139.526
139.417
139.305
139.19
139.073
138.953
138.83
138.704
138.573
138.439
138.299
138.155
138.005
140.378
140.379
140.384
140.375
140.304
140.199
140.117
140.024
139.928
139.83
139.73
139.627
139.522
139.414
139.305
139.192
139.077
138.96
138.839
138.715
138.587
138.456
138.321
138.18
138.035
140.385
140.389
140.403
140.389
140.3
140.205
140.111
140.016
139.92
139.822
139.723
139.621
139.518
139.413
139.305
139.195
139.082
138.966
138.848
138.727
138.602
138.474
138.342
138.207
138.066
140.388
140.392
140.406
140.386
140.286
140.201
140.104
140.007
139.911
139.815
139.716
139.617
139.515
139.411
139.306
139.197
139.087
138.974
138.858
138.74
138.618
138.494
138.366
138.234
138.099
140.388
140.392
140.401
140.37
140.264
140.182
140.091
139.997
139.903
139.807
139.71
139.612
139.512
139.41
139.306
139.2
139.092
138.981
138.868
138.753
138.635
138.514
138.39
138.263
138.132
140.384
140.393
140.394
140.343
140.247
140.166
140.077
139.986
139.893
139.799
139.704
139.607
139.509
139.409
139.307
139.204
139.098
138.989
138.879
138.767
138.652
138.534
138.415
138.291
138.166
140.378
140.389
140.388
140.318
140.237
140.152
140.063
139.974
139.883
139.791
139.697
139.602
139.506
139.408
139.308
139.207
139.103
138.998
138.89
138.781
138.669
138.555
138.439
138.321
138.199
140.368
140.379
140.38
140.292
140.218
140.136
140.049
139.962
139.873
139.782
139.69
139.597
139.503
139.407
139.309
139.21
139.109
139.006
138.901
138.795
138.686
138.576
138.464
138.349
138.233
140.357
140.367
140.358
140.263
140.196
140.117
140.033
139.948
139.861
139.773
139.683
139.592
139.499
139.405
139.31
139.213
139.114
139.014
138.912
138.808
138.703
138.597
138.488
138.378
138.266
140.345
140.356
140.327
140.239
140.172
140.097
140.017
139.935
139.85
139.763
139.675
139.586
139.495
139.403
139.31
139.216
139.119
139.022
138.923
138.822
138.72
138.617
138.513
138.406
138.299
140.333
140.346
140.297
140.226
140.153
140.079
140.001
139.921
139.837
139.753
139.667
139.579
139.491
139.401
139.31
139.218
139.124
139.029
138.933
138.836
138.737
138.638
138.536
138.435
138.331
140.322
140.337
140.27
140.214
140.137
140.061
139.985
139.906
139.825
139.742
139.657
139.572
139.486
139.398
139.31
139.22
139.129
139.037
138.943
138.849
138.753
138.657
138.56
138.461
138.362
140.318
140.331
140.245
140.195
140.121
140.044
139.969
139.891
139.812
139.73
139.648
139.565
139.481
139.395
139.309
139.222
139.133
139.043
138.953
138.861
138.769
138.677
138.583
138.488
138.392
140.322
140.325
140.224
140.175
140.102
140.027
139.952
139.876
139.798
139.718
139.638
139.557
139.475
139.392
139.308
139.223
139.137
139.05
138.962
138.874
138.785
138.695
138.605
138.514
138.422
140.331
140.316
140.21
140.155
140.083
140.009
139.935
139.859
139.783
139.705
139.627
139.548
139.468
139.387
139.306
139.223
139.14
139.056
138.971
138.885
138.799
138.713
138.626
138.539
138.45
140.331
140.299
140.198
140.133
140.062
139.989
139.916
139.842
139.767
139.691
139.615
139.538
139.461
139.382
139.303
139.223
139.142
139.061
138.979
138.896
138.814
138.73
138.647
138.562
138.478
140.318
140.274
140.182
140.109
140.038
139.966
139.895
139.823
139.75
139.676
139.603
139.528
139.453
139.377
139.3
139.223
139.144
139.066
138.986
138.907
138.827
138.747
138.666
138.586
138.504
140.294
140.237
140.156
140.081
140.011
139.941
139.872
139.802
139.731
139.66
139.589
139.517
139.444
139.371
139.296
139.222
139.146
139.07
138.993
138.916
138.84
138.762
138.685
138.607
138.529
140.255
140.188
140.118
140.047
139.98
139.913
139.847
139.78
139.712
139.643
139.575
139.505
139.435
139.364
139.292
139.22
139.147
139.073
139
138.926
138.851
138.777
138.702
138.628
138.553
140.198
140.132
140.074
140.008
139.946
139.883
139.82
139.756
139.691
139.626
139.559
139.493
139.425
139.356
139.287
139.218
139.147
139.076
139.005
138.934
138.863
138.791
138.72
138.648
138.576
140.133
140.076
140.025
139.966
139.91
139.851
139.792
139.732
139.67
139.608
139.544
139.48
139.415
139.349
139.282
139.215
139.147
139.079
139.011
138.942
138.873
138.804
138.735
138.667
138.598
140.066
140.019
139.975
139.924
139.872
139.819
139.764
139.707
139.649
139.589
139.528
139.467
139.404
139.341
139.277
139.212
139.147
139.081
139.015
138.949
138.883
138.817
138.751
138.684
138.619
140.002
139.963
139.927
139.881
139.836
139.787
139.736
139.682
139.627
139.571
139.513
139.454
139.394
139.333
139.272
139.21
139.147
139.083
139.02
138.956
138.893
138.829
138.765
138.702
138.638
139.942
139.911
139.88
139.84
139.799
139.755
139.708
139.658
139.606
139.552
139.497
139.441
139.384
139.325
139.266
139.207
139.146
139.085
139.024
138.963
138.901
138.84
138.779
138.718
138.657
139.888
139.862
139.836
139.801
139.765
139.724
139.681
139.634
139.585
139.534
139.482
139.428
139.374
139.318
139.261
139.203
139.145
139.087
139.028
138.969
138.91
138.851
138.792
138.733
138.675
139.838
139.816
139.794
139.764
139.731
139.694
139.654
139.611
139.565
139.517
139.467
139.416
139.364
139.31
139.256
139.2
139.144
139.088
139.031
138.974
138.918
138.861
138.804
138.748
138.691
139.794
139.775
139.756
139.729
139.7
139.666
139.629
139.588
139.545
139.5
139.453
139.404
139.354
139.302
139.25
139.197
139.143
139.089
139.034
138.98
138.925
138.87
138.816
138.761
138.707
139.754
139.738
139.721
139.697
139.671
139.639
139.605
139.567
139.526
139.483
139.438
139.392
139.344
139.295
139.245
139.194
139.142
139.09
139.037
138.984
138.932
138.879
138.826
138.773
138.721
139.719
139.704
139.69
139.667
139.644
139.615
139.583
139.547
139.509
139.468
139.425
139.381
139.335
139.288
139.239
139.19
139.14
139.09
139.039
138.988
138.938
138.887
138.836
138.785
138.734
139.687
139.675
139.662
139.641
139.619
139.592
139.563
139.529
139.492
139.454
139.413
139.37
139.326
139.281
139.234
139.187
139.139
139.09
139.041
138.992
138.943
138.894
138.845
138.795
138.747
139.66
139.649
139.637
139.618
139.598
139.572
139.544
139.512
139.478
139.44
139.401
139.36
139.318
139.274
139.23
139.184
139.138
139.091
139.043
138.996
138.948
138.901
138.853
138.805
138.758
139.636
139.626
139.615
139.597
139.579
139.555
139.528
139.498
139.464
139.429
139.391
139.352
139.311
139.269
139.225
139.181
139.136
139.091
139.045
138.999
138.953
138.907
138.861
138.814
138.768
139.616
139.606
139.597
139.58
139.563
139.54
139.514
139.485
139.453
139.418
139.382
139.344
139.304
139.264
139.222
139.179
139.135
139.091
139.046
139.002
138.957
138.912
138.867
138.823
138.778
139.599
139.59
139.582
139.566
139.549
139.527
139.502
139.474
139.443
139.41
139.374
139.338
139.299
139.259
139.219
139.177
139.134
139.091
139.048
139.005
138.961
138.917
138.874
138.83
138.787
139.585
139.577
139.57
139.554
139.538
139.517
139.493
139.466
139.435
139.403
139.368
139.332
139.295
139.256
139.216
139.175
139.134
139.092
139.05
139.007
138.965
138.922
138.88
138.837
138.795
139.575
139.568
139.561
139.545
139.53
139.509
139.486
139.459
139.429
139.397
139.363
139.328
139.291
139.253
139.214
139.174
139.134
139.093
139.051
139.01
138.968
138.927
138.885
138.843
138.802
139.569
139.561
139.555
139.539
139.524
139.503
139.48
139.453
139.424
139.393
139.36
139.325
139.289
139.251
139.213
139.174
139.134
139.094
139.053
139.013
138.972
138.931
138.89
138.849
138.809
139.567
139.558
139.552
139.536
139.52
139.499
139.476
139.449
139.42
139.389
139.357
139.323
139.287
139.25
139.212
139.174
139.135
139.095
139.055
139.015
138.975
138.935
138.894
138.854
138.815
139.568
139.558
139.551
139.533
139.517
139.496
139.472
139.445
139.417
139.386
139.354
139.32
139.285
139.249
139.211
139.173
139.135
139.096
139.056
139.017
138.977
138.938
138.898
138.858
138.819
139.57
139.56
139.553
139.533
139.515
139.493
139.468
139.442
139.413
139.383
139.351
139.317
139.283
139.247
139.21
139.173
139.134
139.096
139.057
139.018
138.979
138.939
138.9
138.861
138.823
139.579
139.565
139.558
139.536
139.514
139.491
139.465
139.438
139.409
139.379
139.347
139.314
139.28
139.245
139.208
139.171
139.133
139.095
139.057
139.018
138.979
138.94
138.901
138.863
138.825
139.618
139.584
139.567
139.541
139.515
139.489
139.462
139.435
139.406
139.376
139.344
139.311
139.277
139.242
139.206
139.17
139.132
139.094
139.056
139.017
138.979
138.94
138.901
138.863
138.825
139.693
139.614
139.573
139.542
139.515
139.488
139.461
139.433
139.404
139.374
139.343
139.31
139.276
139.241
139.205
139.169
139.131
139.094
139.056
139.017
138.978
138.94
138.901
138.863
138.826
139.999
139.993
139.981
139.968
139.955
139.944
139.936
139.932
139.93
139.929
139.929
139.927
139.924
139.92
139.919
139.92
139.923
139.921
139.915
139.905
139.895
139.885
139.879
139.877
139.878
140.004
139.995
139.981
139.967
139.955
139.946
139.941
139.938
139.936
139.934
139.931
139.926
139.92
139.914
139.912
139.913
139.915
139.915
139.911
139.901
139.889
139.879
139.875
139.875
139.876
140.018
140.007
139.993
139.978
139.965
139.955
139.947
139.941
139.933
139.922
139.907
139.892
139.879
139.87
139.868
139.871
139.878
139.886
139.891
139.89
139.883
139.875
139.871
139.871
139.872
140.038
140.029
140.018
140.005
139.989
139.972
139.952
139.928
139.9
139.866
139.829
139.791
139.762
139.748
139.747
139.755
139.773
139.799
139.826
139.848
139.861
139.867
139.869
139.868
139.868
140.058
140.053
140.047
140.036
140.017
139.988
139.95
139.902
139.845
139.779
139.709
139.642
139.592
139.565
139.56
139.571
139.604
139.654
139.709
139.761
139.806
139.841
139.863
139.867
139.863
140.074
140.073
140.07
140.061
140.039
140
139.945
139.875
139.79
139.694
139.592
139.496
139.421
139.38
139.374
139.395
139.44
139.502
139.572
139.646
139.717
139.778
139.831
139.86
139.859
140.084
140.086
140.086
140.08
140.058
140.012
139.945
139.859
139.755
139.636
139.51
139.392
139.3
139.252
139.247
139.271
139.32
139.388
139.468
139.554
139.639
139.713
139.778
139.835
139.85
140.088
140.091
140.095
140.093
140.075
140.029
139.956
139.861
139.748
139.619
139.482
139.35
139.247
139.189
139.177
139.198
139.247
139.317
139.402
139.494
139.587
139.671
139.74
139.797
139.827
140.087
140.09
140.096
140.1
140.09
140.05
139.979
139.884
139.77
139.639
139.499
139.363
139.251
139.183
139.162
139.173
139.218
139.29
139.378
139.473
139.567
139.653
139.724
139.774
139.8
140.083
140.086
140.093
140.099
140.096
140.07
140.01
139.923
139.815
139.69
139.556
139.421
139.302
139.218
139.183
139.194
139.24
139.312
139.398
139.49
139.581
139.663
139.729
139.774
139.796
140.078
140.081
140.087
140.093
140.095
140.084
140.041
139.968
139.872
139.76
139.638
139.516
139.406
139.323
139.28
139.28
139.316
139.381
139.459
139.542
139.624
139.697
139.756
139.794
139.816
140.072
140.076
140.082
140.085
140.09
140.088
140.066
140.012
139.932
139.835
139.727
139.62
139.524
139.45
139.408
139.401
139.425
139.476
139.545
139.617
139.687
139.747
139.794
139.826
139.846
140.067
140.071
140.077
140.08
140.083
140.087
140.082
140.05
139.989
139.907
139.813
139.718
139.633
139.567
139.528
139.517
139.535
139.577
139.637
139.701
139.758
139.802
139.832
139.853
139.867
140.059
140.066
140.074
140.076
140.079
140.088
140.093
140.08
140.038
139.972
139.891
139.806
139.729
139.669
139.633
139.624
139.64
139.677
139.729
139.781
139.823
139.849
139.862
139.87
139.874
140.045
140.057
140.071
140.077
140.081
140.089
140.1
140.1
140.077
140.026
139.956
139.879
139.808
139.751
139.716
139.706
139.72
139.752
139.793
139.834
139.865
139.88
139.883
139.881
139.876
140.018
140.039
140.063
140.076
140.083
140.091
140.102
140.108
140.097
140.062
140.004
139.935
139.867
139.809
139.77
139.754
139.762
139.787
139.821
139.856
139.883
139.898
139.902
139.9
139.894
139.971
140.003
140.042
140.068
140.081
140.089
140.096
140.101
140.097
140.074
140.029
139.969
139.906
139.848
139.805
139.782
139.781
139.8
139.83
139.864
139.894
139.914
139.925
139.93
139.93
139.904
139.949
140.007
140.048
140.071
140.081
140.084
140.084
140.079
140.063
140.029
139.981
139.925
139.871
139.826
139.799
139.79
139.802
139.829
139.863
139.897
139.925
139.946
139.962
139.971
139.827
139.891
139.963
140.016
140.049
140.063
140.064
140.059
140.05
140.033
140.006
139.967
139.919
139.868
139.825
139.794
139.781
139.787
139.811
139.847
139.889
139.929
139.963
139.989
140.004
139.803
139.879
139.942
139.987
140.018
140.032
140.033
140.026
140.011
139.993
139.967
139.933
139.891
139.844
139.799
139.764
139.745
139.746
139.768
139.807
139.859
139.915
139.967
140.007
140.028
140.146
139.982
139.962
139.976
139.989
139.994
139.991
139.98
139.962
139.939
139.911
139.876
139.835
139.788
139.741
139.7
139.676
139.672
139.691
139.733
139.794
139.867
139.94
140.004
140.036
140.187
140.029
139.975
139.956
139.946
139.938
139.927
139.911
139.888
139.859
139.823
139.781
139.733
139.681
139.628
139.582
139.552
139.543
139.56
139.604
139.674
139.762
139.858
139.953
140.016
140.121
140.016
139.955
139.918
139.889
139.868
139.849
139.827
139.797
139.759
139.712
139.657
139.594
139.527
139.461
139.401
139.356
139.335
139.343
139.385
139.457
139.555
139.669
139.792
139.881
140.031
139.956
139.898
139.855
139.82
139.789
139.759
139.724
139.681
139.627
139.562
139.486
139.4
139.309
139.218
139.133
139.063
139.017
139.004
139.028
139.089
139.183
139.3
139.435
139.554
139.934
139.879
139.83
139.788
139.747
139.704
139.658
139.605
139.541
139.463
139.372
139.266
139.149
139.024
138.896
138.77
138.655
138.563
138.502
138.481
138.499
138.555
138.635
138.731
138.799
139.856
139.811
139.768
139.723
139.671
139.611
139.543
139.464
139.37
139.262
139.137
138.997
138.841
138.672
138.492
138.307
138.123
137.951
137.802
137.684
137.6
137.55
137.522
137.513
137.535
139.796
139.755
139.709
139.653
139.584
139.501
139.404
139.291
139.163
139.017
138.855
138.672
138.47
138.246
138.002
137.738
137.456
137.163
136.868
136.576
136.287
135.998
135.691
135.365
134.967
139.754
139.708
139.648
139.571
139.476
139.361
139.228
139.078
138.911
138.725
138.518
138.287
138.028
137.736
137.409
137.041
136.629
136.168
135.654
135.084
134.437
133.7
132.817
131.862
130.65
139.707
139.645
139.562
139.457
139.328
139.179
139.01
138.824
138.618
138.39
138.136
137.849
137.523
137.148
136.716
136.216
135.632
134.945
134.128
133.145
131.915
130.362
128.168
125.355
119.931
139.63
139.544
139.433
139.297
139.14
138.962
138.763
138.545
138.302
138.033
137.728
137.381
136.979
136.51
135.957
135.297
134.503
133.533
132.318
130.772
128.689
125.909
121.417
116.28
98.515
139.513
139.403
139.268
139.111
138.932
138.732
138.508
138.26
137.983
137.67
137.314
136.901
136.418
135.847
135.161
134.328
133.3
132.008
130.334
128.111
124.898
120.255
111.031
95.5801
38.5325
139.37
139.243
139.092
138.919
138.723
138.503
138.257
137.979
137.666
137.31
136.898
136.418
135.85
135.171
134.348
133.335
132.067
130.448
128.318
125.436
121.256
115.07
104.429
87.1505
58.3983
139.219
139.079
138.917
138.73
138.519
138.279
138.009
137.703
137.353
136.951
136.484
135.934
135.282
134.496
133.536
132.347
130.849
128.927
126.403
123.01
118.294
111.595
101.989
87.7531
70.6275
139.066
138.917
138.744
138.545
138.318
138.059
137.765
137.429
137.043
136.597
136.076
135.461
134.726
133.838
132.75
131.399
129.694
127.51
124.664
120.891
115.81
108.871
99.4174
86.27
69.4986
138.916
138.757
138.574
138.362
138.119
137.842
137.525
137.161
136.742
136.255
135.684
135.008
134.2
133.22
132.018
130.524
128.642
126.239
123.13
119.059
113.673
106.49
96.9461
84.2807
68.3321
138.769
138.601
138.407
138.183
137.925
137.63
137.292
136.904
136.454
135.931
135.317
134.589
133.716
132.658
131.36
129.747
127.72
125.141
121.824
117.514
111.879
104.479
94.8285
82.3652
66.9301
138.626
138.449
138.244
138.009
137.738
137.428
137.072
136.661
136.187
135.633
134.983
134.211
133.287
132.167
130.793
129.091
126.954
124.244
120.768
116.274
110.42
102.765
92.8232
79.9906
64.1751
138.489
138.303
138.089
137.843
137.561
137.238
136.867
136.439
135.944
135.367
134.689
133.886
132.923
131.759
130.335
128.572
126.364
123.569
119.987
115.357
109.316
101.383
91.0188
77.3285
60.362
138.36
138.166
137.944
137.689
137.398
137.064
136.681
136.241
135.731
135.137
134.441
133.617
132.633
131.445
129.996
128.207
125.97
123.141
119.504
114.794
108.562
100.325
89.3119
74.2699
55.4159
138.241
138.04
137.811
137.549
137.25
136.909
136.518
136.068
135.55
134.947
134.242
133.41
132.42
131.23
129.785
128.007
125.792
122.993
119.385
114.678
108.282
99.6936
87.2434
69.9747
46.5097
138.132
137.926
137.691
137.424
137.12
136.773
136.378
135.924
135.402
134.798
134.094
133.267
132.288
131.117
129.704
127.978
125.842
123.157
119.709
115.205
108.99
100.435
86.5358
66.788
30.289
138.036
137.825
137.585
137.314
137.007
136.659
136.262
135.809
135.29
134.691
133.997
133.187
132.233
131.102
129.748
128.111
126.107
123.619
120.475
116.425
110.988
103.58
91.6409
74.2025
26.3758
137.952
137.737
137.495
137.222
136.914
136.566
136.172
135.723
135.212
134.625
133.949
133.165
132.251
131.176
129.903
128.383
126.55
124.316
121.557
118.108
113.704
108.031
100.312
90.9214
72.2078
137.881
137.663
137.419
137.146
136.84
136.495
136.106
135.666
135.167
134.598
133.947
133.198
132.332
131.326
130.149
128.763
127.122
125.165
122.815
119.976
116.527
112.331
107.203
101.173
93.743
137.821
137.602
137.358
137.087
136.783
136.444
136.063
135.635
135.152
134.606
133.985
133.277
132.467
131.536
130.462
129.219
127.774
126.091
124.127
121.843
119.201
116.193
112.875
109.52
106.676
137.774
137.555
137.312
137.044
136.745
136.413
136.043
135.629
135.165
134.645
134.058
133.395
132.645
131.793
130.824
129.72
128.463
127.033
125.413
123.592
121.578
119.408
117.182
115.126
113.607
137.737
137.519
137.279
137.015
136.723
136.401
136.043
135.645
135.203
134.71
134.16
133.544
132.854
132.081
131.214
130.243
129.158
127.952
126.622
125.176
123.639
122.064
120.549
119.263
118.432
137.712
137.496
137.26
137.001
136.717
136.404
136.06
135.681
135.262
134.798
134.285
133.716
133.086
132.388
131.617
130.768
129.836
128.822
127.733
126.582
125.4
124.237
123.17
122.312
121.791
137.696
137.483
137.251
136.999
136.724
136.423
136.094
135.733
135.338
134.904
134.427
133.905
133.332
132.706
132.023
131.282
130.484
129.632
128.737
127.816
126.898
126.023
125.253
124.657
124.317
137.689
137.48
137.254
137.009
136.743
136.455
136.141
135.799
135.428
135.023
134.583
134.105
133.586
133.025
132.422
131.777
131.093
130.376
129.638
128.895
128.173
127.502
126.929
126.495
126.255
137.69
137.485
137.265
137.029
136.773
136.497
136.199
135.877
135.529
135.153
134.747
134.31
133.842
133.34
132.808
132.246
131.659
131.054
130.442
129.837
129.262
128.738
128.3
127.971
127.791
137.698
137.499
137.285
137.057
136.812
136.549
136.267
135.964
135.638
135.29
134.916
134.519
134.095
133.648
133.178
132.688
132.183
131.67
131.159
130.662
130.197
129.78
129.438
129.181
129.043
137.712
137.518
137.312
137.093
136.858
136.608
136.342
136.057
135.754
135.431
135.088
134.726
134.344
133.944
133.529
133.101
132.665
132.228
131.797
131.386
131.005
130.669
130.395
130.188
130.082
137.732
137.544
137.345
137.134
136.911
136.674
136.422
136.155
135.873
135.574
135.26
134.93
134.586
134.228
133.86
133.485
133.107
132.733
132.369
132.024
131.708
131.433
131.209
131.038
130.957
137.756
137.574
137.383
137.181
136.968
136.743
136.506
136.257
135.994
135.718
135.43
135.129
134.818
134.498
134.172
133.842
133.513
133.19
132.88
132.589
132.325
132.097
131.91
131.771
131.706
137.784
137.609
137.425
137.232
137.029
136.817
136.594
136.36
136.116
135.861
135.596
135.323
135.041
134.754
134.464
134.173
133.885
133.605
133.339
133.091
132.869
132.678
132.523
132.414
132.356
137.815
137.646
137.47
137.286
137.093
136.892
136.682
136.464
136.237
136.001
135.758
135.509
135.254
134.996
134.736
134.479
134.226
133.983
133.752
133.54
133.35
133.189
133.06
132.971
132.919
137.849
137.686
137.517
137.342
137.159
136.969
136.772
136.567
136.356
136.139
135.915
135.688
135.456
135.223
134.991
134.763
134.54
134.326
134.125
133.941
133.779
133.641
133.531
133.454
133.411
137.884
137.728
137.567
137.399
137.226
137.046
136.861
136.67
136.474
136.272
136.067
135.858
135.648
135.438
135.229
135.025
134.827
134.639
134.463
134.303
134.162
134.043
133.949
133.882
133.844
137.921
137.771
137.617
137.458
137.293
137.124
136.95
136.771
136.588
136.402
136.212
136.021
135.83
135.639
135.451
135.268
135.092
134.925
134.771
134.63
134.507
134.403
134.321
134.262
134.229
137.959
137.816
137.668
137.516
137.361
137.201
137.037
136.87
136.699
136.526
136.352
136.176
136.001
135.828
135.658
135.494
135.336
135.188
135.05
134.927
134.818
134.726
134.654
134.602
134.572
137.998
137.86
137.719
137.575
137.427
137.276
137.122
136.966
136.807
136.646
136.485
136.324
136.163
136.006
135.852
135.703
135.562
135.429
135.307
135.196
135.1
135.019
134.954
134.908
134.881
138.037
137.905
137.771
137.633
137.493
137.351
137.206
137.059
136.911
136.761
136.612
136.463
136.316
136.172
136.032
135.898
135.77
135.651
135.541
135.442
135.356
135.284
135.226
135.185
135.16
138.076
137.95
137.821
137.691
137.558
137.423
137.287
137.149
137.011
136.872
136.733
136.596
136.461
136.329
136.201
136.079
135.963
135.855
135.757
135.668
135.591
135.526
135.474
135.436
135.414
138.114
137.994
137.871
137.747
137.621
137.494
137.365
137.236
137.106
136.977
136.848
136.721
136.597
136.475
136.359
136.247
136.142
136.044
135.955
135.875
135.805
135.747
135.7
135.666
135.645
138.152
138.037
137.92
137.802
137.683
137.562
137.441
137.32
137.198
137.077
136.958
136.84
136.725
136.613
136.506
136.404
136.308
136.219
136.138
136.066
136.003
135.949
135.907
135.875
135.856
138.19
138.079
137.968
137.856
137.742
137.629
137.514
137.4
137.286
137.173
137.062
136.952
136.846
136.743
136.644
136.551
136.463
136.382
136.308
136.242
136.184
136.135
136.097
136.068
136.049
138.226
138.121
138.014
137.908
137.8
137.692
137.584
137.477
137.37
137.264
137.16
137.059
136.96
136.865
136.774
136.688
136.607
136.533
136.465
136.404
136.352
136.307
136.272
136.245
136.228
138.262
138.161
138.06
137.958
137.856
137.754
137.652
137.55
137.45
137.351
137.254
137.159
137.067
136.979
136.895
136.816
136.741
136.673
136.611
136.555
136.507
136.466
136.433
136.409
136.392
138.296
138.2
138.103
138.006
137.909
137.813
137.716
137.621
137.526
137.433
137.342
137.254
137.169
137.087
137.009
136.935
136.867
136.804
136.747
136.695
136.651
136.613
136.583
136.56
136.545
138.33
138.238
138.145
138.053
137.961
137.869
137.778
137.688
137.599
137.512
137.427
137.344
137.264
137.188
137.115
137.047
136.984
136.925
136.873
136.825
136.784
136.749
136.721
136.701
136.686
138.362
138.274
138.186
138.098
138.01
137.923
137.837
137.752
137.668
137.586
137.506
137.429
137.354
137.283
137.215
137.152
137.093
137.039
136.99
136.946
136.909
136.876
136.85
136.831
136.817
138.393
138.309
138.225
138.141
138.058
137.975
137.893
137.813
137.733
137.656
137.581
137.508
137.439
137.372
137.309
137.25
137.196
137.145
137.1
137.059
137.024
136.994
136.97
136.952
136.939
138.423
138.342
138.262
138.182
138.103
138.024
137.947
137.87
137.796
137.723
137.652
137.584
137.518
137.456
137.397
137.342
137.292
137.245
137.203
137.165
137.132
137.104
137.082
137.065
137.053
138.452
138.374
138.298
138.221
138.146
138.071
137.998
137.925
137.855
137.786
137.719
137.655
137.594
137.535
137.48
137.429
137.382
137.338
137.299
137.263
137.233
137.207
137.186
137.17
137.159
138.479
138.405
138.331
138.259
138.187
138.116
138.046
137.977
137.91
137.845
137.783
137.722
137.665
137.61
137.558
137.51
137.466
137.425
137.389
137.355
137.327
137.303
137.283
137.268
137.258
138.505
138.434
138.364
138.294
138.226
138.158
138.092
138.027
137.963
137.902
137.843
137.786
137.731
137.68
137.632
137.586
137.545
137.507
137.472
137.442
137.415
137.392
137.374
137.361
137.351
138.529
138.462
138.394
138.328
138.263
138.198
138.135
138.073
138.013
137.955
137.899
137.846
137.794
137.746
137.701
137.658
137.619
137.583
137.552
137.522
137.498
137.476
137.459
137.447
137.437
138.553
138.488
138.424
138.36
138.298
138.236
138.176
138.117
138.06
138.005
137.953
137.902
137.854
137.808
137.765
137.726
137.689
137.655
137.625
137.598
137.575
137.555
137.539
137.527
137.518
138.575
138.513
138.451
138.391
138.331
138.272
138.215
138.159
138.105
138.053
138.003
137.955
137.91
137.867
137.826
137.789
137.754
137.723
137.695
137.669
137.647
137.628
137.613
137.602
137.594
138.596
138.537
138.478
138.419
138.362
138.306
138.252
138.198
138.147
138.097
138.05
138.005
137.962
137.921
137.883
137.848
137.816
137.786
137.759
137.735
137.715
137.696
137.683
137.672
137.664
138.616
138.559
138.502
138.447
138.392
138.338
138.286
138.235
138.186
138.139
138.094
138.052
138.011
137.972
137.937
137.903
137.873
137.844
137.819
137.796
137.778
137.76
137.748
137.737
137.73
138.635
138.58
138.526
138.472
138.42
138.368
138.319
138.27
138.223
138.179
138.136
138.095
138.056
138.02
137.986
137.955
137.926
137.899
137.875
137.854
137.836
137.82
137.808
137.798
137.792
138.653
138.6
138.547
138.496
138.446
138.397
138.349
138.303
138.258
138.215
138.174
138.136
138.099
138.064
138.032
138.002
137.975
137.95
137.928
137.907
137.891
137.875
137.864
137.855
137.849
138.669
138.618
138.568
138.518
138.47
138.423
138.377
138.333
138.29
138.249
138.21
138.173
138.138
138.106
138.075
138.047
138.021
137.997
137.976
137.957
137.941
137.927
137.917
137.908
137.903
138.684
138.635
138.587
138.539
138.493
138.447
138.403
138.361
138.32
138.281
138.244
138.208
138.175
138.144
138.115
138.088
138.063
138.041
138.021
138.003
137.989
137.975
137.966
137.957
137.953
138.698
138.651
138.604
138.558
138.513
138.47
138.428
138.387
138.348
138.31
138.275
138.241
138.209
138.179
138.152
138.126
138.103
138.082
138.063
138.046
138.032
138.019
138.011
138.003
137.999
138.711
138.665
138.62
138.576
138.533
138.491
138.45
138.411
138.373
138.337
138.303
138.271
138.241
138.212
138.186
138.162
138.14
138.119
138.102
138.086
138.073
138.061
138.053
138.046
138.042
138.723
138.679
138.635
138.592
138.55
138.51
138.471
138.433
138.397
138.362
138.33
138.299
138.27
138.243
138.217
138.194
138.174
138.154
138.138
138.123
138.111
138.099
138.092
138.085
138.082
138.734
138.691
138.648
138.607
138.567
138.528
138.49
138.453
138.419
138.385
138.354
138.324
138.297
138.271
138.247
138.225
138.205
138.187
138.171
138.157
138.146
138.135
138.129
138.122
138.119
138.744
138.702
138.661
138.621
138.582
138.544
138.507
138.472
138.438
138.406
138.376
138.348
138.321
138.296
138.274
138.253
138.234
138.217
138.202
138.188
138.178
138.168
138.162
138.156
138.154
138.753
138.712
138.672
138.633
138.595
138.558
138.523
138.489
138.456
138.425
138.396
138.369
138.343
138.32
138.298
138.278
138.26
138.244
138.23
138.217
138.208
138.198
138.194
138.188
138.186
138.762
138.722
138.683
138.645
138.608
138.572
138.537
138.504
138.472
138.442
138.414
138.388
138.363
138.341
138.32
138.301
138.283
138.268
138.255
138.244
138.235
138.226
138.222
138.217
138.216
138.769
138.73
138.692
138.655
138.619
138.583
138.55
138.517
138.487
138.457
138.43
138.405
138.381
138.359
138.339
138.32
138.304
138.29
138.278
138.267
138.26
138.252
138.249
138.243
138.244
138.776
138.738
138.7
138.664
138.628
138.593
138.56
138.529
138.499
138.47
138.443
138.418
138.395
138.374
138.355
138.337
138.322
138.308
138.297
138.288
138.281
138.274
138.273
138.269
138.27
138.781
138.744
138.707
138.671
138.636
138.602
138.569
138.538
138.508
138.48
138.454
138.43
138.407
138.386
138.368
138.351
138.336
138.324
138.313
138.305
138.299
138.294
138.295
138.291
138.295
138.785
138.748
138.712
138.676
138.642
138.608
138.576
138.545
138.516
138.488
138.462
138.438
138.415
138.395
138.377
138.361
138.347
138.335
138.326
138.319
138.315
138.311
138.314
138.309
138.315
138.788
138.751
138.715
138.68
138.645
138.612
138.58
138.55
138.521
138.493
138.467
138.443
138.421
138.401
138.383
138.367
138.354
138.343
138.335
138.33
138.328
138.328
138.333
138.326
138.336
138.788
138.752
138.716
138.681
138.647
138.614
138.582
138.552
138.523
138.496
138.47
138.446
138.424
138.404
138.386
138.371
138.358
138.347
138.34
138.336
138.337
138.341
138.351
138.356
138.383
138.789
138.752
138.716
138.682
138.648
138.615
138.583
138.553
138.524
138.496
138.471
138.447
138.425
138.405
138.387
138.371
138.359
138.349
138.342
138.339
138.34
138.346
138.361
138.39
138.462
-84.2936
-57.6033
-32.4087
-32.6486
-37.3484
-36.7967
-33.2379
-30.9492
-30.7808
-31.6136
-32.5931
-33.5787
-34.5892
-35.5542
-36.3364
-36.7748
-36.7712
-36.2885
-35.3975
-34.3285
-33.4019
-32.8746
-32.9585
-33.34
-33.5553
-33.4662
-33.5141
-34.0308
-35.0005
-36.314
-37.7768
-39.2763
-40.7083
-42.0026
-43.1543
-44.1927
-45.0952
-45.826
-46.355
-46.6245
-46.4928
-45.7885
-44.4393
-42.4116
-39.8094
-36.7856
-33.5544
-30.4272
-27.5324
-24.7757
-22.0669
-19.8452
-19.4813
-23.5468
-35.6546
-54.3887
-71.072
-79.2327
-80.8456
-77.1118
-68.4346
-56.3409
-43.1817
-31.2097
-21.5949
-14.1219
-8.17511
-3.80753
-1.1814
-0.0677011
-0.151319
-1.094
-2.54372
-4.20872
-5.88432
-7.43487
-8.75799
-9.79903
-10.5508
-11.0188
-11.2288
-11.222
-11.0213
-10.6263
-10.0411
-9.31191
-8.53539
-7.82989
-7.29159
-6.96461
-6.83079
-6.8268
-6.87383
-6.90136
-6.8686
-6.76882
-6.62908
-6.49361
-6.40594
-6.39364
-6.45567
-6.54159
-6.57396
-6.47138
-6.16435
-5.62461
-4.86448
-3.93796
-2.92937
-1.92978
-1.01277
-0.230581
0.390218
0.839269
1.12206
1.23854
1.22391
1.02891
0.802637
0.251307
0.712502
-15.5867
-16.3009
-24.4551
-31.5677
-33.2826
-31.7516
-31.1752
-31.8939
-33.0948
-34.3119
-35.4935
-36.703
-37.9203
-39.0095
-39.7891
-40.0848
-39.7915
-38.8705
-37.4693
-35.9077
-34.4972
-33.6083
-33.3607
-33.3399
-33.3148
-33.4374
-33.9627
-34.9342
-36.2534
-37.7147
-39.2174
-40.7093
-42.1329
-43.4165
-44.5058
-45.4037
-46.1189
-46.632
-46.9019
-46.7784
-46.0889
-44.7557
-42.7204
-40.0308
-36.9045
-33.5601
-30.2184
-27.052
-24.1219
-21.4681
-19.7336
-20.4325
-27.1127
-42.5111
-61.572
-74.733
-79.5814
-80.2756
-76.7568
-69.0742
-58.2645
-45.9728
-34.0954
-23.9346
-15.9263
-9.88346
-5.55525
-2.89923
-1.70475
-1.65616
-2.42445
-3.69243
-5.19385
-6.73488
-8.18046
-9.4476
-10.4759
-11.2206
-11.6638
-11.8154
-11.7182
-11.4105
-10.909
-10.2314
-9.43057
-8.60089
-7.85477
-7.27872
-6.91204
-6.74052
-6.70574
-6.72819
-6.74371
-6.71306
-6.6318
-6.52192
-6.42385
-6.37947
-6.40716
-6.49222
-6.58553
-6.61346
-6.48865
-6.15261
-5.58276
-4.79958
-3.87329
-2.88457
-1.91487
-1.02996
-0.275993
0.325696
0.763703
1.04733
1.1703
1.18616
1.00249
0.916019
0.158632
40.3736
13.617
-0.997404
-11.2601
-19.7317
-25.0855
-27.8974
-30.2959
-32.6441
-34.6775
-36.4218
-38.0095
-39.6274
-41.3159
-42.9656
-44.4085
-45.4805
-46.0478
-46.0325
-45.4103
-44.302
-42.8644
-41.1392
-39.4994
-38.086
-36.9154
-36.0906
-35.7593
-35.9945
-36.7419
-37.8362
-39.1542
-40.5823
-42.0069
-43.2936
-44.3746
-45.2642
-45.9864
-46.5068
-46.7555
-46.5744
-45.8112
-44.3756
-42.247
-39.5552
-36.5294
-33.3415
-30.1024
-27.0322
-24.3018
-22.0069
-20.6493
-21.6453
-28.9804
-44.0271
-61.56
-74.0096
-79.042
-79.8218
-77.1188
-70.2588
-59.9662
-48.1169
-36.6124
-26.7322
-18.9525
-13.1073
-8.98118
-6.41166
-5.15389
-4.91732
-5.42027
-6.40334
-7.64285
-8.96319
-10.2329
-11.3534
-12.2502
-12.8673
-13.1724
-13.167
-12.8876
-12.3794
-11.6766
-10.8166
-9.86164
-8.90482
-8.04374
-7.35514
-6.87516
-6.59735
-6.47306
-6.43148
-6.41946
-6.39704
-6.34707
-6.27811
-6.2214
-6.2077
-6.24145
-6.28916
-6.31584
-6.25423
-6.0448
-5.65659
-5.08835
-4.36958
-3.55426
-2.70479
-1.88065
-1.13038
-0.486683
0.0331491
0.423332
0.689276
0.822983
0.871163
0.743536
0.696081
0.0685591
46.0094
22.0445
5.22877
-6.69354
-16.6957
-24.4292
-29.5254
-32.7983
-35.4362
-37.6256
-39.4639
-41.2292
-43.1737
-45.3396
-47.6099
-49.7906
-51.5979
-52.7774
-53.2368
-52.8815
-51.637
-49.626
-47.0692
-44.249
-41.5584
-39.1665
-37.2468
-35.9865
-35.4693
-35.5745
-36.0775
-36.8225
-37.7134
-38.688
-39.6914
-40.6348
-41.457
-42.145
-42.6545
-42.8974
-42.7714
-42.1755
-41.0749
-39.4303
-37.3019
-34.8454
-32.1724
-29.4104
-26.8457
-24.8276
-23.4131
-22.9491
-24.8559
-31.463
-43.2281
-56.6215
-67.2154
-72.8206
-74.3366
-72.1437
-66.1234
-57.166
-47.0098
-37.1661
-28.6383
-21.8166
-16.6244
-12.9136
-10.5167
-9.22512
-8.80898
-9.04877
-9.74461
-10.7189
-11.8192
-12.917
-13.9026
-14.6815
-15.1698
-15.3118
-15.0953
-14.5534
-13.75
-12.7472
-11.6097
-10.4176
-9.26354
-8.23033
-7.38371
-6.75739
-6.34458
-6.10263
-5.97423
-5.90594
-5.86355
-5.81841
-5.76983
-5.73565
-5.72609
-5.73217
-5.72758
-5.6826
-5.55817
-5.32286
-4.96089
-4.47606
-3.8904
-3.23931
-2.56373
-1.90639
-1.30028
-0.769088
-0.326368
0.0223894
0.279576
0.433991
0.50389
0.447808
0.352356
0.109208
48.8673
28.392
10.8909
-3.0181
-14.4216
-23.3516
-29.5789
-33.6854
-36.6075
-38.8917
-40.8906
-43.0238
-45.567
-48.5289
-51.7483
-54.9559
-57.7457
-59.8076
-60.9407
-60.9007
-59.5486
-57.0179
-53.5979
-49.6527
-45.5728
-41.7109
-38.3348
-35.6492
-33.7677
-32.6698
-32.2574
-32.4086
-33.0044
-33.9022
-34.9813
-36.1044
-37.1264
-37.9547
-38.5719
-38.9686
-39.0706
-38.7951
-38.1073
-36.9695
-35.4203
-33.5601
-31.5126
-29.4457
-27.5977
-26.2029
-25.448
-25.8109
-28.3058
-33.9551
-42.7409
-52.5141
-60.5978
-65.3292
-66.5061
-64.3658
-59.32
-52.1181
-43.9717
-36.2647
-29.5972
-24.062
-19.7273
-16.5452
-14.4093
-13.1733
-12.6706
-12.7389
-13.2347
-14.0254
-14.9868
-15.9948
-16.9265
-17.6519
-18.048
-18.0273
-17.561
-16.6939
-15.5268
-14.1538
-12.6666
-11.1706
-9.75974
-8.50208
-7.44568
-6.62356
-6.02987
-5.6296
-5.37183
-5.2018
-5.08334
-4.99497
-4.92037
-4.86121
-4.82062
-4.79081
-4.75582
-4.69482
-4.58152
-4.39536
-4.12406
-3.77186
-3.35457
-2.89172
-2.40324
-1.92181
-1.46955
-1.06032
-0.703064
-0.405369
-0.164839
-0.000603067
0.0791223
0.117393
0.031978
0.105567
48.6377
28.7832
10.2631
-5.09219
-17.387
-26.9257
-33.7303
-38.0733
-40.687
-42.3624
-43.8393
-45.813
-48.8047
-52.7322
-57.303
-62.1257
-66.2957
-69.4129
-71.3836
-71.6144
-69.7648
-66.1575
-61.2655
-55.5392
-49.4469
-43.6565
-38.6073
-34.5519
-31.5791
-29.6551
-28.6722
-28.4925
-28.9226
-29.7509
-30.8164
-31.9483
-33.0056
-33.9131
-34.6524
-35.2248
-35.589
-35.6764
-35.4289
-34.8081
-33.8623
-32.6905
-31.4067
-30.1332
-29.0143
-28.2038
-27.9755
-28.7977
-31.0786
-35.1425
-40.7698
-46.7313
-51.7285
-54.9794
-56.0346
-54.7283
-51.2662
-46.1971
-40.3753
-34.7901
-29.8015
-25.5268
-22.0885
-19.4969
-17.7115
-16.6421
-16.1662
-16.1689
-16.5618
-17.2624
-18.1778
-19.1964
-20.1791
-20.951
-21.3325
-21.1859
-20.4655
-19.2317
-17.6175
-15.777
-13.8531
-11.9684
-10.2198
-8.67349
-7.3692
-6.33063
-5.5394
-4.94239
-4.49961
-4.18886
-3.98327
-3.85985
-3.79173
-3.761
-3.7528
-3.74994
-3.73329
-3.69174
-3.61395
-3.49664
-3.3284
-3.11065
-2.85254
-2.56962
-2.25362
-1.9379
-1.62718
-1.32917
-1.04994
-0.790334
-0.555585
-0.35776
-0.21621
-0.0970019
-0.165769
0.0668304
45.4086
25.0719
6.07656
-9.94122
-22.8241
-32.2437
-38.6427
-42.6462
-44.5719
-45.4095
-46.1749
-47.7541
-50.9952
-56.1985
-63.0403
-70.4585
-76.9565
-81.67
-84.3709
-84.7899
-82.6292
-77.816
-70.8058
-62.6227
-53.6533
-45.2954
-38.1046
-32.4368
-28.3861
-25.8016
-24.449
-24.0938
-24.4727
-25.3313
-26.4594
-27.6852
-28.8827
-29.9899
-30.9852
-31.8549
-32.5557
-33.0206
-33.1679
-32.9742
-32.4656
-31.7183
-30.8447
-29.9681
-29.2155
-28.7456
-28.7616
-29.5063
-31.2
-33.9142
-37.466
-41.1406
-44.228
-46.3949
-47.1646
-46.252
-43.9283
-40.6129
-36.7653
-32.9047
-29.3458
-26.2553
-23.7181
-21.7674
-20.4214
-19.63
-19.2901
-19.3244
-19.6988
-20.4013
-21.3762
-22.5422
-23.7333
-24.7067
-25.1822
-24.9476
-23.9359
-22.2486
-20.0852
-17.6676
-15.1994
-12.8244
-10.6425
-8.71579
-7.08555
-5.76738
-4.74879
-3.98367
-3.43343
-3.06368
-2.83459
-2.70937
-2.66258
-2.66938
-2.70935
-2.76093
-2.80202
-2.81344
-2.78696
-2.72683
-2.64214
-2.53343
-2.39276
-2.22974
-2.05628
-1.88422
-1.7235
-1.56911
-1.401
-1.21108
-1.005
-0.796144
-0.593072
-0.394014
-0.402947
0.0685731
39.2965
16.3619
-3.3893
-19.5319
-34.0803
-43.8483
-48.752
-51.0355
-50.7269
-49.0376
-47.3458
-46.7787
-49.2781
-56.0593
-66.5823
-78.3355
-88.7518
-96.2178
-100.12
-100.319
-96.9603
-90.3849
-81.1536
-70.0529
-57.7658
-46.3167
-36.6472
-29.1983
-24.0371
-20.9069
-19.4243
-19.1879
-19.7863
-20.8556
-22.1351
-23.4786
-24.8256
-26.1522
-27.4537
-28.7002
-29.8111
-30.6905
-31.2544
-31.4672
-31.3584
-30.9945
-30.4725
-29.9048
-29.4093
-29.1113
-29.1463
-29.6517
-30.7373
-32.4277
-34.5825
-36.8393
-38.7756
-40.0595
-40.422
-39.7527
-38.1709
-35.9372
-33.382
-30.8236
-28.469
-26.4397
-24.7868
-23.5765
-22.8423
-22.4369
-22.259
-22.3213
-22.6837
-23.3978
-24.49
-25.9304
-27.5462
-28.9914
-29.8112
-29.5982
-28.2115
-25.8787
-22.9563
-19.757
-16.5697
-13.5578
-10.8231
-8.43747
-6.4439
-4.85117
-3.63488
-2.74748
-2.13603
-1.74798
-1.53496
-1.45258
-1.46201
-1.52677
-1.61696
-1.71347
-1.8076
-1.8814
-1.92742
-1.94216
-1.93933
-1.92607
-1.8994
-1.85672
-1.82514
-1.79311
-1.76058
-1.71842
-1.64503
-1.52479
-1.34757
-1.11449
-0.865139
-0.51588
-0.548326
0.00809197
27.9191
-4.07203
-26.5717
-39.8597
-51.5074
-59.1667
-62.3192
-61.6052
-58.0031
-53.9356
-49.9216
-46.2008
-47.13
-54.9157
-68.1043
-82.6741
-95.2235
-104.088
-109.315
-110.972
-108.725
-102.234
-91.5663
-77.3512
-61.594
-46.3962
-33.727
-24.3807
-18.2161
-14.7525
-13.4152
-13.5913
-14.6745
-16.1519
-17.6987
-19.2013
-20.7105
-22.2996
-23.9831
-25.6744
-27.2339
-28.5264
-29.4737
-30.0553
-30.3164
-30.309
-30.0979
-29.7708
-29.4312
-29.1826
-29.1331
-29.3808
-29.982
-30.9412
-32.1535
-33.3803
-34.3673
-34.9096
-34.889
-34.2918
-33.2286
-31.8903
-30.4768
-29.1055
-27.8438
-26.7493
-25.8658
-25.228
-24.8294
-24.6286
-24.6087
-24.8014
-25.2784
-26.1417
-27.5354
-29.533
-31.9101
-34.0866
-35.3622
-35.1675
-33.3724
-30.2341
-26.2173
-21.9578
-17.8668
-14.1139
-10.7474
-7.85621
-5.49093
-3.65616
-2.30208
-1.35777
-0.74241
-0.386789
-0.227568
-0.212754
-0.293751
-0.430812
-0.591442
-0.756348
-0.912864
-1.05345
-1.17455
-1.27655
-1.35902
-1.42654
-1.48805
-1.54295
-1.60496
-1.67638
-1.74304
-1.78209
-1.79089
-1.75475
-1.63952
-1.41756
-1.15569
-0.693279
-0.420426
0.0547764
4.7178
-30.6917
-46.7804
-55.3839
-61.6565
-66.1161
-67.0984
-64.3718
-58.9738
-53.8056
-50.6063
-49.04
-50.4862
-57.9699
-71.2109
-86.3152
-99.0473
-107.465
-111.89
-113.21
-111.557
-106.289
-96.6337
-81.6287
-63.1905
-44.6196
-29.3321
-18.4863
-11.6511
-8.12163
-7.21276
-8.14134
-10.0413
-12.1324
-13.9641
-15.5122
-17.037
-18.7989
-20.8445
-23.0045
-25.0297
-26.7326
-28.0336
-28.9485
-29.5376
-29.8523
-29.924
-29.7914
-29.5195
-29.2008
-28.9424
-28.8412
-28.9515
-29.2671
-29.704
-30.1156
-30.361
-30.3421
-30.0301
-29.4684
-28.7488
-27.9966
-27.3284
-26.7958
-26.4028
-26.1236
-25.9384
-25.8317
-25.7833
-25.7894
-25.8702
-26.0289
-26.3563
-27.0394
-28.421
-30.9465
-34.571
-38.3539
-40.9018
-41.1678
-38.9465
-34.7744
-29.5345
-24.0699
-18.8804
-14.2105
-10.1366
-6.72422
-4.02593
-2.02815
-0.636635
0.266637
0.796935
1.04798
1.09972
1.01745
0.85173
0.634685
0.389821
0.136194
-0.107155
-0.33494
-0.540865
-0.721917
-0.882354
-1.02762
-1.15902
-1.28049
-1.4033
-1.5392
-1.6782
-1.78748
-1.85438
-1.86029
-1.79446
-1.62803
-1.38873
-0.960349
-0.460108
-0.0620623
-29.0666
-48.2939
-50.7108
-55.7699
-61.1438
-64.9665
-66.0613
-64.2746
-60.209
-55.1678
-51.5888
-49.9764
-51.1328
-57.8403
-70.2332
-85.3134
-98.8011
-108.317
-113.464
-114.543
-111.863
-105.444
-94.8177
-79.8773
-61.0704
-40.9756
-24.3086
-12.6913
-5.5279
-2.04843
-1.67476
-3.62975
-6.66304
-9.53934
-11.6103
-13.0056
-14.3127
-16.0612
-18.3561
-20.9246
-23.3702
-25.4265
-27.0153
-28.1894
-29.0328
-29.5914
-29.8649
-29.849
-29.5758
-29.1334
-28.6404
-28.2071
-27.9006
-27.7233
-27.6098
-27.4597
-27.1733
-26.6872
-26.0419
-25.4042
-24.9151
-24.6907
-24.7428
-24.9977
-25.3305
-25.6182
-25.8009
-25.8976
-25.9265
-25.9357
-25.9581
-26.0224
-26.18
-26.6213
-27.8233
-30.3704
-34.3506
-38.8221
-42.1928
-43.1557
-41.2333
-36.8873
-31.2003
-25.154
-19.3739
-14.1367
-9.53301
-5.62011
-2.57212
-0.404133
1.01435
1.86223
2.2898
2.41683
2.33468
2.1183
1.82053
1.48136
1.12808
0.778803
0.442376
0.130383
-0.147772
-0.390419
-0.6056
-0.794804
-0.961663
-1.11311
-1.25978
-1.41696
-1.57829
-1.72537
-1.84126
-1.87828
-1.84625
-1.7219
-1.49027
-1.10254
-0.532296
-0.174461
-52.6782
-52.0279
-53.7683
-55.2444
-58.1757
-60.8135
-62.0619
-61.4772
-59.1836
-56.0974
-53.4791
-51.8485
-52.0807
-56.2591
-65.2473
-77.4963
-90.243
-101.193
-108.839
-112.123
-110.235
-103.148
-91.3055
-75.7531
-56.4237
-36.5871
-20.5928
-9.82422
-3.22003
0.493837
1.0664
-1.36288
-5.20632
-8.71609
-10.9995
-12.2667
-13.3596
-15.0095
-17.3716
-20.0963
-22.7095
-24.8964
-26.5803
-27.8403
-28.7826
-29.4543
-29.8347
-29.8876
-29.624
-29.1277
-28.5279
-27.9412
-27.4248
-26.968
-26.5183
-26.024
-25.4559
-24.8592
-24.3657
-24.0473
-23.9431
-24.0878
-24.4722
-24.9984
-25.4904
-25.819
-25.9826
-26.0361
-26.0337
-26.0134
-26.0109
-26.0517
-26.1879
-26.5533
-27.5128
-29.7259
-33.4192
-37.766
-41.1203
-42.0491
-40.0416
-35.6253
-29.9671
-24.0809
-18.5416
-13.4963
-8.91438
-4.94954
-1.85624
0.301123
1.66946
2.44695
2.80233
2.85569
2.70442
2.42396
2.07114
1.68719
1.30018
0.922731
0.561506
0.229348
-0.0643952
-0.322173
-0.551994
-0.752861
-0.926313
-1.0848
-1.23673
-1.39089
-1.53768
-1.68477
-1.80567
-1.85105
-1.82712
-1.72092
-1.49757
-1.13592
-0.613274
-0.203729
)
;

boundaryField
{
    frontWall
    {
        type            empty;
    }
    backWall
    {
        type            empty;
    }
    sideWall
    {
        type            zeroGradient;
    }
    outlet
    {
        type            fixedValue;
        value           uniform 0;
    }
    inlet
    {
        type            zeroGradient;
    }
}


// ************************************************************************* //
