/*--------------------------------*- C++ -*----------------------------------*\
  =========                 |
  \\      /  F ield         | OpenFOAM: The Open Source CFD Toolbox
   \\    /   O peration     | Website:  https://openfoam.org
    \\  /    A nd           | Version:  13
     \\/     M anipulation  |
\*---------------------------------------------------------------------------*/
FoamFile
{
    format      ascii;
    class       volScalarField;
    location    "3";
    object      p;
}
// * * * * * * * * * * * * * * * * * * * * * * * * * * * * * * * * * * * * * //

dimensions      [0 2 -2 0 0 0 0];

internalField   nonuniform List<scalar> 
6440
(
0.00145536
0.00145538
0.00145551
0.00145571
0.0014559
0.001456
0.0014559
0.00145548
0.00145465
0.00145329
0.00145133
0.00144871
0.00144542
0.00144149
0.00143703
0.00143215
0.00142702
0.00142179
0.00141664
0.00141166
0.00140691
0.00140238
0.00139818
0.00139423
0.00139089
0.00145517
0.00145531
0.00145562
0.00145608
0.00145667
0.00145728
0.00145782
0.00145819
0.00145826
0.00145793
0.00145706
0.00145555
0.00145333
0.00145034
0.00144654
0.00144196
0.00143665
0.0014307
0.00142422
0.00141732
0.00141012
0.00140273
0.00139549
0.00138872
0.00138284
0.00145466
0.00145494
0.00145549
0.00145631
0.00145737
0.00145858
0.00145985
0.00146107
0.00146212
0.00146284
0.00146309
0.0014627
0.00146152
0.00145943
0.00145632
0.00145211
0.00144679
0.0014404
0.001433
0.00142469
0.00141567
0.00140614
0.00139662
0.00138787
0.00138068
0.00145341
0.00145384
0.00145464
0.00145581
0.00145734
0.00145912
0.00146106
0.00146304
0.00146491
0.00146652
0.0014677
0.00146825
0.00146795
0.00146663
0.00146412
0.0014603
0.00145509
0.0014485
0.0014406
0.00143147
0.00142134
0.00141047
0.00139942
0.00138925
0.00138098
0.00145114
0.0014517
0.00145273
0.00145425
0.00145622
0.00145854
0.00146111
0.0014638
0.00146645
0.0014689
0.00147093
0.00147234
0.00147288
0.00147232
0.00147046
0.00146712
0.0014622
0.00145569
0.00144763
0.0014381
0.00142729
0.0014155
0.0014033
0.0013919
0.00138259
0.00144771
0.0014484
0.00144965
0.00145149
0.00145388
0.00145672
0.0014599
0.00146328
0.00146669
0.00146995
0.00147284
0.00147514
0.00147655
0.00147683
0.00147572
0.00147302
0.00146861
0.00146242
0.00145448
0.00144482
0.00143357
0.00142107
0.00140788
0.00139535
0.00138505
0.00144308
0.00144389
0.00144535
0.0014475
0.00145029
0.00145363
0.0014574
0.00146145
0.00146561
0.00146968
0.00147345
0.00147666
0.00147903
0.00148025
0.00148005
0.00147818
0.00147448
0.00146884
0.00146123
0.00145165
0.0014401
0.00142699
0.00141286
0.00139924
0.00138797
0.00143728
0.0014382
0.00143985
0.00144228
0.00144545
0.00144926
0.00145359
0.00145829
0.00146319
0.00146808
0.00147274
0.00147692
0.0014803
0.00148257
0.00148341
0.00148255
0.00147979
0.00147493
0.00146787
0.00145853
0.00144682
0.00143317
0.00141814
0.00140343
0.00139117
0.00143035
0.00143137
0.00143319
0.00143587
0.00143938
0.00144362
0.00144847
0.00145379
0.0014594
0.00146511
0.00147068
0.00147585
0.00148029
0.00148368
0.0014857
0.00148604
0.00148444
0.00148061
0.00147433
0.00146543
0.00145373
0.00143965
0.00142375
0.00140791
0.00139464
0.00142239
0.00142348
0.00142544
0.00142833
0.00143214
0.00143675
0.00144207
0.00144796
0.00145425
0.00146073
0.00146719
0.00147337
0.0014789
0.00148349
0.00148679
0.00148853
0.00148831
0.00148575
0.00148052
0.00147232
0.00146087
0.0014465
0.00142978
0.00141279
0.00139847
0.0014135
0.00141464
0.00141669
0.00141975
0.00142378
0.0014287
0.00143442
0.0014408
0.00144769
0.0014549
0.00146222
0.00146936
0.00147602
0.00148187
0.00148657
0.00148983
0.00149119
0.00149015
0.00148626
0.00147911
0.00146825
0.00145381
0.00143637
0.00141821
0.00140278
0.0014038
0.00140497
0.00140707
0.00141022
0.0014144
0.00141953
0.00142554
0.00143232
0.00143972
0.00144757
0.00145568
0.00146376
0.00147152
0.00147863
0.00148482
0.00148971
0.00149279
0.00149352
0.00149133
0.00148563
0.0014758
0.00146163
0.00144364
0.00142434
0.00140776
0.00139344
0.00139459
0.00139669
0.00139987
0.00140411
0.00140934
0.00141552
0.00142255
0.00143033
0.00143869
0.00144748
0.00145641
0.00146521
0.00147357
0.00148127
0.00148784
0.00149279
0.00149553
0.0014954
0.00149163
0.00148335
0.00146992
0.00145169
0.00143137
0.00141365
0.00138258
0.00138369
0.00138574
0.00138886
0.00139304
0.00139826
0.00140445
0.00141157
0.00141953
0.00142822
0.00143751
0.00144712
0.00145685
0.00146641
0.00147556
0.00148385
0.00149079
0.00149577
0.00149805
0.0014967
0.00149058
0.00147854
0.00146064
0.00143962
0.0014209
0.00137139
0.00137242
0.00137436
0.00137735
0.00138138
0.00138642
0.00139246
0.00139947
0.00140738
0.00141615
0.00142566
0.00143568
0.00144611
0.00145672
0.00146721
0.00147721
0.00148625
0.0014937
0.00149874
0.0015003
0.00149704
0.0014874
0.00147073
0.00144968
0.00143028
0.00136005
0.00136099
0.00136277
0.00136554
0.0013693
0.00137403
0.00137974
0.0013864
0.001394
0.0014025
0.00141186
0.00142196
0.00143272
0.00144406
0.00145566
0.00146726
0.0014784
0.00148846
0.00149659
0.00150167
0.00150216
0.00149621
0.00148228
0.00146241
0.00144306
0.00134877
0.00134958
0.00135115
0.00135363
0.00135701
0.00136129
0.00136647
0.00137255
0.00137954
0.00138742
0.00139621
0.00140589
0.00141647
0.00142796
0.00144027
0.00145308
0.00146606
0.00147871
0.00149023
0.00149946
0.00150483
0.00150423
0.00149542
0.00147913
0.00146144
0.00133774
0.0013384
0.00133972
0.00134184
0.00134474
0.00134842
0.00135289
0.00135816
0.00136423
0.00137113
0.00137891
0.00138766
0.00139742
0.00140835
0.00142051
0.00143373
0.00144783
0.00146255
0.00147733
0.00149121
0.00150278
0.00150986
0.00150954
0.00150178
0.00148962
0.00132718
0.00132768
0.00132871
0.0013304
0.00133274
0.00133571
0.00133933
0.0013436
0.00134854
0.00135418
0.0013606
0.00136794
0.00137632
0.00138591
0.00139683
0.0014092
0.00142312
0.0014386
0.00145558
0.00147379
0.00149256
0.00151028
0.00152363
0.00153215
0.0015349
0.00131724
0.00131758
0.00131835
0.00131964
0.00132143
0.00132372
0.00132651
0.0013298
0.00133362
0.00133798
0.00134293
0.00134866
0.00135555
0.00136344
0.0013726
0.0013833
0.00139581
0.00141052
0.00142788
0.00144847
0.00147294
0.00150175
0.00153402
0.00157041
0.00160969
0.00130799
0.00130826
0.00130888
0.00130993
0.00131141
0.00131332
0.00131564
0.00131839
0.00132159
0.00132526
0.00132947
0.00133438
0.00134011
0.00134693
0.001355
0.00136455
0.00137593
0.00138961
0.00140624
0.00142676
0.00145246
0.00148537
0.00153002
0.00159781
0.00171747
0.00129909
0.00129935
0.00129995
0.00130098
0.00130242
0.00130429
0.00130657
0.00130929
0.00131245
0.00131611
0.00132033
0.00132523
0.00133095
0.00133765
0.00134552
0.00135484
0.00136596
0.00137939
0.00139579
0.00141607
0.0014416
0.00147468
0.0015196
0.00158392
0.00167528
0.00129053
0.0012908
0.00129142
0.00129246
0.00129393
0.00129583
0.00129816
0.00130093
0.00130416
0.0013079
0.00131221
0.00131719
0.00132297
0.0013297
0.00133757
0.00134683
0.00135783
0.00137099
0.00138688
0.00140628
0.00143027
0.00146044
0.00149904
0.00154841
0.00160707
0.00128229
0.00128258
0.00128321
0.00128427
0.00128575
0.00128766
0.00129001
0.0012928
0.00129605
0.0012998
0.00130412
0.00130907
0.00131478
0.00132139
0.00132905
0.001338
0.00134851
0.00136091
0.00137565
0.00139325
0.00141436
0.00143975
0.00147008
0.00150502
0.00154111
0.00127438
0.00127467
0.00127531
0.00127636
0.00127783
0.00127972
0.00128203
0.00128478
0.00128798
0.00129165
0.00129586
0.00130065
0.00130613
0.00131241
0.00131963
0.00132797
0.00133761
0.00134882
0.00136184
0.00137696
0.00139444
0.00141442
0.00143666
0.00145992
0.00148108
0.00126677
0.00126707
0.0012677
0.00126873
0.00127016
0.001272
0.00127424
0.00127689
0.00127997
0.00128348
0.00128747
0.00129199
0.00129711
0.00130291
0.00130951
0.001317
0.00132554
0.00133525
0.00134624
0.0013586
0.00137231
0.00138712
0.00140242
0.00141684
0.00142804
0.00125948
0.00125978
0.00126039
0.00126138
0.00126275
0.00126451
0.00126664
0.00126915
0.00127205
0.00127533
0.00127904
0.00128319
0.00128784
0.00129305
0.00129889
0.00130541
0.00131269
0.00132076
0.00132964
0.00133925
0.00134939
0.00135967
0.00136935
0.00137723
0.00138161
0.0012525
0.0012528
0.00125338
0.00125432
0.00125561
0.00125726
0.00125925
0.00126158
0.00126425
0.00126725
0.00127061
0.00127433
0.00127845
0.00128299
0.00128798
0.00129346
0.00129942
0.00130585
0.00131267
0.00131971
0.00132669
0.00133317
0.00133844
0.00134151
0.00134116
0.00124584
0.00124612
0.00124667
0.00124754
0.00124874
0.00125025
0.00125208
0.0012542
0.0012566
0.00125929
0.00126226
0.00126551
0.00126904
0.00127287
0.001277
0.00128142
0.00128608
0.00129093
0.00129583
0.00130058
0.00130486
0.00130824
0.0013101
0.00130966
0.00130602
0.00123948
0.00123975
0.00124026
0.00124105
0.00124214
0.00124351
0.00124515
0.00124704
0.00124916
0.0012515
0.00125406
0.0012568
0.00125974
0.00126285
0.00126612
0.0012695
0.00127293
0.00127631
0.0012795
0.00128226
0.00128429
0.00128519
0.00128445
0.00128145
0.00127553
0.00123345
0.0012337
0.00123416
0.00123487
0.00123584
0.00123705
0.00123849
0.00124013
0.00124196
0.00124394
0.00124607
0.00124831
0.00125065
0.00125305
0.00125548
0.00125789
0.00126018
0.00126225
0.00126393
0.00126501
0.0012652
0.00126415
0.00126144
0.00125659
0.0012491
0.00122774
0.00122797
0.00122837
0.001229
0.00122984
0.00123089
0.00123212
0.00123351
0.00123503
0.00123665
0.00123835
0.00124009
0.00124185
0.00124358
0.00124523
0.00124673
0.001248
0.00124891
0.00124931
0.00124898
0.00124768
0.00124512
0.00124093
0.00123477
0.00122624
0.00122236
0.00122256
0.00122291
0.00122344
0.00122416
0.00122504
0.00122606
0.00122719
0.00122841
0.00122967
0.00123096
0.00123222
0.00123343
0.00123452
0.00123546
0.00123615
0.00123651
0.00123642
0.00123573
0.00123425
0.00123177
0.00122804
0.00122277
0.00121569
0.0012065
0.00121731
0.00121748
0.00121778
0.00121822
0.00121881
0.00121952
0.00122033
0.00122121
0.00122213
0.00122305
0.00122394
0.00122475
0.00122544
0.00122596
0.00122624
0.00122621
0.00122579
0.00122484
0.00122325
0.00122084
0.00121743
0.00121282
0.00120677
0.00119908
0.00118951
0.0012126
0.00121274
0.00121298
0.00121333
0.00121379
0.00121434
0.00121494
0.00121558
0.00121622
0.00121682
0.00121733
0.00121772
0.00121794
0.00121793
0.00121764
0.00121698
0.00121588
0.00121422
0.00121189
0.00120874
0.00120462
0.00119935
0.00119276
0.00118468
0.00117494
0.00120823
0.00120834
0.00120852
0.00120878
0.00120912
0.00120951
0.00120992
0.00121033
0.0012107
0.00121099
0.00121116
0.00121117
0.00121096
0.00121049
0.00120969
0.00120849
0.00120681
0.00120457
0.00120164
0.00119791
0.00119325
0.00118751
0.00118057
0.00117227
0.00116251
0.00120419
0.00120428
0.00120441
0.00120458
0.0012048
0.00120504
0.00120527
0.00120546
0.00120558
0.00120559
0.00120544
0.0012051
0.00120452
0.00120364
0.0012024
0.00120074
0.0011986
0.00119587
0.00119247
0.0011883
0.00118324
0.00117719
0.00117003
0.00116166
0.00115198
0.0012005
0.00120057
0.00120064
0.00120073
0.00120084
0.00120093
0.00120099
0.00120098
0.00120087
0.00120062
0.0012002
0.00119955
0.00119863
0.0011974
0.00119579
0.00119375
0.00119121
0.0011881
0.00118434
0.00117984
0.00117451
0.00116825
0.00116099
0.00115265
0.00114314
0.00119715
0.00119719
0.00119721
0.00119723
0.00119723
0.00119719
0.00119709
0.0011969
0.00119658
0.0011961
0.00119543
0.00119451
0.0011933
0.00119176
0.00118984
0.00118749
0.00118464
0.00118124
0.0011772
0.00117246
0.00116696
0.0011606
0.00115333
0.00114508
0.0011358
0.00119413
0.00119415
0.00119412
0.00119407
0.00119398
0.00119382
0.00119358
0.00119322
0.00119271
0.00119203
0.00119113
0.00118997
0.00118852
0.00118673
0.00118456
0.00118195
0.00117886
0.00117523
0.001171
0.00116611
0.0011605
0.00115412
0.0011469
0.00113881
0.00112981
0.00119145
0.00119144
0.00119138
0.00119126
0.00119107
0.00119081
0.00119044
0.00118993
0.00118926
0.0011884
0.0011873
0.00118595
0.00118429
0.00118229
0.00117991
0.0011771
0.00117382
0.00117003
0.00116567
0.00116069
0.00115505
0.0011487
0.0011416
0.00113371
0.00112501
0.00118909
0.00118906
0.00118896
0.00118878
0.00118852
0.00118816
0.00118767
0.00118703
0.00118622
0.0011852
0.00118394
0.00118241
0.00118058
0.00117841
0.00117587
0.00117291
0.0011695
0.0011656
0.00116116
0.00115615
0.00115053
0.00114426
0.00113731
0.00112966
0.00112129
0.00118705
0.00118701
0.00118687
0.00118664
0.00118631
0.00118585
0.00118526
0.00118451
0.00118357
0.00118242
0.00118102
0.00117936
0.00117739
0.00117508
0.00117242
0.00116935
0.00116585
0.00116188
0.00115742
0.00115242
0.00114686
0.00114071
0.00113394
0.00112655
0.00111851
0.00118532
0.00118526
0.00118509
0.00118482
0.00118442
0.00118389
0.00118322
0.00118236
0.00118132
0.00118005
0.00117854
0.00117676
0.00117468
0.00117228
0.00116952
0.00116638
0.00116282
0.00115883
0.00115438
0.00114943
0.00114396
0.00113796
0.0011314
0.00112427
0.00111658
0.00118389
0.00118382
0.00118362
0.00118331
0.00118286
0.00118227
0.00118151
0.00118057
0.00117944
0.00117808
0.00117647
0.0011746
0.00117244
0.00116996
0.00116714
0.00116396
0.00116039
0.0011564
0.00115198
0.00114711
0.00114176
0.00113593
0.00112959
0.00112275
0.00111541
0.00118276
0.00118267
0.00118245
0.0011821
0.0011816
0.00118095
0.00118013
0.00117913
0.00117791
0.00117648
0.0011748
0.00117286
0.00117064
0.00116811
0.00116526
0.00116206
0.00115849
0.00115454
0.00115018
0.00114541
0.0011402
0.00113456
0.00112846
0.0011219
0.0011149
0.0011819
0.0011818
0.00118156
0.00118118
0.00118065
0.00117995
0.00117907
0.00117801
0.00117674
0.00117524
0.00117351
0.00117152
0.00116925
0.0011667
0.00116383
0.00116064
0.0011571
0.0011532
0.00114893
0.00114427
0.00113922
0.00113377
0.00112791
0.00112165
0.00111499
0.00118131
0.0011812
0.00118095
0.00118054
0.00117997
0.00117923
0.00117831
0.0011772
0.00117588
0.00117434
0.00117257
0.00117055
0.00116826
0.00116569
0.00116283
0.00115966
0.00115617
0.00115234
0.00114817
0.00114365
0.00113876
0.00113352
0.0011279
0.00112193
0.0011156
0.00118097
0.00118086
0.00118059
0.00118016
0.00117957
0.00117879
0.00117784
0.00117669
0.00117533
0.00117376
0.00117196
0.00116992
0.00116762
0.00116506
0.00116222
0.00115909
0.00115566
0.00115192
0.00114786
0.00114348
0.00113877
0.00113373
0.00112837
0.00112268
0.00111667
0.00118088
0.00118075
0.00118048
0.00118003
0.00117941
0.00117862
0.00117763
0.00117646
0.00117508
0.00117348
0.00117167
0.00116962
0.00116733
0.00116479
0.00116198
0.0011589
0.00115555
0.0011519
0.00114797
0.00114373
0.0011392
0.00113437
0.00112925
0.00112384
0.00111816
0.00118101
0.00118088
0.00118059
0.00118014
0.0011795
0.00117869
0.00117768
0.00117649
0.00117509
0.00117348
0.00117166
0.00116962
0.00116735
0.00116483
0.00116207
0.00115906
0.00115578
0.00115224
0.00114844
0.00114436
0.00114001
0.00113539
0.00113051
0.00112537
0.00111999
0.00118135
0.00118122
0.00118093
0.00118046
0.00117981
0.00117899
0.00117797
0.00117676
0.00117535
0.00117375
0.00117193
0.0011699
0.00116765
0.00116518
0.00116247
0.00115953
0.00115634
0.00115291
0.00114924
0.00114531
0.00114115
0.00113674
0.00113209
0.00112722
0.00112214
0.0011819
0.00118177
0.00118147
0.00118099
0.00118034
0.0011795
0.00117847
0.00117726
0.00117585
0.00117425
0.00117244
0.00117044
0.00116822
0.00116579
0.00116315
0.00116028
0.00115719
0.00115388
0.00115033
0.00114657
0.00114258
0.00113838
0.00113397
0.00112935
0.00112455
0.00118263
0.0011825
0.00118219
0.00118172
0.00118106
0.00118021
0.00117918
0.00117797
0.00117657
0.00117497
0.00117319
0.00117121
0.00116903
0.00116665
0.00116407
0.00116129
0.0011583
0.0011551
0.0011517
0.00114809
0.00114428
0.00114028
0.00113609
0.00113172
0.00112719
0.00118354
0.0011834
0.0011831
0.00118262
0.00118195
0.00118111
0.00118008
0.00117887
0.00117748
0.0011759
0.00117414
0.00117219
0.00117006
0.00116774
0.00116523
0.00116253
0.00115964
0.00115656
0.00115329
0.00114984
0.00114621
0.0011424
0.00113843
0.0011343
0.00113003
0.0011846
0.00118446
0.00118416
0.00118368
0.00118302
0.00118218
0.00118115
0.00117995
0.00117857
0.00117701
0.00117528
0.00117337
0.00117129
0.00116903
0.00116659
0.00116398
0.00116119
0.00115823
0.0011551
0.0011518
0.00114834
0.00114472
0.00114096
0.00113706
0.00113303
0.00118581
0.00118567
0.00118537
0.00118489
0.00118423
0.0011834
0.00118238
0.00118119
0.00117983
0.0011783
0.00117659
0.00117473
0.00117269
0.0011705
0.00116814
0.00116561
0.00116293
0.00116008
0.00115708
0.00115393
0.00115064
0.00114721
0.00114364
0.00113996
0.00113617
0.00118715
0.00118702
0.00118672
0.00118624
0.00118559
0.00118476
0.00118375
0.00118258
0.00118124
0.00117973
0.00117806
0.00117624
0.00117426
0.00117213
0.00116984
0.00116741
0.00116482
0.0011621
0.00115923
0.00115622
0.00115309
0.00114983
0.00114646
0.00114298
0.00113941
0.00118862
0.00118848
0.00118819
0.00118772
0.00118707
0.00118625
0.00118525
0.0011841
0.00118278
0.0011813
0.00117967
0.00117789
0.00117597
0.0011739
0.00117169
0.00116934
0.00116686
0.00116425
0.00116151
0.00115864
0.00115566
0.00115258
0.00114939
0.00114611
0.00114275
0.00119019
0.00119006
0.00118976
0.0011893
0.00118866
0.00118785
0.00118687
0.00118573
0.00118443
0.00118299
0.0011814
0.00117966
0.0011778
0.00117579
0.00117366
0.0011714
0.00116902
0.00116652
0.0011639
0.00116117
0.00115834
0.00115542
0.00115241
0.00114931
0.00114616
0.00119186
0.00119173
0.00119144
0.00119098
0.00119035
0.00118955
0.00118859
0.00118747
0.0011862
0.00118478
0.00118323
0.00118155
0.00117973
0.0011778
0.00117574
0.00117357
0.00117128
0.00116889
0.00116639
0.00116379
0.00116111
0.00115834
0.00115549
0.00115258
0.00114961
0.00119361
0.00119348
0.0011932
0.00119274
0.00119212
0.00119134
0.00119039
0.0011893
0.00118805
0.00118667
0.00118516
0.00118352
0.00118177
0.00117989
0.00117791
0.00117582
0.00117363
0.00117134
0.00116896
0.00116649
0.00116394
0.00116132
0.00115863
0.00115589
0.0011531
0.00119543
0.00119531
0.00119503
0.00119458
0.00119397
0.0011932
0.00119228
0.0011912
0.00118998
0.00118864
0.00118717
0.00118558
0.00118387
0.00118207
0.00118016
0.00117815
0.00117605
0.00117386
0.00117159
0.00116924
0.00116682
0.00116434
0.0011618
0.00115922
0.0011566
0.00119732
0.0011972
0.00119692
0.00119649
0.00119589
0.00119513
0.00119422
0.00119317
0.00119198
0.00119067
0.00118924
0.0011877
0.00118605
0.0011843
0.00118246
0.00118054
0.00117853
0.00117643
0.00117427
0.00117204
0.00116974
0.00116739
0.001165
0.00116257
0.00116011
0.00119926
0.00119914
0.00119887
0.00119844
0.00119786
0.00119711
0.00119622
0.0011952
0.00119404
0.00119276
0.00119137
0.00118987
0.00118828
0.00118659
0.00118482
0.00118297
0.00118104
0.00117905
0.00117698
0.00117486
0.00117269
0.00117046
0.0011682
0.00116592
0.0011636
0.00120124
0.00120112
0.00120086
0.00120044
0.00119987
0.00119914
0.00119827
0.00119726
0.00119613
0.00119489
0.00119353
0.00119208
0.00119054
0.00118892
0.00118722
0.00118544
0.00118359
0.00118168
0.00117972
0.0011777
0.00117564
0.00117354
0.00117141
0.00116925
0.00116708
0.00120326
0.00120314
0.00120289
0.00120248
0.00120191
0.0012012
0.00120035
0.00119937
0.00119826
0.00119705
0.00119574
0.00119433
0.00119284
0.00119127
0.00118963
0.00118793
0.00118616
0.00118434
0.00118246
0.00118055
0.00117859
0.0011766
0.00117459
0.00117256
0.00117052
0.00120529
0.00120518
0.00120493
0.00120453
0.00120398
0.00120328
0.00120245
0.00120149
0.00120042
0.00119924
0.00119796
0.0011966
0.00119516
0.00119364
0.00119207
0.00119043
0.00118874
0.001187
0.00118521
0.00118339
0.00118153
0.00117965
0.00117775
0.00117584
0.00117393
0.00120735
0.00120724
0.001207
0.0012066
0.00120606
0.00120538
0.00120457
0.00120363
0.00120258
0.00120143
0.00120019
0.00119887
0.00119748
0.00119602
0.0011945
0.00119293
0.00119131
0.00118965
0.00118795
0.00118621
0.00118445
0.00118267
0.00118088
0.00117908
0.00117728
0.00120941
0.0012093
0.00120906
0.00120868
0.00120815
0.00120749
0.00120669
0.00120578
0.00120476
0.00120364
0.00120243
0.00120115
0.00119981
0.0011984
0.00119694
0.00119543
0.00119387
0.00119228
0.00119066
0.00118901
0.00118734
0.00118566
0.00118397
0.00118227
0.00118058
0.00121146
0.00121136
0.00121113
0.00121076
0.00121024
0.00120959
0.00120881
0.00120792
0.00120693
0.00120584
0.00120467
0.00120343
0.00120212
0.00120076
0.00119936
0.0011979
0.00119642
0.0011949
0.00119335
0.00119178
0.00119019
0.0011886
0.001187
0.00118541
0.00118382
0.00121351
0.00121342
0.00121319
0.00121283
0.00121232
0.00121169
0.00121093
0.00121006
0.00120909
0.00120803
0.00120689
0.00120568
0.00120442
0.00120311
0.00120175
0.00120036
0.00119893
0.00119748
0.001196
0.00119451
0.001193
0.00119149
0.00118998
0.00118848
0.00118699
0.00121555
0.00121545
0.00121524
0.00121488
0.00121439
0.00121377
0.00121302
0.00121217
0.00121123
0.00121019
0.00120909
0.00120792
0.0012067
0.00120543
0.00120412
0.00120278
0.00120141
0.00120002
0.00119861
0.00119719
0.00119576
0.00119433
0.0011929
0.00119148
0.00119008
0.00121756
0.00121747
0.00121726
0.00121691
0.00121643
0.00121582
0.0012151
0.00121427
0.00121334
0.00121234
0.00121126
0.00121013
0.00120895
0.00120772
0.00120646
0.00120517
0.00120385
0.00120252
0.00120117
0.00119981
0.00119845
0.0011971
0.00119575
0.00119441
0.00119309
0.00121954
0.00121946
0.00121926
0.00121892
0.00121845
0.00121785
0.00121714
0.00121633
0.00121543
0.00121445
0.0012134
0.0012123
0.00121115
0.00120997
0.00120875
0.00120751
0.00120624
0.00120496
0.00120367
0.00120238
0.00120109
0.0011998
0.00119852
0.00119726
0.00119601
0.00122149
0.00122141
0.00122122
0.00122089
0.00122043
0.00121985
0.00121916
0.00121836
0.00121748
0.00121653
0.00121551
0.00121443
0.00121332
0.00121217
0.00121099
0.00120979
0.00120858
0.00120735
0.00120612
0.00120488
0.00120365
0.00120242
0.00120121
0.00120002
0.00119885
0.0012234
0.00122333
0.00122314
0.00122282
0.00122237
0.00122181
0.00122113
0.00122035
0.00121949
0.00121856
0.00121756
0.00121652
0.00121544
0.00121432
0.00121318
0.00121203
0.00121086
0.00120968
0.00120849
0.00120731
0.00120614
0.00120497
0.00120382
0.0012027
0.00120159
0.00122527
0.0012252
0.00122502
0.00122471
0.00122427
0.00122372
0.00122305
0.0012223
0.00122145
0.00122054
0.00121957
0.00121856
0.0012175
0.00121642
0.00121532
0.0012142
0.00121307
0.00121194
0.0012108
0.00120967
0.00120855
0.00120744
0.00120635
0.00120528
0.00120424
0.00122709
0.00122702
0.00122685
0.00122655
0.00122612
0.00122558
0.00122493
0.00122419
0.00122337
0.00122247
0.00122153
0.00122053
0.00121951
0.00121846
0.00121739
0.0012163
0.00121521
0.00121412
0.00121303
0.00121195
0.00121087
0.00120982
0.00120878
0.00120777
0.00120679
0.00122885
0.0012288
0.00122863
0.00122834
0.00122792
0.00122739
0.00122676
0.00122603
0.00122522
0.00122435
0.00122342
0.00122245
0.00122145
0.00122043
0.00121939
0.00121834
0.00121729
0.00121623
0.00121518
0.00121414
0.00121311
0.00121211
0.00121112
0.00121016
0.00120923
0.00123056
0.00123051
0.00123036
0.00123008
0.00122967
0.00122915
0.00122853
0.00122781
0.00122702
0.00122616
0.00122526
0.00122431
0.00122333
0.00122233
0.00122132
0.0012203
0.00121928
0.00121826
0.00121725
0.00121625
0.00121526
0.0012143
0.00121336
0.00121245
0.00121157
0.00123221
0.00123217
0.00123202
0.00123175
0.00123136
0.00123085
0.00123024
0.00122954
0.00122876
0.00122792
0.00122702
0.0012261
0.00122514
0.00122416
0.00122318
0.00122219
0.00122119
0.00122021
0.00121923
0.00121827
0.00121732
0.0012164
0.0012155
0.00121463
0.0012138
0.00123379
0.00123376
0.00123363
0.00123337
0.00123299
0.00123249
0.00123189
0.0012312
0.00123043
0.0012296
0.00122872
0.00122781
0.00122687
0.00122592
0.00122496
0.00122399
0.00122302
0.00122207
0.00122112
0.00122019
0.00121928
0.00121839
0.00121754
0.00121671
0.00121591
0.00123531
0.00123529
0.00123517
0.00123493
0.00123455
0.00123406
0.00123347
0.00123279
0.00123203
0.00123122
0.00123035
0.00122945
0.00122853
0.0012276
0.00122665
0.00122571
0.00122477
0.00122384
0.00122292
0.00122202
0.00122114
0.00122029
0.00121946
0.00121867
0.00121792
0.00123676
0.00123676
0.00123666
0.00123642
0.00123606
0.00123558
0.00123499
0.00123432
0.00123357
0.00123276
0.00123191
0.00123102
0.00123011
0.00122919
0.00122826
0.00122734
0.00122642
0.00122551
0.00122462
0.00122375
0.0012229
0.00122208
0.00122128
0.00122053
0.00121981
0.00123815
0.00123816
0.00123808
0.00123785
0.0012375
0.00123703
0.00123645
0.00123578
0.00123504
0.00123423
0.00123339
0.00123251
0.00123161
0.0012307
0.00122979
0.00122888
0.00122798
0.00122709
0.00122622
0.00122537
0.00122455
0.00122375
0.00122299
0.00122227
0.00122158
0.00123946
0.0012395
0.00123943
0.00123922
0.00123888
0.00123841
0.00123784
0.00123717
0.00123643
0.00123563
0.00123479
0.00123391
0.00123302
0.00123212
0.00123122
0.00123032
0.00122944
0.00122857
0.00122772
0.00122689
0.00122609
0.00122532
0.00122459
0.00122389
0.00122323
0.00124072
0.00124078
0.00124073
0.00124054
0.0012402
0.00123974
0.00123917
0.0012385
0.00123775
0.00123695
0.00123611
0.00123523
0.00123434
0.00123345
0.00123256
0.00123167
0.0012308
0.00122994
0.00122911
0.0012283
0.00122753
0.00122678
0.00122607
0.0012254
0.00122476
0.00124191
0.001242
0.00124198
0.0012418
0.00124147
0.00124101
0.00124043
0.00123975
0.001239
0.00123819
0.00123734
0.00123647
0.00123558
0.00123468
0.0012338
0.00123292
0.00123206
0.00123121
0.0012304
0.00122961
0.00122885
0.00122812
0.00122743
0.00122678
0.00122617
0.00124305
0.00124318
0.00124319
0.00124302
0.00124269
0.00124222
0.00124162
0.00124093
0.00124017
0.00123935
0.00123849
0.00123761
0.00123672
0.00123582
0.00123494
0.00123406
0.00123321
0.00123238
0.00123157
0.0012308
0.00123005
0.00122935
0.00122867
0.00122804
0.00122746
0.00124414
0.00124432
0.00124436
0.0012442
0.00124386
0.00124337
0.00124276
0.00124205
0.00124126
0.00124042
0.00123955
0.00123866
0.00123776
0.00123686
0.00123597
0.0012351
0.00123426
0.00123343
0.00123264
0.00123187
0.00123114
0.00123045
0.0012298
0.00122918
0.00122862
0.00124521
0.00124545
0.00124553
0.00124536
0.001245
0.00124448
0.00124384
0.00124309
0.00124227
0.00124141
0.00124051
0.0012396
0.00123869
0.00123779
0.0012369
0.00123603
0.00123519
0.00123437
0.00123359
0.00123283
0.00123211
0.00123144
0.0012308
0.0012302
0.00122965
0.0012463
0.00124659
0.00124671
0.00124653
0.00124612
0.00124555
0.00124485
0.00124406
0.0012432
0.0012423
0.00124138
0.00124045
0.00123952
0.00123861
0.00123772
0.00123685
0.00123601
0.0012352
0.00123442
0.00123367
0.00123297
0.0012323
0.00123167
0.00123109
0.00123055
0.00124745
0.00124781
0.00124794
0.00124771
0.00124723
0.00124657
0.0012458
0.00124494
0.00124403
0.00124309
0.00124213
0.00124118
0.00124024
0.00123932
0.00123842
0.00123755
0.00123671
0.00123591
0.00123513
0.0012344
0.0012337
0.00123304
0.00123243
0.00123185
0.00123133
0.00124879
0.00124919
0.00124929
0.00124894
0.00124833
0.00124755
0.00124667
0.00124573
0.00124475
0.00124376
0.00124278
0.0012418
0.00124084
0.00123991
0.00123901
0.00123814
0.0012373
0.00123649
0.00123573
0.001235
0.00123431
0.00123366
0.00123305
0.00123249
0.00123198
0.00125051
0.00125086
0.00125081
0.00125025
0.00124942
0.00124846
0.00124745
0.0012464
0.00124535
0.00124431
0.00124329
0.00124229
0.00124132
0.00124038
0.00123947
0.0012386
0.00123776
0.00123696
0.0012362
0.00123548
0.0012348
0.00123416
0.00123356
0.00123301
0.0012325
0.00125298
0.00125301
0.00125259
0.00125163
0.00125047
0.00124927
0.00124809
0.00124693
0.00124581
0.00124472
0.00124366
0.00124265
0.00124167
0.00124072
0.00123981
0.00123894
0.00123811
0.00123731
0.00123656
0.00123584
0.00123516
0.00123453
0.00123394
0.00123339
0.00123289
0.00125712
0.00125606
0.00125468
0.00125302
0.0012514
0.00124991
0.00124854
0.00124727
0.00124608
0.00124496
0.00124388
0.00124286
0.00124187
0.00124093
0.00124002
0.00123916
0.00123833
0.00123754
0.00123679
0.00123608
0.00123541
0.00123478
0.0012342
0.00123366
0.00123316
0.00126614
0.00126097
0.00125701
0.00125421
0.00125203
0.00125023
0.00124871
0.00124736
0.00124614
0.00124501
0.00124393
0.00124291
0.00124193
0.001241
0.0012401
0.00123925
0.00123843
0.00123765
0.0012369
0.0012362
0.00123553
0.00123491
0.00123433
0.0012338
0.00123331
0.00128361
0.00126753
0.00125911
0.00125497
0.00125226
0.00125023
0.00124862
0.00124726
0.00124604
0.00124492
0.00124387
0.00124286
0.0012419
0.00124098
0.0012401
0.00123925
0.00123844
0.00123766
0.00123693
0.00123623
0.00123557
0.00123495
0.00123438
0.00123384
0.00123336
-0.16456
-0.161846
-0.15688
-0.149353
-0.139726
-0.128607
-0.116478
-0.103785
-0.0909781
-0.0785294
-0.0668317
-0.0561746
-0.0468009
-0.0388207
-0.0321596
-0.0267015
-0.0223097
-0.0188281
-0.0161041
-0.014002
-0.0124071
-0.011228
-0.0104019
-0.009859
-0.00957712
-0.147221
-0.141735
-0.132159
-0.119235
-0.105115
-0.0911092
-0.0779494
-0.0659704
-0.0553996
-0.0462817
-0.0385244
-0.0320287
-0.0266791
-0.0223106
-0.0187722
-0.0159519
-0.0137546
-0.0120703
-0.0108081
-0.00985954
-0.00915173
-0.00863501
-0.00827923
-0.00805305
-0.00793394
-0.113689
-0.107401
-0.0974083
-0.0850891
-0.0724183
-0.0603964
-0.0496258
-0.0403007
-0.0325199
-0.0262476
-0.0213292
-0.0175483
-0.0146692
-0.0124672
-0.0107815
-0.00950834
-0.00856322
-0.00786418
-0.00735597
-0.00699175
-0.00673349
-0.00655503
-0.00644152
-0.00637814
-0.00634068
-0.0877932
-0.0800792
-0.0693692
-0.0575003
-0.0463839
-0.0367224
-0.0287601
-0.022402
-0.017491
-0.0138561
-0.0112316
-0.00938175
-0.00809353
-0.00719355
-0.00655645
-0.00610053
-0.00577242
-0.00553788
-0.00536358
-0.00523897
-0.00515376
-0.00509962
-0.00507255
-0.00506782
-0.00506118
-0.0622442
-0.0549179
-0.0453501
-0.0357095
-0.0273185
-0.0204628
-0.0151996
-0.0114186
-0.00876633
-0.00696351
-0.00581618
-0.00511869
-0.00470736
-0.00446944
-0.00432853
-0.00423737
-0.00417176
-0.0041211
-0.00408425
-0.00405568
-0.00403703
-0.00402972
-0.0040354
-0.00405319
-0.00406169
-0.0432776
-0.0368434
-0.0287499
-0.0212154
-0.015193
-0.0105814
-0.00723349
-0.00506312
-0.0037433
-0.00299909
-0.00264725
-0.00254338
-0.00258195
-0.00268557
-0.00280514
-0.00291599
-0.00300619
-0.00307329
-0.00312062
-0.00315335
-0.00317783
-0.00319988
-0.00322469
-0.00325448
-0.00327318
-0.0287546
-0.0237502
-0.0174672
-0.011794
-0.00752954
-0.00448993
-0.00248496
-0.00133723
-0.000828178
-0.000688799
-0.000765987
-0.000966082
-0.00122382
-0.00149126
-0.0017382
-0.00195097
-0.00212448
-0.00226038
-0.00236369
-0.00244097
-0.00249885
-0.002544
-0.0025824
-0.0026187
-0.00264303
-0.0177491
-0.0141599
-0.00960086
-0.00553758
-0.00265806
-0.000837584
0.000189736
0.000652029
0.000705455
0.000523545
0.000236207
-9.8578e-05
-0.000440557
-0.000762714
-0.00104985
-0.00129535
-0.00149818
-0.00166117
-0.00178946
-0.00188908
-0.00196595
-0.00202542
-0.00207234
-0.00211141
-0.00213745
-0.00980781
-0.00735244
-0.00421887
-0.00149431
0.000271934
0.00122763
0.00159402
0.0015794
0.00135734
0.00102706
0.000663922
0.000296882
-4.97734e-05
-0.000363304
-0.000639256
-0.000875343
-0.0010727
-0.00123454
-0.00136511
-0.0014691
-0.00155111
-0.00161528
-0.00166534
-0.00170481
-0.00173022
-0.00428716
-0.00265511
-0.000616536
0.00107079
0.00202304
0.00236428
0.00228781
0.00197573
0.00156954
0.00116128
0.000791457
0.000439226
0.00012076
-0.000159014
-0.000401671
-0.000609228
-0.000784588
-0.000930877
-0.00105137
-0.00114934
-0.00122799
-0.00129023
-0.00133877
-0.0013763
-0.00139999
-0.000623019
0.000445227
0.00170005
0.00261472
0.00298372
0.00292202
0.0025823
0.00211045
0.00161569
0.00116626
0.000789918
0.0004637
0.000184255
-5.30218e-05
-0.000257918
-0.000433124
-0.0005825
-0.000708749
-0.00081446
-0.000901896
-0.000973196
-0.0010302
-0.00107469
-0.00110863
-0.00113
0.00161409
0.0023039
0.00301922
0.00341385
0.00340643
0.00310118
0.00262262
0.00208458
0.00156834
0.00111896
0.00075085
0.000462041
0.000215765
9.68216e-06
-0.000162855
-0.000306905
-0.000432239
-0.00053895
-0.000629662
-0.000705673
-0.000768425
-0.000819019
-0.000858507
-0.000888248
-0.000906943
0.00284309
0.00327183
0.00363083
0.00370255
0.00347896
0.00305218
0.00252396
0.00198236
0.00148637
0.00106519
0.000725912
0.000464192
0.00024736
6.74863e-05
-8.23569e-05
-0.0002081
-0.000314722
-0.000402515
-0.000480275
-0.000545667
-0.000600227
-0.000644447
-0.00067889
-0.000704427
-0.000720342
0.003401
0.00365633
0.00378931
0.00368028
0.00335554
0.00289181
0.00237093
0.0018608
0.00140443
0.00102091
0.000711644
0.000468193
0.000282992
0.000125301
-6.45979e-06
-0.000117048
-0.000210565
-0.000289495
-0.000356873
-0.000411704
-0.000459035
-0.000497489
-0.000527271
-0.000548985
-0.000562302
0.00355076
0.00368885
0.00368909
0.00349218
0.0031398
0.00269117
0.0022102
0.0017488
0.00133918
0.000994973
0.000716194
0.000495894
0.000327099
0.000185193
6.70634e-05
-3.21489e-05
-0.000115963
-0.00018689
-0.000246901
-0.000297031
-0.00033881
-0.000371837
-0.000397297
-0.000415761
-0.000426817
0.00346752
0.00352643
0.00345315
0.00322836
0.0028908
0.00248536
0.00206
0.00165396
0.00129197
0.000984842
0.000732877
0.000530347
0.000369197
0.000244781
0.000137765
4.73986e-05
-2.89919e-05
-9.37032e-05
-0.000148376
-0.00019416
-0.000231917
-0.000262013
-0.000284831
-0.000300091
-0.0003091
0.00326099
0.00326925
0.00316181
0.00294149
0.00263962
0.00228923
0.00192466
0.00157491
0.00125929
0.000987041
0.000759646
0.000573781
0.000424163
0.000307654
0.000207037
0.000122706
5.1582e-05
-8.57866e-06
-5.93058e-05
-0.000101689
-0.000136476
-0.000164072
-0.000184678
-0.000198399
-0.000205675
0.0029872
0.00297301
0.00285959
0.00265934
0.00240162
0.00210913
0.00180481
0.00150944
0.00123787
0.000998233
0.000793149
0.000621499
0.000480104
0.000365727
0.000273013
0.000193541
0.000126169
6.93297e-05
2.15614e-05
-1.81837e-05
-5.06221e-05
-7.61711e-05
-9.50044e-05
-0.000107244
-0.000113601
0.0026753
0.00266667
0.00256787
0.00239742
0.00218679
0.00195141
0.00170431
0.00145964
0.00122867
0.00101867
0.000833375
0.000673796
0.000538992
0.000426832
0.000337295
0.000260524
0.000195609
0.000141036
9.54113e-05
5.77086e-05
2.71843e-05
3.37212e-06
-1.39331e-05
-2.48603e-05
-3.03615e-05
0.00233448
0.00236056
0.00229493
0.00216959
0.00200709
0.00182461
0.00162868
0.00142876
0.00123356
0.00104975
0.000881921
0.000732806
0.000603491
0.000493859
0.000404354
0.000327799
0.000263506
0.000209713
0.000165035
0.000128418
9.90595e-05
7.6428e-05
6.02741e-05
5.04418e-05
4.57338e-05
0.00196859
0.00205523
0.00204306
0.00196653
0.00185127
0.00171132
0.00155571
0.00139206
0.00122732
0.00106754
0.000917611
0.00078107
0.000660053
0.000555272
0.000466235
0.00039332
0.000330644
0.000277737
0.000233738
0.000197702
0.000168862
0.000146667
0.000130817
0.000121174
0.000116512
0.00178575
0.00184042
0.00183775
0.001787
0.00170183
0.00159325
0.00146922
0.00133613
0.00119979
0.00106523
0.000936621
0.000817141
0.000708956
0.000613276
0.000530483
0.000459452
0.000398033
0.000345604
0.000301521
0.000265133
0.00023588
0.000213352
0.00019734
0.000187736
0.000183221
0.00166247
0.0016934
0.00168923
0.00165093
0.00158515
0.00149863
0.00139773
0.00128774
0.00117345
0.00105902
0.000947975
0.000843104
0.000746457
0.000659365
0.000582497
0.000515228
0.00045639
0.000405636
0.000362584
0.000326817
0.000297951
0.000275692
0.000259894
0.000250458
0.0002461
0.00156985
0.00158375
0.0015755
0.00154319
0.00148958
0.00141884
0.00133538
0.00124336
0.00114662
0.00104863
0.00095234
0.000860199
0.000774079
0.000695292
0.000624633
0.000561897
0.000506464
0.000458237
0.000417046
0.000382661
0.000354841
0.000333389
0.000318207
0.000309194
0.000305115
0.00149524
0.00149818
0.00148578
0.00145625
0.00141056
0.00135112
0.00128094
0.00120311
0.00112065
0.00103635
0.000952676
0.000871712
0.000795122
0.000724149
0.000659641
0.000601671
0.000550023
0.000504772
0.000465917
0.000433377
0.000407031
0.000386762
0.00037251
0.000364164
0.000360518
0.00143298
0.00142904
0.00141375
0.00138586
0.00134566
0.00129457
0.00123459
0.00116801
0.00109714
0.0010242
0.000951209
0.000879931
0.000811818
0.000748011
0.000689351
0.000636125
0.00058837
0.000546288
0.000510009
0.000479573
0.000454962
0.000436133
0.000423062
0.000415636
0.000412614
0.00138051
0.0013722
0.00135515
0.00132854
0.00129243
0.00124769
0.00119569
0.00113808
0.00107665
0.00101314
0.000949186
0.000886262
0.000825623
0.000768298
0.00071509
0.000666413
0.00062248
0.000583581
0.000549943
0.000521709
0.000498956
0.000481722
0.000470045
0.00046385
0.000461745
0.00133606
0.001325
0.00130702
0.00128159
0.00124873
0.001209
0.00116334
0.00111299
0.0010593
0.00100363
0.000947324
0.000891593
0.000837514
0.000785999
0.000737795
0.000693381
0.000653084
0.000617254
0.000586189
0.000560117
0.00053921
0.000523611
0.000513518
0.000509128
0.000508733
0.00129825
0.00128552
0.00126721
0.00124296
0.00121281
0.00117714
0.00113664
0.00109222
0.00104492
0.000995826
0.000946007
0.000896472
0.000848135
0.000801795
0.000758133
0.000717648
0.00068073
0.000647767
0.000619102
0.000595024
0.000575801
0.00056173
0.000553358
0.000551648
0.000555602
0.00126602
0.00125236
0.00123411
0.00121106
0.00118324
0.00115096
0.00111472
0.00107522
0.00103326
0.000989706
0.000945416
0.000901226
0.00085791
0.000816162
0.000776586
0.000739674
0.000705843
0.00067549
0.000648971
0.000626594
0.000608677
0.000595618
0.000588213
0.000588605
0.000598979
0.00123851
0.0012244
0.00120649
0.00118464
0.0011589
0.0011295
0.00109685
0.00106148
0.00102403
0.000985171
0.000945615
0.000906048
0.000867122
0.000829432
0.000793508
0.000759819
0.000728774
0.000700751
0.000676087
0.000655049
0.000637881
0.000624856
0.000616485
0.000613773
0.000616367
0.00121502
0.0012008
0.0011834
0.00116273
0.00113886
0.00111198
0.00108239
0.00105054
0.00101692
0.000982083
0.0009466
0.000911041
0.000875952
0.000841841
0.000809176
0.000778381
0.000749836
0.000723882
0.000700819
0.00068088
0.000664223
0.000651001
0.000641404
0.000635621
0.000633062
0.00119497
0.00118087
0.0011641
0.00114459
0.00112241
0.00109773
0.00107081
0.00104198
0.00101166
0.000980283
0.000948323
0.000916251
0.000884524
0.000853577
0.000823817
0.000795615
0.000769304
0.00074518
0.000723497
0.000704451
0.000688138
0.000674602
0.000663843
0.000655732
0.000649649
0.00117789
0.00116408
0.00114799
0.0011296
0.00110897
0.00108625
0.00106166
0.00103546
0.00100799
0.000979616
0.000950724
0.000921703
0.000892938
0.000864796
0.000837624
0.000811738
0.000787421
0.000764918
0.00074443
0.000726101
0.000709993
0.000696071
0.000684229
0.000674242
0.000665623
0.0011634
0.00114998
0.0011346
0.00111728
0.00109808
0.00107711
0.00105457
0.00103068
0.0010057
0.000979958
0.000953754
0.000927418
0.00090127
0.00087562
0.000850758
0.000826945
0.000804416
0.000783362
0.000763929
0.000746207
0.000730214
0.000715883
0.000703061
0.000691522
0.000680952
0.00115117
0.0011382
0.00112356
0.00110726
0.00108936
0.00106998
0.00104926
0.0010274
0.00100463
0.000981199
0.000957365
0.000933403
0.000909579
0.000886151
0.000863357
0.000841412
0.000820498
0.00080076
0.000782292
0.00076513
0.000749243
0.000734532
0.000720836
0.00070796
0.000695721
0.00114092
0.00112845
0.00111453
0.0010992
0.00108252
0.00106457
0.00104549
0.00102545
0.00100463
0.00098324
0.000961508
0.000939656
0.000917906
0.00089647
0.000875542
0.000855293
0.000835862
0.000817347
0.000799796
0.000783197
0.000767469
0.000752468
0.000738007
0.000723904
0.000710064
0.00113242
0.00112047
0.00110727
0.00109286
0.00107729
0.00106065
0.00104305
0.00102463
0.00100555
0.000985993
0.000966138
0.000946173
0.000926285
0.000906647
0.000887416
0.000868727
0.00085068
0.000833335
0.000816699
0.000800715
0.00078525
0.000770099
0.000755009
0.000739752
0.000724236
0.00112546
0.00111404
0.00110155
0.00108801
0.00107348
0.00105803
0.00104177
0.00102481
0.0010073
0.00098938
0.000971208
0.000952943
0.000934737
0.000916735
0.000899064
0.000881827
0.000865098
0.000848906
0.000833227
0.000817965
0.000802936
0.000787854
0.00077235
0.000756036
0.000738666
0.00111987
0.00110899
0.00109718
0.00108446
0.00107089
0.00105654
0.0010415
0.00102587
0.00100977
0.000993329
0.000976677
0.000959949
0.000943274
0.000926772
0.000910547
0.000894682
0.000879229
0.000864203
0.00084956
0.000835185
0.000820855
0.000806199
0.000790676
0.000773589
0.000754147
0.00111549
0.00110514
0.00109398
0.00108205
0.00106938
0.00105604
0.00104211
0.00102769
0.00101287
0.000997772
0.0009825
0.000967172
0.000951898
0.00093678
0.000921907
0.000907347
0.000893146
0.000879314
0.000865813
0.000852536
0.000839265
0.000825594
0.000810844
0.000793889
0.000772424
0.00111218
0.00110236
0.00109183
0.00108063
0.0010688
0.0010564
0.0010435
0.00103018
0.00101653
0.00100265
0.000988634
0.000974586
0.000960601
0.000946766
0.000933161
0.000919849
0.000906877
0.000894267
0.00088201
0.000870054
0.000858255
0.000846347
0.00083384
0.000819788
0.000799233
0.00110983
0.00110052
0.00109059
0.00108008
0.00106904
0.0010575
0.00104555
0.00103324
0.00102066
0.0010079
0.000995036
0.000982164
0.000969366
0.000956723
0.000944308
0.000932183
0.000920404
0.000909012
0.000898044
0.000887533
0.000877507
0.000868037
0.00085954
0.000853825
0.000853434
0.00110832
0.00109951
0.00109016
0.00108031
0.00106999
0.00105926
0.00104818
0.0010368
0.0010252
0.00101347
0.00100166
0.000989871
0.00097817
0.000966633
0.000955329
0.000944324
0.000933679
0.000923454
0.000913719
0.00090456
0.000896115
0.000888598
0.000882606
0.000879609
0.000880193
0.00110756
0.00109922
0.00109043
0.00108119
0.00107156
0.00106158
0.00105131
0.00104079
0.0010301
0.0010193
0.00100847
0.000997675
0.000986986
0.000976472
0.000966202
0.000956241
0.000946655
0.000937518
0.000928915
0.00092096
0.000913811
0.000907705
0.000903088
0.000900662
0.000900175
0.00110746
0.00109959
0.00109131
0.00108267
0.00107368
0.0010644
0.00105487
0.00104514
0.00103529
0.00102536
0.00101542
0.00100554
0.000995784
0.000986216
0.000976901
0.000967904
0.000959294
0.000951149
0.000943561
0.000936646
0.000930556
0.000925495
0.000921763
0.000919716
0.00091914
0.00110794
0.00110051
0.00109274
0.00108464
0.00107626
0.00106762
0.00105879
0.0010498
0.00104071
0.00103158
0.00102247
0.00101344
0.00100454
0.000995839
0.000987402
0.000979288
0.000971567
0.000964314
0.00095762
0.000951591
0.000946361
0.000942089
0.000938972
0.000937207
0.000936644
0.00110893
0.00110193
0.00109463
0.00108706
0.00107924
0.00107121
0.00106302
0.00105471
0.00104633
0.00103794
0.00102959
0.00102133
0.00101322
0.00100532
0.000997683
0.000990373
0.000983454
0.000976997
0.000971083
0.000965806
0.000961275
0.00095761
0.000954938
0.00095337
0.000952793
0.00111037
0.00110378
0.00109693
0.00108985
0.00108256
0.00107509
0.0010675
0.00105983
0.00105211
0.00104439
0.00103674
0.00102919
0.0010218
0.00101463
0.00100773
0.00100115
0.000994947
0.000989195
0.000983959
0.000979322
0.000975367
0.000972183
0.000969854
0.000968443
0.000967868
0.0011122
0.00110601
0.00109958
0.00109296
0.00108616
0.00107923
0.0010722
0.0010651
0.00105799
0.0010509
0.00104389
0.001037
0.00103027
0.00102377
0.00101752
0.0010116
0.00100605
0.00100092
0.000996272
0.00099218
0.000988707
0.000985916
0.000983866
0.000982593
0.000982039
0.00111438
0.00110855
0.00110253
0.00109634
0.00109001
0.00108357
0.00107706
0.0010705
0.00106395
0.00105744
0.00105102
0.00104473
0.00103861
0.0010327
0.00102707
0.00102173
0.00101675
0.00101217
0.00100805
0.00100442
0.00100136
0.000998899
0.000997082
0.000995934
0.000995413
0.00111685
0.00111137
0.00110573
0.00109995
0.00109406
0.00108808
0.00108204
0.00107599
0.00106996
0.00106398
0.0010581
0.00105236
0.00104679
0.00104144
0.00103634
0.00103154
0.00102708
0.00102299
0.00101931
0.0010161
0.00101338
0.0010112
0.00100959
0.00100855
0.00100807
0.00111957
0.00111443
0.00110915
0.00110375
0.00109827
0.00109271
0.00108713
0.00108154
0.00107599
0.0010705
0.00106512
0.00105988
0.00105481
0.00104996
0.00104536
0.00104104
0.00103703
0.00103337
0.0010301
0.00102724
0.00102483
0.00102289
0.00102145
0.00102052
0.00102007
0.0011225
0.00111768
0.00111274
0.00110771
0.0011026
0.00109745
0.00109228
0.00108712
0.00108201
0.00107698
0.00107205
0.00106727
0.00106266
0.00105827
0.00105411
0.00105022
0.00104662
0.00104335
0.00104043
0.00103788
0.00103574
0.00103401
0.00103272
0.00103188
0.00103147
0.00112562
0.0011211
0.00111648
0.00111178
0.00110703
0.00110226
0.00109747
0.00109271
0.00108801
0.00108339
0.00107888
0.00107452
0.00107034
0.00106635
0.00106259
0.00105909
0.00105586
0.00105293
0.00105032
0.00104805
0.00104614
0.00104461
0.00104345
0.00104269
0.00104232
0.00112889
0.00112465
0.00112033
0.00111595
0.00111154
0.00110711
0.00110268
0.00109829
0.00109396
0.00108973
0.0010856
0.00108163
0.00107782
0.00107421
0.00107082
0.00106767
0.00106477
0.00106215
0.00105982
0.00105779
0.00105609
0.00105472
0.00105368
0.00105299
0.00105265
0.00113228
0.00112831
0.00112427
0.00112019
0.00111609
0.00111198
0.00110789
0.00110384
0.00109986
0.00109597
0.00109221
0.00108858
0.00108512
0.00108185
0.00107879
0.00107595
0.00107335
0.001071
0.00106892
0.00106711
0.00106559
0.00106437
0.00106344
0.00106282
0.0010625
0.00113576
0.00113205
0.00112828
0.00112448
0.00112066
0.00111686
0.00111307
0.00110934
0.00110568
0.00110212
0.00109867
0.00109537
0.00109223
0.00108927
0.00108651
0.00108395
0.00108162
0.00107952
0.00107766
0.00107605
0.00107469
0.00107359
0.00107276
0.0010722
0.00107191
0.00113933
0.00113585
0.00113233
0.00112879
0.00112525
0.00112172
0.00111822
0.00111478
0.00111142
0.00110815
0.00110501
0.001102
0.00109915
0.00109647
0.00109398
0.00109168
0.00108959
0.00108771
0.00108605
0.00108461
0.0010834
0.00108242
0.00108167
0.00108116
0.00108089
0.00114294
0.00113969
0.00113641
0.00113311
0.00112982
0.00112655
0.00112332
0.00112015
0.00111706
0.00111407
0.0011112
0.00110846
0.00110587
0.00110345
0.0011012
0.00109914
0.00109726
0.00109558
0.0010941
0.00109282
0.00109174
0.00109086
0.00109019
0.00108973
0.00108948
0.0011466
0.00114355
0.00114049
0.00113742
0.00113437
0.00113134
0.00112836
0.00112544
0.0011226
0.00111986
0.00111724
0.00111474
0.0011124
0.00111021
0.00110818
0.00110633
0.00110465
0.00110315
0.00110183
0.00110069
0.00109973
0.00109895
0.00109834
0.00109792
0.0010977
0.00115027
0.00114743
0.00114457
0.00114172
0.00113888
0.00113608
0.00113332
0.00113063
0.00112803
0.00112552
0.00112313
0.00112086
0.00111873
0.00111675
0.00111493
0.00111327
0.00111177
0.00111043
0.00110926
0.00110824
0.00110739
0.00110669
0.00110615
0.00110576
0.00110556
0.00115395
0.00115129
0.00114863
0.00114597
0.00114334
0.00114075
0.00113821
0.00113573
0.00113334
0.00113104
0.00112886
0.0011268
0.00112487
0.00112309
0.00112145
0.00111996
0.00111863
0.00111743
0.00111639
0.00111549
0.00111473
0.0011141
0.00111362
0.00111327
0.00111308
0.00115763
0.00115514
0.00115265
0.00115019
0.00114774
0.00114534
0.001143
0.00114072
0.00113853
0.00113643
0.00113444
0.00113257
0.00113083
0.00112922
0.00112775
0.00112642
0.00112522
0.00112416
0.00112324
0.00112244
0.00112176
0.00112121
0.00112077
0.00112045
0.00112028
0.00116128
0.00115896
0.00115664
0.00115434
0.00115208
0.00114986
0.00114769
0.0011456
0.00114359
0.00114167
0.00113986
0.00113816
0.00113659
0.00113514
0.00113382
0.00113263
0.00113157
0.00113063
0.00112981
0.00112911
0.00112851
0.00112802
0.00112762
0.00112733
0.00112717
0.0011649
0.00116273
0.00116057
0.00115844
0.00115634
0.00115428
0.00115229
0.00115036
0.00114852
0.00114677
0.00114512
0.00114358
0.00114216
0.00114086
0.00113968
0.00113862
0.00113768
0.00113685
0.00113612
0.0011355
0.00113497
0.00113454
0.00113418
0.00113392
0.00113377
0.00116849
0.00116646
0.00116444
0.00116246
0.00116051
0.00115861
0.00115677
0.001155
0.00115332
0.00115172
0.00115022
0.00114882
0.00114754
0.00114638
0.00114532
0.00114438
0.00114355
0.00114282
0.00114218
0.00114163
0.00114117
0.00114078
0.00114047
0.00114022
0.00114008
0.00117202
0.00117012
0.00116825
0.0011664
0.0011646
0.00116284
0.00116115
0.00115952
0.00115798
0.00115652
0.00115516
0.0011539
0.00115274
0.0011517
0.00115076
0.00114993
0.00114919
0.00114855
0.00114799
0.00114751
0.0011471
0.00114676
0.00114648
0.00114626
0.00114612
0.0011755
0.00117372
0.00117197
0.00117026
0.00116859
0.00116697
0.00116541
0.00116391
0.0011625
0.00116117
0.00115994
0.0011588
0.00115776
0.00115683
0.001156
0.00115526
0.00115461
0.00115405
0.00115357
0.00115315
0.00115279
0.00115249
0.00115223
0.00115203
0.00115191
0.00117891
0.00117725
0.00117562
0.00117403
0.00117248
0.00117098
0.00116954
0.00116817
0.00116688
0.00116567
0.00116455
0.00116353
0.0011626
0.00116177
0.00116103
0.00116038
0.00115982
0.00115933
0.00115891
0.00115854
0.00115823
0.00115797
0.00115774
0.00115756
0.00115744
0.00118225
0.0011807
0.00117918
0.0011777
0.00117627
0.00117488
0.00117356
0.0011723
0.00117112
0.00117002
0.00116901
0.00116809
0.00116726
0.00116652
0.00116587
0.0011653
0.00116481
0.00116439
0.00116402
0.00116371
0.00116344
0.00116321
0.00116301
0.00116283
0.00116272
0.00118551
0.00118407
0.00118265
0.00118127
0.00117994
0.00117867
0.00117745
0.0011763
0.00117522
0.00117422
0.00117331
0.00117248
0.00117174
0.00117109
0.00117051
0.00117002
0.0011696
0.00116923
0.00116892
0.00116866
0.00116842
0.00116822
0.00116804
0.00116788
0.00116777
0.0011887
0.00118734
0.00118602
0.00118474
0.00118351
0.00118233
0.00118121
0.00118016
0.00117918
0.00117827
0.00117745
0.00117671
0.00117605
0.00117547
0.00117497
0.00117454
0.00117418
0.00117387
0.00117361
0.00117338
0.00117318
0.00117301
0.00117284
0.0011727
0.00117259
0.00119179
0.00119053
0.0011893
0.00118811
0.00118697
0.00118588
0.00118485
0.00118389
0.00118299
0.00118217
0.00118143
0.00118076
0.00118018
0.00117968
0.00117924
0.00117888
0.00117857
0.00117831
0.00117809
0.0011779
0.00117773
0.00117758
0.00117743
0.00117729
0.00117719
0.0011948
0.00119361
0.00119247
0.00119136
0.0011903
0.0011893
0.00118835
0.00118747
0.00118666
0.00118592
0.00118525
0.00118466
0.00118415
0.0011837
0.00118333
0.00118302
0.00118276
0.00118255
0.00118237
0.00118221
0.00118207
0.00118194
0.0011818
0.00118168
0.00118158
0.00119771
0.0011966
0.00119553
0.0011945
0.00119352
0.0011926
0.00119173
0.00119092
0.00119018
0.00118951
0.00118892
0.00118839
0.00118794
0.00118756
0.00118724
0.00118698
0.00118677
0.00118659
0.00118645
0.00118632
0.0011862
0.00118609
0.00118597
0.00118585
0.00118576
0.00120052
0.00119948
0.00119848
0.00119753
0.00119662
0.00119577
0.00119497
0.00119423
0.00119356
0.00119296
0.00119243
0.00119197
0.00119157
0.00119124
0.00119098
0.00119076
0.00119059
0.00119045
0.00119034
0.00119024
0.00119014
0.00119004
0.00118994
0.00118982
0.00118973
0.00120323
0.00120226
0.00120132
0.00120043
0.00119959
0.00119881
0.00119808
0.00119741
0.0011968
0.00119626
0.00119578
0.00119538
0.00119504
0.00119476
0.00119454
0.00119436
0.00119423
0.00119413
0.00119404
0.00119396
0.00119389
0.0011938
0.00119371
0.00119359
0.0011935
0.00120584
0.00120492
0.00120405
0.00120322
0.00120245
0.00120172
0.00120105
0.00120044
0.00119989
0.00119941
0.00119899
0.00119863
0.00119834
0.00119811
0.00119793
0.0011978
0.0011977
0.00119762
0.00119756
0.00119751
0.00119745
0.00119737
0.00119728
0.00119718
0.00119708
0.00120833
0.00120748
0.00120666
0.00120589
0.00120517
0.0012045
0.00120389
0.00120333
0.00120284
0.00120241
0.00120204
0.00120173
0.00120149
0.0012013
0.00120115
0.00120106
0.00120099
0.00120094
0.0012009
0.00120087
0.00120082
0.00120076
0.00120068
0.00120057
0.00120047
0.00121072
0.00120992
0.00120915
0.00120844
0.00120777
0.00120715
0.00120659
0.00120609
0.00120564
0.00120526
0.00120494
0.00120468
0.00120447
0.00120432
0.00120422
0.00120415
0.00120411
0.00120409
0.00120407
0.00120405
0.00120402
0.00120397
0.00120389
0.00120378
0.00120368
0.001213
0.00121224
0.00121152
0.00121086
0.00121024
0.00120967
0.00120916
0.0012087
0.0012083
0.00120797
0.00120769
0.00120747
0.0012073
0.00120719
0.00120711
0.00120708
0.00120706
0.00120707
0.00120707
0.00120706
0.00120704
0.001207
0.00120692
0.00120681
0.00120671
0.00121516
0.00121444
0.00121377
0.00121315
0.00121258
0.00121205
0.00121159
0.00121118
0.00121082
0.00121053
0.00121029
0.00121011
0.00120998
0.00120989
0.00120985
0.00120984
0.00120986
0.00120988
0.0012099
0.00120991
0.0012099
0.00120986
0.00120978
0.00120967
0.00120956
0.0012172
0.00121653
0.0012159
0.00121532
0.00121479
0.00121431
0.00121388
0.00121351
0.0012132
0.00121294
0.00121274
0.00121259
0.0012125
0.00121245
0.00121244
0.00121245
0.00121249
0.00121253
0.00121257
0.00121259
0.00121259
0.00121255
0.00121248
0.00121236
0.00121224
0.00121913
0.00121849
0.0012179
0.00121736
0.00121686
0.00121642
0.00121604
0.0012157
0.00121543
0.00121521
0.00121504
0.00121493
0.00121487
0.00121485
0.00121486
0.00121491
0.00121497
0.00121503
0.00121508
0.00121512
0.00121512
0.00121509
0.00121501
0.00121488
0.00121475
0.00122093
0.00122033
0.00121977
0.00121927
0.00121881
0.0012184
0.00121805
0.00121776
0.00121751
0.00121733
0.0012172
0.00121712
0.00121709
0.0012171
0.00121714
0.00121721
0.00121729
0.00121737
0.00121744
0.00121749
0.0012175
0.00121747
0.00121738
0.00121725
0.0012171
0.00122262
0.00122205
0.00122152
0.00122104
0.00122062
0.00122025
0.00121993
0.00121967
0.00121946
0.0012193
0.0012192
0.00121915
0.00121915
0.00121919
0.00121926
0.00121936
0.00121946
0.00121957
0.00121965
0.00121971
0.00121973
0.0012197
0.00121961
0.00121946
0.0012193
0.00122418
0.00122363
0.00122314
0.00122269
0.0012223
0.00122195
0.00122167
0.00122143
0.00122125
0.00122113
0.00122106
0.00122104
0.00122107
0.00122114
0.00122124
0.00122136
0.00122149
0.00122161
0.00122172
0.0012218
0.00122182
0.0012218
0.0012217
0.00122153
0.00122134
0.00122561
0.00122509
0.00122462
0.0012242
0.00122383
0.00122352
0.00122326
0.00122306
0.00122291
0.00122281
0.00122277
0.00122278
0.00122284
0.00122294
0.00122306
0.00122321
0.00122337
0.00122352
0.00122365
0.00122374
0.00122378
0.00122376
0.00122366
0.00122346
0.00122325
0.00122692
0.00122642
0.00122597
0.00122558
0.00122524
0.00122495
0.00122471
0.00122454
0.00122441
0.00122435
0.00122433
0.00122437
0.00122446
0.00122458
0.00122474
0.00122492
0.00122511
0.00122529
0.00122545
0.00122556
0.00122562
0.0012256
0.00122549
0.00122527
0.00122502
0.00122809
0.00122762
0.00122719
0.00122682
0.0012265
0.00122624
0.00122602
0.00122587
0.00122577
0.00122573
0.00122574
0.00122581
0.00122592
0.00122608
0.00122627
0.00122648
0.0012267
0.00122692
0.00122711
0.00122726
0.00122734
0.00122734
0.00122723
0.00122698
0.00122669
0.00122914
0.00122869
0.00122828
0.00122793
0.00122763
0.00122738
0.00122719
0.00122706
0.00122698
0.00122696
0.001227
0.00122709
0.00122724
0.00122742
0.00122765
0.0012279
0.00122816
0.00122842
0.00122865
0.00122885
0.00122897
0.001229
0.00122889
0.00122861
0.00122826
0.00123006
0.00122962
0.00122923
0.0012289
0.00122861
0.00122838
0.00122821
0.0012281
0.00122804
0.00122805
0.00122811
0.00122822
0.00122839
0.00122861
0.00122887
0.00122916
0.00122947
0.00122978
0.00123007
0.00123033
0.00123051
0.00123058
0.0012305
0.00123019
0.00122977
0.00123085
0.00123043
0.00123005
0.00122973
0.00122946
0.00122924
0.00122909
0.00122899
0.00122895
0.00122897
0.00122905
0.00122919
0.00122939
0.00122964
0.00122993
0.00123026
0.00123063
0.001231
0.00123137
0.0012317
0.00123197
0.00123213
0.0012321
0.00123178
0.0012313
0.00123151
0.0012311
0.00123073
0.00123042
0.00123016
0.00122996
0.00122982
0.00122973
0.00122971
0.00122975
0.00122984
0.00123
0.00123022
0.0012305
0.00123083
0.00123121
0.00123162
0.00123207
0.00123253
0.00123298
0.00123337
0.00123367
0.00123376
0.00123347
0.00123295
0.00123204
0.00123164
0.00123128
0.00123098
0.00123073
0.00123054
0.0012304
0.00123033
0.00123031
0.00123036
0.00123047
0.00123065
0.00123089
0.00123119
0.00123155
0.00123197
0.00123245
0.00123298
0.00123354
0.00123413
0.00123471
0.00123523
0.00123554
0.00123539
0.00123493
0.00123244
0.00123204
0.00123169
0.0012314
0.00123116
0.00123097
0.00123084
0.00123077
0.00123077
0.00123082
0.00123094
0.00123113
0.00123138
0.0012317
0.00123209
0.00123255
0.00123308
0.00123369
0.00123438
0.00123514
0.00123597
0.00123681
0.00123752
0.00123774
0.00123759
0.00123272
0.00123232
0.00123198
0.00123168
0.00123145
0.00123126
0.00123114
0.00123107
0.00123107
0.00123112
0.00123125
0.00123144
0.00123169
0.00123202
0.00123243
0.00123291
0.00123349
0.00123417
0.00123497
0.00123592
0.00123704
0.00123835
0.00123975
0.00124095
0.00124189
0.00123287
0.00123247
0.00123213
0.00123184
0.0012316
0.00123142
0.00123129
0.00123122
0.00123121
0.00123127
0.00123139
0.00123157
0.00123183
0.00123215
0.00123255
0.00123304
0.00123363
0.00123435
0.00123523
0.00123634
0.00123777
0.00123965
0.00124219
0.00124595
0.00125101
0.00123292
0.00123252
0.00123218
0.00123189
0.00123165
0.00123146
0.00123133
0.00123126
0.00123125
0.0012313
0.00123141
0.00123158
0.00123182
0.00123214
0.00123252
0.001233
0.00123358
0.00123429
0.00123519
0.00123639
0.00123805
0.00124046
0.00124435
0.00125258
0.00126854
0.000614951
0.000619554
0.000623517
0.000623946
0.000622226
0.00061918
0.000615176
0.000610465
0.000605244
0.000599661
0.000593825
0.000587818
0.000581701
0.000575522
0.000569315
0.000563106
0.000556915
0.000550757
0.000544641
0.000538575
0.000532565
0.000526612
0.000520718
0.000514883
0.000509107
0.000503387
0.000497721
0.000492108
0.000486543
0.000481026
0.000475551
0.000470117
0.00046472
0.000459357
0.000454026
0.000448723
0.000443446
0.000438192
0.000432959
0.000427744
0.000422545
0.000417361
0.000412188
0.000407026
0.000401871
0.000396724
0.000391582
0.000386444
0.000381308
0.000376174
0.00037104
0.000365906
0.00036077
0.000355631
0.000350489
0.000345342
0.000340192
0.000335035
0.000329874
0.000324706
0.000319531
0.000314349
0.000309161
0.000303964
0.00029876
0.000293548
0.000288328
0.0002831
0.000277864
0.000272619
0.000267366
0.000262105
0.000256836
0.000251558
0.000246272
0.000240978
0.000235676
0.000230367
0.000225049
0.000219724
0.000214392
0.000209053
0.000203706
0.000198352
0.000192992
0.000187625
0.000182252
0.000176872
0.000171487
0.000166095
0.000160699
0.000155296
0.000149889
0.000144477
0.00013906
0.000133638
0.000128212
0.000122782
0.000117348
0.00011191
0.000106468
0.000101023
9.55754e-05
9.01244e-05
8.46705e-05
7.9214e-05
7.37551e-05
6.82939e-05
6.28306e-05
5.73654e-05
5.18984e-05
4.64299e-05
4.096e-05
3.54889e-05
3.00168e-05
2.45438e-05
1.907e-05
1.35971e-05
8.12333e-06
2.69354e-06
0.000629857
0.000628759
0.000628729
0.000627387
0.000624669
0.000620951
0.000616481
0.000611441
0.000605981
0.00060022
0.00059425
0.00058814
0.000581944
0.000575704
0.00056945
0.000563205
0.000556986
0.000550806
0.000544675
0.000538597
0.000532577
0.000526618
0.000520719
0.000514881
0.000509102
0.00050338
0.000497714
0.0004921
0.000486536
0.000481018
0.000475544
0.00047011
0.000464713
0.000459351
0.00045402
0.000448718
0.000443441
0.000438188
0.000432955
0.000427741
0.000422543
0.000417358
0.000412186
0.000407024
0.00040187
0.000396723
0.000391581
0.000386444
0.000381308
0.000376174
0.000371041
0.000365906
0.00036077
0.000355632
0.00035049
0.000345344
0.000340193
0.000335037
0.000329875
0.000324707
0.000319533
0.000314351
0.000309162
0.000303966
0.000298762
0.00029355
0.00028833
0.000283102
0.000277866
0.000272621
0.000267368
0.000262107
0.000256838
0.00025156
0.000246274
0.00024098
0.000235678
0.000230369
0.000225051
0.000219726
0.000214394
0.000209054
0.000203707
0.000198354
0.000192993
0.000187626
0.000182253
0.000176873
0.000171488
0.000166097
0.0001607
0.000155298
0.00014989
0.000144478
0.000139061
0.000133639
0.000128213
0.000122783
0.000117349
0.000111911
0.000106469
0.000101024
9.55761e-05
9.0125e-05
8.46711e-05
7.92146e-05
7.37556e-05
6.82943e-05
6.2831e-05
5.73657e-05
5.18988e-05
4.64302e-05
4.09603e-05
3.54892e-05
3.0017e-05
2.45439e-05
1.90702e-05
1.35976e-05
8.12568e-06
2.69536e-06
0.000643849
0.000639561
0.000636327
0.000632804
0.000628645
0.000623916
0.000618716
0.000613141
0.000607284
0.000601223
0.000595024
0.000588737
0.000582405
0.000576058
0.00056972
0.00056341
0.000557141
0.000550923
0.000544761
0.00053866
0.000532623
0.00052665
0.000520741
0.000514896
0.000509111
0.000503385
0.000497716
0.0004921
0.000486534
0.000481015
0.000475541
0.000470106
0.00046471
0.000459347
0.000454017
0.000448715
0.000443438
0.000438185
0.000432953
0.000427739
0.000422541
0.000417357
0.000412185
0.000407023
0.000401869
0.000396723
0.000391581
0.000386443
0.000381308
0.000376175
0.000371041
0.000365907
0.000360771
0.000355633
0.000350491
0.000345345
0.000340194
0.000335038
0.000329877
0.000324709
0.000319534
0.000314353
0.000309164
0.000303968
0.000298764
0.000293552
0.000288332
0.000283104
0.000277868
0.000272623
0.00026737
0.000262109
0.000256839
0.000251562
0.000246276
0.000240982
0.00023568
0.00023037
0.000225053
0.000219728
0.000214395
0.000209056
0.000203709
0.000198355
0.000192995
0.000187628
0.000182254
0.000176875
0.000171489
0.000166098
0.000160701
0.000155299
0.000149891
0.000144479
0.000139062
0.00013364
0.000128214
0.000122784
0.000117349
0.000111911
0.00010647
0.000101025
9.55767e-05
9.01255e-05
8.46716e-05
7.9215e-05
7.3756e-05
6.82947e-05
6.28313e-05
5.7366e-05
5.1899e-05
4.64304e-05
4.09605e-05
3.54893e-05
3.00172e-05
2.45442e-05
1.90706e-05
1.35984e-05
8.12764e-06
2.69661e-06
0.00065757
0.000650784
0.000644958
0.000639365
0.000633664
0.000627772
0.00062169
0.000615444
0.000609073
0.000602616
0.00059611
0.000589586
0.000583067
0.000576574
0.000570123
0.000563723
0.000557384
0.00055111
0.000544905
0.000538771
0.000532708
0.000526715
0.000520791
0.000514933
0.000509139
0.000503406
0.000497732
0.000492112
0.000486543
0.000481022
0.000475545
0.000470109
0.000464712
0.000459349
0.000454018
0.000448715
0.000443438
0.000438185
0.000432953
0.000427738
0.00042254
0.000417356
0.000412184
0.000407023
0.000401869
0.000396722
0.000391581
0.000386444
0.000381309
0.000376175
0.000371041
0.000365907
0.000360771
0.000355633
0.000350491
0.000345345
0.000340195
0.000335039
0.000329877
0.000324709
0.000319535
0.000314353
0.000309165
0.000303968
0.000298764
0.000293552
0.000288333
0.000283104
0.000277868
0.000272623
0.000267371
0.000262109
0.00025684
0.000251562
0.000246276
0.000240982
0.00023568
0.000230371
0.000225053
0.000219728
0.000214396
0.000209056
0.000203709
0.000198355
0.000192995
0.000187628
0.000182255
0.000176875
0.000171489
0.000166098
0.000160701
0.000155299
0.000149891
0.000144479
0.000139062
0.00013364
0.000128214
0.000122784
0.000117349
0.000111911
0.00010647
0.000101025
9.55768e-05
9.01256e-05
8.46717e-05
7.92151e-05
7.3756e-05
6.82947e-05
6.28313e-05
5.73661e-05
5.1899e-05
4.64305e-05
4.09605e-05
3.54894e-05
3.00173e-05
2.45443e-05
1.90709e-05
1.3599e-05
8.12866e-06
2.69718e-06
0.000671036
0.00066211
0.000654085
0.000646589
0.000639353
0.00063224
0.000625192
0.000618191
0.00061123
0.000604313
0.000597446
0.000590637
0.000583895
0.000577226
0.000570635
0.000564126
0.0005577
0.000551358
0.0005451
0.000538924
0.000532828
0.000526809
0.000520864
0.000514991
0.000509185
0.000503443
0.00049776
0.000492134
0.000486561
0.000481036
0.000475557
0.000470119
0.00046472
0.000459355
0.000454023
0.000448719
0.000443442
0.000438188
0.000432955
0.000427741
0.000422542
0.000417358
0.000412186
0.000407023
0.00040187
0.000396723
0.000391581
0.000386444
0.000381309
0.000376175
0.000371041
0.000365907
0.000360771
0.000355633
0.000350491
0.000345345
0.000340194
0.000335038
0.000329876
0.000324709
0.000319534
0.000314353
0.000309164
0.000303968
0.000298764
0.000293552
0.000288332
0.000283104
0.000277867
0.000272623
0.00026737
0.000262109
0.000256839
0.000251561
0.000246275
0.000240982
0.00023568
0.00023037
0.000225052
0.000219727
0.000214395
0.000209055
0.000203709
0.000198355
0.000192994
0.000187627
0.000182254
0.000176874
0.000171489
0.000166098
0.000160701
0.000155298
0.000149891
0.000144479
0.000139061
0.00013364
0.000128214
0.000122783
0.000117349
0.000111911
0.00010647
0.000101025
9.55764e-05
9.01253e-05
8.46714e-05
7.92148e-05
7.37557e-05
6.82945e-05
6.28311e-05
5.73658e-05
5.18988e-05
4.64303e-05
4.09604e-05
3.54893e-05
3.00172e-05
2.45444e-05
1.90711e-05
1.35994e-05
8.12923e-06
2.6975e-06
0.000684048
0.000673202
0.000663246
0.000654018
0.000645323
0.000637001
0.000628969
0.000621185
0.000613604
0.000606196
0.000598939
0.000591821
0.000584833
0.000577969
0.000571224
0.000564592
0.000558069
0.000551651
0.000545332
0.000539108
0.000532974
0.000526925
0.000520958
0.000515066
0.000509245
0.000503492
0.0004978
0.000492167
0.000486588
0.000481059
0.000475576
0.000470135
0.000464733
0.000459367
0.000454033
0.000448728
0.000443449
0.000438194
0.00043296
0.000427745
0.000422546
0.000417361
0.000412188
0.000407025
0.000401871
0.000396724
0.000391582
0.000386444
0.000381309
0.000376175
0.000371041
0.000365906
0.00036077
0.000355631
0.000350489
0.000345343
0.000340193
0.000335037
0.000329875
0.000324707
0.000319532
0.000314351
0.000309162
0.000303966
0.000298762
0.00029355
0.00028833
0.000283102
0.000277865
0.000272621
0.000267368
0.000262106
0.000256837
0.000251559
0.000246273
0.00024098
0.000235678
0.000230368
0.000225051
0.000219726
0.000214393
0.000209054
0.000203707
0.000198353
0.000192993
0.000187626
0.000182252
0.000176873
0.000171487
0.000166096
0.000160699
0.000155297
0.00014989
0.000144477
0.00013906
0.000133639
0.000128212
0.000122782
0.000117348
0.00011191
0.000106469
0.000101024
9.55756e-05
9.01245e-05
8.46706e-05
7.92141e-05
7.37551e-05
6.82939e-05
6.28305e-05
5.73653e-05
5.18984e-05
4.64299e-05
4.096e-05
3.5489e-05
3.00169e-05
2.45442e-05
1.9071e-05
1.35995e-05
8.12944e-06
2.69765e-06
0.000696571
0.000683844
0.000672097
0.000661279
0.000651207
0.00064173
0.000632767
0.000624228
0.000616038
0.000608139
0.000600489
0.000593056
0.000585817
0.000578753
0.000571848
0.00056509
0.000558466
0.000551967
0.000545585
0.000539311
0.000533137
0.000527057
0.000521064
0.000515153
0.000509316
0.00050355
0.000497849
0.000492208
0.000486622
0.000481088
0.0004756
0.000470156
0.000464751
0.000459382
0.000454046
0.000448739
0.000443459
0.000438203
0.000432968
0.000427751
0.000422551
0.000417365
0.000412191
0.000407028
0.000401873
0.000396725
0.000391583
0.000386444
0.000381309
0.000376174
0.00037104
0.000365905
0.000360769
0.00035563
0.000350487
0.000345341
0.00034019
0.000335034
0.000329872
0.000324704
0.000319529
0.000314348
0.000309159
0.000303962
0.000298758
0.000293546
0.000288326
0.000283098
0.000277862
0.000272617
0.000267364
0.000262103
0.000256834
0.000251556
0.00024627
0.000240976
0.000235674
0.000230365
0.000225048
0.000219723
0.00021439
0.000209051
0.000203704
0.00019835
0.00019299
0.000187623
0.00018225
0.00017687
0.000171485
0.000166094
0.000160697
0.000155295
0.000149888
0.000144475
0.000139058
0.000133637
0.000128211
0.000122781
0.000117347
0.000111909
0.000106467
0.000101022
9.55744e-05
9.01234e-05
8.46695e-05
7.92131e-05
7.37541e-05
6.8293e-05
6.28297e-05
5.73645e-05
5.18976e-05
4.64292e-05
4.09594e-05
3.54885e-05
3.00165e-05
2.45438e-05
1.90708e-05
1.35993e-05
8.12934e-06
2.69762e-06
0.00070866
0.000693916
0.000680397
0.000668044
0.000656691
0.000646175
0.000636363
0.000627129
0.000618373
0.000610014
0.000601993
0.000594262
0.000586783
0.000579526
0.000572467
0.000565586
0.000558864
0.000552287
0.000545843
0.000539519
0.000533306
0.000527195
0.000521178
0.000515246
0.000509394
0.000503616
0.000497904
0.000492255
0.000486662
0.000481122
0.00047563
0.000470182
0.000464774
0.000459402
0.000454063
0.000448754
0.000443472
0.000438214
0.000432977
0.000427759
0.000422558
0.000417371
0.000412196
0.000407032
0.000401876
0.000396727
0.000391584
0.000386445
0.000381309
0.000376174
0.000371039
0.000365904
0.000360767
0.000355627
0.000350485
0.000345338
0.000340187
0.00033503
0.000329868
0.0003247
0.000319525
0.000314343
0.000309154
0.000303958
0.000298754
0.000293542
0.000288322
0.000283094
0.000277857
0.000272613
0.00026736
0.000262098
0.000256829
0.000251551
0.000246266
0.000240972
0.00023567
0.000230361
0.000225043
0.000219719
0.000214386
0.000209047
0.0002037
0.000198347
0.000192987
0.00018762
0.000182247
0.000176867
0.000171482
0.000166091
0.000160694
0.000155292
0.000149885
0.000144473
0.000139056
0.000133634
0.000128209
0.000122779
0.000117345
0.000111907
0.000106465
0.000101021
9.55727e-05
9.01218e-05
8.46681e-05
7.92117e-05
7.37529e-05
6.82918e-05
6.28286e-05
5.73635e-05
5.18967e-05
4.64284e-05
4.09587e-05
3.54878e-05
3.00159e-05
2.45433e-05
1.90703e-05
1.35988e-05
8.12891e-06
2.6974e-06
0.000720409
0.00070327
0.000687906
0.000674085
0.000661561
0.000650118
0.000639558
0.000629716
0.000620464
0.000611702
0.000603354
0.000595357
0.000587665
0.000580236
0.000573039
0.000566046
0.000559236
0.000552589
0.000546088
0.000539719
0.000533471
0.000527331
0.000521291
0.000515341
0.000509474
0.000503684
0.000497962
0.000492305
0.000486706
0.00048116
0.000475663
0.000470211
0.000464799
0.000459424
0.000454083
0.000448771
0.000443487
0.000438227
0.000432988
0.000427769
0.000422566
0.000417378
0.000412202
0.000407036
0.00040188
0.00039673
0.000391586
0.000386446
0.000381309
0.000376173
0.000371038
0.000365902
0.000360764
0.000355625
0.000350482
0.000345335
0.000340183
0.000335026
0.000329864
0.000324695
0.00031952
0.000314338
0.000309149
0.000303953
0.000298749
0.000293536
0.000288316
0.000283088
0.000277852
0.000272607
0.000267354
0.000262093
0.000256824
0.000251546
0.000246261
0.000240967
0.000235665
0.000230356
0.000225039
0.000219714
0.000214382
0.000209042
0.000203696
0.000198342
0.000192982
0.000187616
0.000182243
0.000176863
0.000171478
0.000166087
0.000160691
0.000155289
0.000149882
0.00014447
0.000139053
0.000133632
0.000128206
0.000122776
0.000117342
0.000111904
0.000106463
0.000101019
9.55708e-05
9.012e-05
8.46663e-05
7.92101e-05
7.37514e-05
6.82904e-05
6.28273e-05
5.73624e-05
5.18957e-05
4.64274e-05
4.09578e-05
3.5487e-05
3.00152e-05
2.45427e-05
1.90696e-05
1.35981e-05
8.12813e-06
2.69702e-06
0.000731794
0.000711553
0.000694272
0.000679105
0.00066557
0.000653355
0.000642187
0.000631854
0.000622201
0.000613111
0.000604495
0.000596281
0.000588411
0.00058084
0.000573528
0.000566444
0.00055956
0.000552854
0.000546306
0.0005399
0.000533621
0.000527458
0.000521398
0.000515432
0.000509553
0.000503751
0.000498021
0.000492356
0.000486751
0.0004812
0.000475699
0.000470242
0.000464827
0.000459449
0.000454105
0.000448791
0.000443504
0.000438242
0.000433001
0.00042778
0.000422576
0.000417386
0.000412208
0.000407042
0.000401884
0.000396733
0.000391588
0.000386447
0.000381309
0.000376173
0.000371037
0.0003659
0.000360762
0.000355622
0.000350478
0.000345331
0.000340179
0.000335022
0.000329859
0.00032469
0.000319515
0.000314333
0.000309144
0.000303947
0.000298743
0.00029353
0.00028831
0.000283082
0.000277846
0.000272601
0.000267348
0.000262087
0.000256818
0.00025154
0.000246255
0.000240961
0.000235659
0.00023035
0.000225033
0.000219708
0.000214376
0.000209037
0.000203691
0.000198338
0.000192978
0.000187611
0.000182238
0.000176859
0.000171474
0.000166083
0.000160687
0.000155285
0.000149878
0.000144466
0.00013905
0.000133628
0.000128203
0.000122773
0.000117339
0.000111902
0.000106461
0.000101016
9.55686e-05
9.01179e-05
8.46644e-05
7.92083e-05
7.37497e-05
6.82888e-05
6.28259e-05
5.7361e-05
5.18945e-05
4.64263e-05
4.09568e-05
3.54861e-05
3.00144e-05
2.45419e-05
1.90688e-05
1.35972e-05
8.12693e-06
2.69639e-06
0.000742053
0.000717723
0.000698878
0.000682719
0.000668465
0.00065572
0.000644134
0.000633454
0.000623511
0.00061418
0.000605365
0.000596987
0.000588985
0.000581307
0.000573909
0.000566756
0.000559817
0.000553066
0.000546483
0.000540049
0.000533748
0.000527565
0.000521491
0.000515513
0.000509623
0.000503814
0.000498076
0.000492406
0.000486795
0.000481239
0.000475734
0.000470274
0.000464855
0.000459474
0.000454127
0.000448811
0.000443522
0.000438258
0.000433015
0.000427792
0.000422586
0.000417394
0.000412216
0.000407048
0.000401889
0.000396737
0.000391591
0.000386449
0.00038131
0.000376173
0.000371036
0.000365899
0.00036076
0.000355619
0.000350475
0.000345327
0.000340175
0.000335017
0.000329854
0.000324685
0.00031951
0.000314328
0.000309138
0.000303941
0.000298737
0.000293524
0.000288304
0.000283076
0.00027784
0.000272595
0.000267342
0.000262081
0.000256812
0.000251534
0.000246249
0.000240955
0.000235654
0.000230344
0.000225027
0.000219703
0.000214371
0.000209032
0.000203686
0.000198333
0.000192973
0.000187606
0.000182234
0.000176855
0.00017147
0.000166079
0.000160683
0.000155281
0.000149875
0.000144463
0.000139046
0.000133625
0.0001282
0.00012277
0.000117337
0.000111899
0.000106458
0.000101014
9.55663e-05
9.01158e-05
8.46624e-05
7.92064e-05
7.3748e-05
6.82872e-05
6.28244e-05
5.73597e-05
5.18933e-05
4.64253e-05
4.09559e-05
3.54853e-05
3.00136e-05
2.45412e-05
1.9068e-05
1.35961e-05
8.12481e-06
2.69508e-06
0.000749077
0.00072081
0.000701483
0.000684752
0.000670095
0.00065709
0.000645288
0.000634418
0.000624308
0.000614835
0.0006059
0.000597424
0.000589341
0.000581597
0.000574147
0.000566952
0.000559979
0.000553203
0.000546599
0.000540147
0.000533832
0.000527639
0.000521555
0.00051557
0.000509674
0.000503859
0.000498118
0.000492443
0.000486828
0.00048127
0.000475761
0.000470299
0.000464878
0.000459494
0.000454145
0.000448827
0.000443536
0.00043827
0.000433026
0.000427802
0.000422594
0.000417402
0.000412222
0.000407053
0.000401893
0.00039674
0.000391593
0.00038645
0.000381311
0.000376173
0.000371035
0.000365898
0.000360759
0.000355617
0.000350473
0.000345324
0.000340172
0.000335014
0.000329851
0.000324681
0.000319506
0.000314323
0.000309134
0.000303937
0.000298732
0.00029352
0.000288299
0.000283071
0.000277835
0.00027259
0.000267337
0.000262076
0.000256807
0.000251529
0.000246244
0.00024095
0.000235649
0.00023034
0.000225023
0.000219699
0.000214367
0.000209028
0.000203682
0.000198329
0.000192969
0.000187603
0.00018223
0.000176851
0.000171466
0.000166076
0.00016068
0.000155278
0.000149872
0.00014446
0.000139044
0.000133623
0.000128197
0.000122768
0.000117334
0.000111897
0.000106456
0.000101012
9.55645e-05
9.01141e-05
8.46608e-05
7.92049e-05
7.37466e-05
6.8286e-05
6.28233e-05
5.73586e-05
5.18923e-05
4.64244e-05
4.09551e-05
3.54846e-05
3.00131e-05
2.45407e-05
1.90676e-05
1.35955e-05
8.12237e-06
2.69324e-06
)
;

boundaryField
{
    frontWall
    {
        type            empty;
    }
    backWall
    {
        type            empty;
    }
    sideWall
    {
        type            zeroGradient;
    }
    outlet
    {
        type            fixedValue;
        value           uniform 0;
    }
    inlet
    {
        type            zeroGradient;
    }
}


// ************************************************************************* //
