/*--------------------------------*- C++ -*----------------------------------*\
  =========                 |
  \\      /  F ield         | OpenFOAM: The Open Source CFD Toolbox
   \\    /   O peration     | Website:  https://openfoam.org
    \\  /    A nd           | Version:  13
     \\/     M anipulation  |
\*---------------------------------------------------------------------------*/
FoamFile
{
    format      ascii;
    class       volScalarField;
    location    "21";
    object      p;
}
// * * * * * * * * * * * * * * * * * * * * * * * * * * * * * * * * * * * * * //

dimensions      [0 2 -2 0 0 0 0];

internalField   nonuniform List<scalar> 
6440
(
-0.000717668
-0.000717616
-0.000717596
-0.000717553
-0.000717402
-0.000717034
-0.000716313
-0.000715087
-0.000713225
-0.00071059
-0.000707078
-0.000702624
-0.00069722
-0.000690925
-0.000683858
-0.000676188
-0.000668128
-0.000659928
-0.000651813
-0.00064396
-0.000636456
-0.000629331
-0.000622795
-0.000616849
-0.000612004
-0.000718015
-0.000718112
-0.00071837
-0.000718759
-0.000719216
-0.000719641
-0.000719915
-0.000719901
-0.000719441
-0.000718366
-0.000716531
-0.000713788
-0.000710014
-0.000705119
-0.000699064
-0.000691862
-0.000683594
-0.00067438
-0.000664383
-0.000653789
-0.000642785
-0.00063156
-0.000620683
-0.000610797
-0.000602497
-0.00071792
-0.000718194
-0.000718775
-0.000719647
-0.000720763
-0.000722026
-0.000723321
-0.000724504
-0.000725408
-0.000725846
-0.000725614
-0.000724494
-0.000722278
-0.000718785
-0.000713846
-0.00070736
-0.000699287
-0.000689665
-0.000678608
-0.000666301
-0.00065299
-0.000638975
-0.000625035
-0.000612487
-0.000602444
-0.000716761
-0.000717194
-0.000718062
-0.000719355
-0.000721039
-0.000723006
-0.000725137
-0.000727283
-0.000729262
-0.000730867
-0.000731866
-0.000732009
-0.000731032
-0.000728657
-0.000724668
-0.000718893
-0.000711224
-0.00070165
-0.000690257
-0.000677219
-0.0006628
-0.000647324
-0.000631601
-0.0006173
-0.000605909
-0.000714195
-0.000714776
-0.000715902
-0.000717578
-0.000719768
-0.000722358
-0.000725223
-0.000728206
-0.000731114
-0.000733724
-0.000735782
-0.000737012
-0.000737121
-0.000735808
-0.000732759
-0.000727764
-0.000720689
-0.000711485
-0.000700209
-0.000687012
-0.00067214
-0.000655885
-0.000639011
-0.000623359
-0.000610749
-0.000710103
-0.000710828
-0.000712197
-0.000714233
-0.000716893
-0.000720071
-0.000723627
-0.000727395
-0.000731177
-0.000734736
-0.000737806
-0.000740094
-0.000741283
-0.00074105
-0.000739068
-0.000735004
-0.00072873
-0.000720144
-0.000709255
-0.000696217
-0.000681186
-0.000664411
-0.000646634
-0.000629821
-0.000616131
-0.000704479
-0.000705342
-0.000706941
-0.000709319
-0.000712429
-0.000716159
-0.000720377
-0.000724903
-0.000729533
-0.000734025
-0.000738105
-0.00074147
-0.000743792
-0.000744724
-0.000743919
-0.000741029
-0.000735762
-0.000728023
-0.00071775
-0.000704969
-0.000689902
-0.000672722
-0.000654103
-0.000636183
-0.000621461
-0.000697372
-0.000698363
-0.000700174
-0.000702871
-0.000706405
-0.000710658
-0.000715498
-0.00072076
-0.000726219
-0.000731635
-0.000736735
-0.00074121
-0.000744727
-0.000746925
-0.000747432
-0.000745876
-0.000741874
-0.000735188
-0.000725712
-0.000713405
-0.000698341
-0.000680774
-0.000661323
-0.000642278
-0.000626506
-0.000688862
-0.000689964
-0.000691965
-0.000694951
-0.000698872
-0.000703612
-0.000709041
-0.000714993
-0.000721258
-0.000727589
-0.000733711
-0.000739321
-0.000744084
-0.000747634
-0.000749576
-0.000749503
-0.000746999
-0.000741611
-0.000733177
-0.000721543
-0.000706642
-0.000688693
-0.000668427
-0.000648192
-0.000631323
-0.000679054
-0.000680246
-0.000682406
-0.00068564
-0.000689897
-0.000695072
-0.000701036
-0.000707629
-0.000714663
-0.00072188
-0.000729013
-0.000735766
-0.000741806
-0.000746768
-0.000750243
-0.000751788
-0.000750932
-0.000747175
-0.000740043
-0.000729324
-0.000714857
-0.00069667
-0.000675557
-0.000654128
-0.000636129
-0.000668076
-0.000669332
-0.000671611
-0.000675038
-0.000679567
-0.000685101
-0.000691526
-0.000698693
-0.000706425
-0.000714475
-0.000722585
-0.000730465
-0.000737791
-0.000744198
-0.000749275
-0.000752557
-0.000753523
-0.000751609
-0.000746171
-0.000736739
-0.000723026
-0.000704887
-0.000683022
-0.000660435
-0.000641266
-0.000656077
-0.000657366
-0.000659717
-0.000663269
-0.000667983
-0.000673779
-0.000680558
-0.000688191
-0.000696518
-0.000705313
-0.00071433
-0.000723293
-0.000731885
-0.000739748
-0.000746472
-0.000751583
-0.00075453
-0.00075468
-0.000751315
-0.00074362
-0.000731119
-0.000713487
-0.000691159
-0.000667428
-0.000647123
-0.000643226
-0.000644515
-0.000646881
-0.000650477
-0.000655274
-0.000661207
-0.000668199
-0.000676146
-0.000684915
-0.000694313
-0.000704117
-0.000714072
-0.000723876
-0.000733179
-0.000741574
-0.000748589
-0.000753659
-0.000756111
-0.000755139
-0.00074977
-0.000739105
-0.000722526
-0.000700255
-0.000675576
-0.000654286
-0.000629712
-0.000630964
-0.000633284
-0.000636834
-0.000641593
-0.000647516
-0.000654547
-0.00066261
-0.000671606
-0.000681399
-0.000691798
-0.000702582
-0.000713479
-0.000724159
-0.000734224
-0.000743202
-0.00075053
-0.000755523
-0.000757326
-0.000754854
-0.000746821
-0.000732178
-0.00071068
-0.000685622
-0.000663576
-0.000615743
-0.000616922
-0.000619131
-0.000622537
-0.000627129
-0.000632877
-0.000639747
-0.000647692
-0.000656649
-0.000666537
-0.000677241
-0.000688581
-0.000700345
-0.000712245
-0.000723911
-0.000734875
-0.00074459
-0.000752382
-0.000757386
-0.000758437
-0.000754015
-0.00074251
-0.000722964
-0.000698474
-0.000676106
-0.00060154
-0.00060261
-0.000604645
-0.000607809
-0.000612098
-0.000617496
-0.000623987
-0.000631549
-0.000640155
-0.000649772
-0.000660371
-0.000671859
-0.0006841
-0.000696887
-0.000709911
-0.000722734
-0.000734929
-0.000745831
-0.000754558
-0.000759913
-0.000760245
-0.000753437
-0.00073766
-0.000715304
-0.000693595
-0.000587335
-0.000588263
-0.000590064
-0.000592889
-0.000596739
-0.00060161
-0.000607495
-0.000614393
-0.000622304
-0.000631236
-0.000641225
-0.000652311
-0.000664444
-0.000677517
-0.000691347
-0.000705715
-0.000720258
-0.000734412
-0.000747366
-0.000757955
-0.00076447
-0.000764449
-0.000755138
-0.000737727
-0.000718753
-0.000573365
-0.000574125
-0.000575637
-0.000578029
-0.000581309
-0.000585487
-0.000590546
-0.000596499
-0.000603365
-0.000611197
-0.000620063
-0.000630072
-0.000641321
-0.00065387
-0.000667704
-0.000682751
-0.000698959
-0.000715997
-0.00073331
-0.000749954
-0.00076436
-0.000773949
-0.00077516
-0.000768062
-0.000756663
-0.000559888
-0.000560457
-0.000561634
-0.000563535
-0.00056616
-0.000569517
-0.00057358
-0.000578371
-0.000583902
-0.000590294
-0.000597633
-0.000606053
-0.000615715
-0.000626807
-0.000639519
-0.000654057
-0.00067068
-0.000689345
-0.000710094
-0.000732639
-0.00075616
-0.000778674
-0.000796217
-0.000808374
-0.000816822
-0.000547094
-0.000547484
-0.000548351
-0.000549778
-0.000551754
-0.000554282
-0.00055736
-0.000560998
-0.000565226
-0.000570175
-0.000575935
-0.000582646
-0.000590502
-0.00059975
-0.000610696
-0.00062373
-0.000639275
-0.000657852
-0.000680121
-0.000706385
-0.000737656
-0.000774372
-0.000815886
-0.000862512
-0.000918499
-0.000535081
-0.00053537
-0.000536043
-0.000537185
-0.000538792
-0.000540863
-0.000543397
-0.000546382
-0.000549931
-0.000554111
-0.000559021
-0.000564802
-0.000571649
-0.000579823
-0.000589656
-0.000601516
-0.000615932
-0.000633529
-0.000655272
-0.000682343
-0.000716435
-0.000760045
-0.000818816
-0.000908223
-0.00106793
-0.000523513
-0.000523785
-0.000524431
-0.000525534
-0.000527098
-0.000529123
-0.000531603
-0.000534599
-0.000538146
-0.000542312
-0.000547198
-0.00055294
-0.00055972
-0.000567769
-0.000577396
-0.000589063
-0.000603272
-0.000620665
-0.000642152
-0.000668928
-0.000702808
-0.000746767
-0.000806315
-0.00089137
-0.00101354
-0.000512358
-0.000512635
-0.00051329
-0.000514408
-0.000515996
-0.000518057
-0.00052061
-0.00052368
-0.00052731
-0.000531569
-0.000536553
-0.000542393
-0.000549264
-0.00055739
-0.000567063
-0.000578657
-0.000592626
-0.000609649
-0.000630438
-0.00065603
-0.000687896
-0.000728179
-0.000779919
-0.00084635
-0.000926392
-0.000501608
-0.000501888
-0.000502547
-0.000503671
-0.000505269
-0.000507348
-0.000509919
-0.000513007
-0.000516653
-0.000520919
-0.000525891
-0.00053169
-0.000538475
-0.000546448
-0.000555866
-0.000567048
-0.000580383
-0.000596368
-0.000615585
-0.000638772
-0.000666851
-0.000700908
-0.000741934
-0.000789743
-0.00084032
-0.000491258
-0.000491534
-0.000492182
-0.000493289
-0.000494862
-0.000496906
-0.000499432
-0.000502459
-0.000506022
-0.000510172
-0.000514985
-0.000520563
-0.000527041
-0.00053459
-0.00054342
-0.000553782
-0.000565973
-0.000580337
-0.000597253
-0.000617124
-0.000640372
-0.000667265
-0.000697593
-0.000729923
-0.000760499
-0.000481301
-0.000481568
-0.000482192
-0.000483257
-0.000484772
-0.000486738
-0.000489161
-0.000492056
-0.000495448
-0.000499378
-0.000503904
-0.00050911
-0.000515102
-0.000522012
-0.000529998
-0.000539239
-0.000549933
-0.000562282
-0.000576474
-0.000592646
-0.000610805
-0.00063075
-0.00065173
-0.00067209
-0.000688905
-0.000471737
-0.000471987
-0.000472573
-0.000473577
-0.000475004
-0.000476853
-0.000479124
-0.000481826
-0.000484974
-0.000488595
-0.000492733
-0.000497447
-0.000502813
-0.000508926
-0.00051589
-0.000523816
-0.000532809
-0.00054295
-0.000554272
-0.000566715
-0.00058006
-0.000593812
-0.000607091
-0.000618388
-0.000625521
-0.000462563
-0.00046279
-0.000463327
-0.000464252
-0.000465566
-0.000467265
-0.000469343
-0.000471802
-0.000474646
-0.000477891
-0.000481561
-0.000485694
-0.000490338
-0.000495549
-0.000501384
-0.000507892
-0.000515101
-0.000523001
-0.000531511
-0.000540447
-0.000549462
-0.000557978
-0.000565107
-0.000569595
-0.000569823
-0.000453781
-0.000453981
-0.000454459
-0.00045529
-0.00045647
-0.000457991
-0.000459844
-0.00046202
-0.000464516
-0.000467333
-0.000470481
-0.000473975
-0.000477836
-0.000482088
-0.000486747
-0.000491812
-0.000497252
-0.000502991
-0.000508875
-0.000514652
-0.000519926
-0.000524119
-0.000526432
-0.000525838
-0.000521126
-0.000445396
-0.000445565
-0.000445976
-0.0004467
-0.00044773
-0.000449054
-0.000450656
-0.000452522
-0.000454638
-0.000456995
-0.000459585
-0.000462408
-0.000465461
-0.000468738
-0.000472224
-0.000475879
-0.000479632
-0.000483362
-0.000486876
-0.000489893
-0.000492016
-0.000492711
-0.00049129
-0.000486929
-0.000478705
-0.000437415
-0.000437548
-0.000437887
-0.000438496
-0.000439364
-0.000440476
-0.000441812
-0.000443349
-0.000445067
-0.000446945
-0.000448965
-0.000451108
-0.000453353
-0.000455673
-0.000458027
-0.000460348
-0.000462539
-0.000464453
-0.000465883
-0.000466544
-0.000466063
-0.000463966
-0.00045968
-0.000452545
-0.000441855
-0.000429844
-0.00042994
-0.000430203
-0.00043069
-0.00043139
-0.000432282
-0.000433342
-0.000434542
-0.000435855
-0.000437252
-0.000438703
-0.000440176
-0.000441638
-0.000443043
-0.000444332
-0.000445424
-0.000446202
-0.000446512
-0.000446145
-0.000444832
-0.000442233
-0.00043794
-0.00043148
-0.000422329
-0.000409944
-0.000422691
-0.000422749
-0.000422934
-0.000423298
-0.000423826
-0.000424495
-0.000425277
-0.000426141
-0.000427052
-0.000427975
-0.000428872
-0.000429703
-0.000430421
-0.000430971
-0.000431282
-0.000431262
-0.00043079
-0.000429709
-0.000427822
-0.000424879
-0.000420584
-0.000414589
-0.000406505
-0.000395919
-0.000382411
-0.000415964
-0.000415985
-0.000416092
-0.000416332
-0.000416689
-0.000417137
-0.000417645
-0.000418178
-0.000418699
-0.000419166
-0.000419536
-0.000419761
-0.000419788
-0.000419555
-0.000418983
-0.000417977
-0.000416417
-0.000414152
-0.000410998
-0.000406734
-0.000401101
-0.000393809
-0.000384541
-0.000372968
-0.000358768
-0.000409671
-0.000409655
-0.000409685
-0.000409805
-0.000409994
-0.000410227
-0.00041047
-0.000410686
-0.000410834
-0.00041087
-0.000410746
-0.000410412
-0.000409808
-0.000408868
-0.000407514
-0.000405649
-0.000403158
-0.0003999
-0.000395709
-0.00039039
-0.000383723
-0.000375466
-0.000365362
-0.000353151
-0.000338584
-0.000403818
-0.000403765
-0.000403722
-0.000403725
-0.000403754
-0.000403781
-0.000403771
-0.000403687
-0.000403485
-0.000403121
-0.000402543
-0.000401698
-0.000400527
-0.000398962
-0.000396925
-0.000394324
-0.000391049
-0.000386973
-0.000381948
-0.000375805
-0.000368358
-0.000359406
-0.000348744
-0.000336165
-0.000321478
-0.000398409
-0.000398322
-0.000398208
-0.000398101
-0.000397978
-0.00039781
-0.000397564
-0.0003972
-0.000396676
-0.000395944
-0.000394955
-0.000393653
-0.000391981
-0.00038987
-0.000387247
-0.000384024
-0.000380102
-0.000375365
-0.000369683
-0.000362913
-0.000354897
-0.000345472
-0.000334472
-0.000321735
-0.000307115
-0.000393446
-0.000393327
-0.000393148
-0.000392938
-0.000392672
-0.000392325
-0.00039186
-0.000391239
-0.00039042
-0.000389357
-0.000388
-0.000386295
-0.000384186
-0.000381608
-0.00037849
-0.000374753
-0.000370305
-0.000365046
-0.000358862
-0.000351631
-0.000343222
-0.000333503
-0.000322341
-0.000309608
-0.000295195
-0.00038893
-0.000388782
-0.000388543
-0.000388237
-0.000387841
-0.000387328
-0.000386664
-0.000385811
-0.000384727
-0.000383369
-0.000381688
-0.000379634
-0.00037715
-0.000374177
-0.00037065
-0.000366495
-0.000361632
-0.000355972
-0.000349418
-0.000341867
-0.000333211
-0.000323343
-0.000312156
-0.000299554
-0.000285453
-0.00038486
-0.000384686
-0.000384392
-0.000383999
-0.000383485
-0.000382822
-0.000381978
-0.000380917
-0.0003796
-0.000377983
-0.000376022
-0.000373667
-0.000370868
-0.000367569
-0.00036371
-0.000359225
-0.000354044
-0.000348089
-0.000341278
-0.000333525
-0.000324741
-0.00031484
-0.000303738
-0.000291362
-0.00027765
-0.000381232
-0.000381033
-0.000380691
-0.00038022
-0.0003796
-0.000378803
-0.0003778
-0.000376556
-0.000375034
-0.000373194
-0.000370994
-0.000368388
-0.000365328
-0.000361765
-0.000357645
-0.000352908
-0.000347494
-0.000341335
-0.000334363
-0.000326505
-0.000317691
-0.00030785
-0.00029692
-0.000284843
-0.000271576
-0.000378039
-0.00037782
-0.000377435
-0.000376895
-0.000376181
-0.000375267
-0.000374124
-0.000372721
-0.000371024
-0.000368994
-0.000366593
-0.00036378
-0.000360511
-0.000356741
-0.000352422
-0.000347502
-0.000341928
-0.000335643
-0.00032859
-0.000320709
-0.000311943
-0.000302238
-0.000291544
-0.000279821
-0.000267038
-0.000375274
-0.000375037
-0.000374614
-0.000374015
-0.000373219
-0.000372203
-0.00037094
-0.000369402
-0.000367556
-0.000365368
-0.000362804
-0.000359825
-0.000356392
-0.000352466
-0.000348003
-0.00034296
-0.00033729
-0.000330945
-0.000323878
-0.000316041
-0.000307387
-0.000297876
-0.000287469
-0.000276139
-0.000263866
-0.000372926
-0.000372675
-0.00037222
-0.00037157
-0.000370704
-0.0003696
-0.000368236
-0.000366584
-0.000364615
-0.000362299
-0.000359604
-0.000356497
-0.000352942
-0.000348905
-0.000344348
-0.000339233
-0.00033352
-0.000327172
-0.000320146
-0.000312407
-0.000303916
-0.000294644
-0.000284562
-0.000273652
-0.000261904
-0.000370985
-0.000370722
-0.000370241
-0.000369547
-0.000368622
-0.000367446
-0.000365997
-0.000364252
-0.000362184
-0.000359767
-0.000356972
-0.000353769
-0.000350129
-0.000346021
-0.000341412
-0.000336269
-0.000330561
-0.000324254
-0.000317316
-0.000309718
-0.000301431
-0.000292431
-0.000282702
-0.000272231
-0.000261014
-0.000369436
-0.000369164
-0.000368661
-0.000367932
-0.000366959
-0.000365723
-0.000364206
-0.000362387
-0.000360242
-0.000357748
-0.00035488
-0.000351613
-0.00034792
-0.000343775
-0.00033915
-0.000334018
-0.000328352
-0.000322125
-0.000315312
-0.000307889
-0.000299836
-0.000291136
-0.000281777
-0.000271755
-0.00026107
-0.000368266
-0.000367987
-0.000367468
-0.00036671
-0.000365698
-0.000364415
-0.000362845
-0.000360968
-0.000358766
-0.000356217
-0.000353301
-0.000349996
-0.000346279
-0.000342127
-0.000337517
-0.000332428
-0.000326836
-0.000320721
-0.000314062
-0.000306841
-0.000299045
-0.000290662
-0.000281686
-0.000272116
-0.00026196
-0.000367459
-0.000367174
-0.000366643
-0.000365864
-0.000364822
-0.000363504
-0.000361893
-0.000359976
-0.000357734
-0.00035515
-0.000352207
-0.000348887
-0.000345169
-0.000341037
-0.000336469
-0.000331449
-0.000325957
-0.000319978
-0.000313497
-0.000306499
-0.000298977
-0.000290922
-0.000282335
-0.000273218
-0.00026358
-0.000366998
-0.000366711
-0.000366171
-0.000365376
-0.000364313
-0.000362969
-0.000361331
-0.000359385
-0.00035712
-0.000354519
-0.000351568
-0.000348252
-0.000344556
-0.000340464
-0.000335961
-0.000331031
-0.000325662
-0.000319839
-0.000313552
-0.000306793
-0.000299555
-0.000291837
-0.000283639
-0.00027497
-0.000265839
-0.000366866
-0.000366578
-0.000366033
-0.000365228
-0.000364151
-0.00036279
-0.000361135
-0.000359175
-0.000356899
-0.000354296
-0.000351354
-0.000348061
-0.000344404
-0.000340371
-0.00033595
-0.000331129
-0.000325897
-0.000320246
-0.000314167
-0.000307657
-0.000300711
-0.000293331
-0.000285522
-0.000277292
-0.000268655
-0.000367045
-0.000366758
-0.000366212
-0.000365401
-0.000364316
-0.000362946
-0.000361284
-0.000359321
-0.000357048
-0.000354456
-0.000351536
-0.00034828
-0.000344677
-0.000340718
-0.000336394
-0.000331695
-0.000326615
-0.000321147
-0.000315286
-0.00030903
-0.000302379
-0.000295337
-0.000287911
-0.000280111
-0.000271952
-0.000367518
-0.000367232
-0.000366687
-0.000365876
-0.000364788
-0.000363418
-0.000361757
-0.000359799
-0.000357539
-0.00035497
-0.000352085
-0.000348877
-0.000345341
-0.000341469
-0.000337253
-0.000332688
-0.000327769
-0.000322492
-0.000316854
-0.000310857
-0.000304501
-0.000297794
-0.000290743
-0.000283361
-0.000275663
-0.000368265
-0.000367982
-0.000367441
-0.000366632
-0.000365548
-0.000364182
-0.00036253
-0.000360587
-0.000358348
-0.000355811
-0.000352971
-0.000349823
-0.000346363
-0.000342587
-0.000338489
-0.000334066
-0.000329315
-0.000324234
-0.000318823
-0.000313084
-0.000307023
-0.000300644
-0.00029396
-0.000286982
-0.000279727
-0.000369267
-0.000368989
-0.000368454
-0.000367651
-0.000366575
-0.000365219
-0.000363582
-0.00036166
-0.000359451
-0.000356954
-0.000354167
-0.000351087
-0.000347712
-0.000344039
-0.000340066
-0.00033579
-0.000331212
-0.00032633
-0.000321146
-0.000315665
-0.000309893
-0.000303836
-0.000297507
-0.000290919
-0.00028409
-0.000370508
-0.000370235
-0.000369707
-0.000368913
-0.000367848
-0.000366508
-0.00036489
-0.000362996
-0.000360823
-0.000358373
-0.000355645
-0.00035264
-0.000349356
-0.000345792
-0.000341949
-0.000337825
-0.000333421
-0.000328739
-0.000323782
-0.000318555
-0.000313066
-0.000307323
-0.000301337
-0.000295125
-0.000288701
-0.000371968
-0.000371701
-0.000371181
-0.000370399
-0.000369348
-0.000368027
-0.000366434
-0.000364572
-0.00036244
-0.000360043
-0.00035738
-0.000354454
-0.000351266
-0.000347816
-0.000344105
-0.000340134
-0.000335906
-0.000331423
-0.00032669
-0.000321713
-0.0003165
-0.00031106
-0.000305407
-0.000299553
-0.000293517
-0.000373629
-0.000373368
-0.000372859
-0.00037209
-0.000371056
-0.000369757
-0.000368193
-0.000366366
-0.00036428
-0.000361939
-0.000359346
-0.000356503
-0.000353414
-0.00035008
-0.000346503
-0.000342687
-0.000338634
-0.000334348
-0.000329835
-0.000325102
-0.000320156
-0.00031501
-0.000309675
-0.000304165
-0.000298498
-0.000375472
-0.000375219
-0.000374721
-0.000373967
-0.000372952
-0.000371678
-0.000370145
-0.000368358
-0.000366321
-0.00036404
-0.000361518
-0.000358761
-0.000355773
-0.000352557
-0.000349115
-0.000345453
-0.000341573
-0.000337481
-0.000333182
-0.000328686
-0.000324
-0.000319136
-0.000314106
-0.000308924
-0.000303608
-0.000377482
-0.000377236
-0.00037675
-0.000376012
-0.000375018
-0.00037377
-0.000372271
-0.000370526
-0.000368541
-0.000366322
-0.000363874
-0.000361205
-0.000358319
-0.00035522
-0.000351913
-0.000348403
-0.000344693
-0.00034079
-0.000336701
-0.000332434
-0.000327998
-0.000323405
-0.000318666
-0.000313797
-0.000308814
-0.000379641
-0.000379402
-0.000378928
-0.000378207
-0.000377236
-0.000376016
-0.000374553
-0.000372852
-0.000370919
-0.000368764
-0.000366392
-0.000363811
-0.000361028
-0.000358046
-0.000354872
-0.000351511
-0.000347968
-0.00034425
-0.000340363
-0.000336318
-0.000332122
-0.000327788
-0.000323328
-0.000318755
-0.000314087
-0.000381931
-0.0003817
-0.000381239
-0.000380536
-0.000379588
-0.000378398
-0.000376971
-0.000375315
-0.000373437
-0.000371346
-0.000369051
-0.000366558
-0.000363876
-0.00036101
-0.000357967
-0.000354752
-0.000351372
-0.000347832
-0.000344142
-0.000340309
-0.000336344
-0.000332258
-0.000328062
-0.000323771
-0.000319401
-0.000384337
-0.000384114
-0.000383667
-0.000382982
-0.000382057
-0.000380898
-0.000379509
-0.000377898
-0.000376075
-0.000374049
-0.000371829
-0.000369425
-0.000366843
-0.000364092
-0.000361176
-0.000358104
-0.000354881
-0.000351514
-0.000348013
-0.000344384
-0.00034064
-0.000336789
-0.000332845
-0.000328821
-0.000324732
-0.000386844
-0.000386628
-0.000386194
-0.000385528
-0.000384628
-0.000383499
-0.000382148
-0.000380584
-0.000378816
-0.000376854
-0.00037471
-0.000372392
-0.000369909
-0.000367269
-0.000364479
-0.000361545
-0.000358474
-0.000355274
-0.000351954
-0.000348521
-0.000344986
-0.00034136
-0.000337655
-0.000333884
-0.00033006
-0.000389437
-0.000389228
-0.000388807
-0.000388159
-0.000387284
-0.000386186
-0.000384873
-0.000383355
-0.000381641
-0.000379744
-0.000377674
-0.000375442
-0.000373056
-0.000370524
-0.000367854
-0.000365054
-0.00036213
-0.000359091
-0.000355944
-0.000352698
-0.000349364
-0.000345951
-0.000342472
-0.000338939
-0.000335365
-0.0003921
-0.000391899
-0.000391491
-0.000390861
-0.00039001
-0.000388943
-0.000387668
-0.000386196
-0.000384536
-0.000382702
-0.000380705
-0.000378556
-0.000376264
-0.000373838
-0.000371285
-0.000368614
-0.000365831
-0.000362945
-0.000359964
-0.000356897
-0.000353752
-0.000350542
-0.000347277
-0.000343968
-0.00034063
-0.00039482
-0.000394626
-0.000394231
-0.00039362
-0.000392793
-0.000391756
-0.000390519
-0.000389091
-0.000387485
-0.000385713
-0.000383787
-0.000381719
-0.000379518
-0.000377194
-0.000374754
-0.000372207
-0.00036956
-0.000366821
-0.000363998
-0.0003611
-0.000358136
-0.000355117
-0.000352054
-0.000348957
-0.00034584
-0.000397584
-0.000397397
-0.000397014
-0.000396421
-0.000395618
-0.000394611
-0.00039341
-0.000392027
-0.000390473
-0.000388761
-0.000386905
-0.000384915
-0.000382802
-0.000380577
-0.000378246
-0.000375817
-0.0003733
-0.000370701
-0.000368028
-0.000365291
-0.000362499
-0.000359661
-0.000356787
-0.00035389
-0.000350981
-0.000400379
-0.000400199
-0.000399828
-0.000399252
-0.000398472
-0.000397494
-0.00039633
-0.000394989
-0.000393486
-0.000391833
-0.000390043
-0.00038813
-0.000386102
-0.000383971
-0.000381744
-0.00037943
-0.000377036
-0.00037457
-0.000372041
-0.000369456
-0.000366826
-0.000364159
-0.000361465
-0.000358755
-0.000356041
-0.000403193
-0.000403018
-0.000402659
-0.0004021
-0.000401342
-0.000400394
-0.000399264
-0.000397965
-0.000396511
-0.000394915
-0.00039319
-0.00039135
-0.000389404
-0.000387363
-0.000385236
-0.000383031
-0.000380755
-0.000378416
-0.000376022
-0.000373582
-0.000371104
-0.000368598
-0.000366074
-0.00036354
-0.000361009
-0.000406014
-0.000405845
-0.000405497
-0.000404954
-0.000404218
-0.000403297
-0.000402201
-0.000400943
-0.000399536
-0.000397994
-0.000396332
-0.000394562
-0.000392695
-0.000390741
-0.000388709
-0.000386607
-0.000384443
-0.000382225
-0.00037996
-0.000377656
-0.000375323
-0.000372969
-0.000370602
-0.000368234
-0.000365874
-0.000408831
-0.000408668
-0.00040833
-0.000407802
-0.000407087
-0.000406193
-0.000405129
-0.00040391
-0.000402549
-0.00040106
-0.000399458
-0.000397755
-0.000395963
-0.000394092
-0.000392151
-0.000390147
-0.00038809
-0.000385985
-0.000383842
-0.000381667
-0.00037947
-0.000377259
-0.000375042
-0.000372828
-0.000370628
-0.000411634
-0.000411475
-0.000411147
-0.000410634
-0.000409939
-0.00040907
-0.000408038
-0.000406856
-0.000405539
-0.0004041
-0.000402555
-0.000400917
-0.000399197
-0.000397405
-0.00039555
-0.00039364
-0.000391683
-0.000389687
-0.000387659
-0.000385606
-0.000383537
-0.000381459
-0.000379382
-0.000377313
-0.000375263
-0.000414413
-0.000414258
-0.000413938
-0.000413439
-0.000412763
-0.000411918
-0.000410916
-0.00040977
-0.000408495
-0.000407105
-0.000405615
-0.000404038
-0.000402386
-0.000400669
-0.000398897
-0.000397076
-0.000395214
-0.00039332
-0.0003914
-0.000389462
-0.000387513
-0.000385561
-0.000383615
-0.000381682
-0.000379771
-0.000417158
-0.000417006
-0.000416695
-0.000416208
-0.00041555
-0.000414729
-0.000413755
-0.000412643
-0.000411408
-0.000410064
-0.000408626
-0.000407108
-0.000405521
-0.000403876
-0.000402181
-0.000400444
-0.000398673
-0.000396875
-0.000395057
-0.000393227
-0.000391391
-0.000389557
-0.000387734
-0.000385928
-0.000384147
-0.000419859
-0.000419711
-0.000419406
-0.000418932
-0.000418291
-0.000417491
-0.000416545
-0.000415465
-0.000414268
-0.000412968
-0.00041158
-0.000410118
-0.000408593
-0.000407015
-0.000405394
-0.000403737
-0.000402051
-0.000400344
-0.000398622
-0.000396893
-0.000395163
-0.00039344
-0.000391731
-0.000390044
-0.000388385
-0.00042251
-0.000422363
-0.000422065
-0.000421602
-0.000420976
-0.000420197
-0.000419276
-0.000418228
-0.000417067
-0.000415809
-0.000414468
-0.000413059
-0.000411592
-0.000410079
-0.000408527
-0.000406946
-0.00040534
-0.000403719
-0.000402088
-0.000400454
-0.000398823
-0.000397204
-0.000395602
-0.000394025
-0.000392479
-0.0004251
-0.000424955
-0.000424662
-0.000424209
-0.000423598
-0.000422838
-0.000421941
-0.000420922
-0.000419796
-0.000418577
-0.000417282
-0.000415923
-0.000414512
-0.000413059
-0.000411574
-0.000410063
-0.000408534
-0.000406993
-0.000405447
-0.000403902
-0.000402365
-0.000400842
-0.00039934
-0.000397866
-0.000396426
-0.000427623
-0.000427479
-0.00042719
-0.000426745
-0.000426147
-0.000425406
-0.000424532
-0.000423541
-0.000422447
-0.000421266
-0.000420013
-0.000418702
-0.000417344
-0.000415949
-0.000414526
-0.000413083
-0.000411625
-0.00041016
-0.000408693
-0.000407232
-0.000405783
-0.00040435
-0.000402942
-0.000401563
-0.00040022
-0.000430072
-0.000429926
-0.000429641
-0.000429204
-0.000428618
-0.000427893
-0.000427041
-0.000426076
-0.000425013
-0.000423868
-0.000422656
-0.00042139
-0.000420082
-0.000418742
-0.000417378
-0.000415998
-0.000414607
-0.000413213
-0.000411822
-0.000410439
-0.000409071
-0.000407723
-0.000406401
-0.000405112
-0.00040386
-0.000432438
-0.000432291
-0.000432007
-0.000431577
-0.000431002
-0.000430293
-0.000429461
-0.000428521
-0.000427487
-0.000426377
-0.000425203
-0.00042398
-0.00042272
-0.000421431
-0.000420123
-0.000418802
-0.000417476
-0.000416149
-0.000414828
-0.000413518
-0.000412226
-0.000410957
-0.000409716
-0.000408509
-0.000407342
-0.000434716
-0.000434566
-0.000434283
-0.000433857
-0.000433292
-0.000432597
-0.000431784
-0.000430868
-0.000429863
-0.000428785
-0.000427648
-0.000426466
-0.000425251
-0.000424012
-0.000422756
-0.000421492
-0.000420225
-0.000418961
-0.000417706
-0.000416465
-0.000415244
-0.000414048
-0.000412882
-0.000411752
-0.000410662
-0.000436899
-0.000436744
-0.00043646
-0.000436038
-0.000435482
-0.0004348
-0.000434005
-0.000433111
-0.000432133
-0.000431086
-0.000429985
-0.000428842
-0.00042767
-0.000426478
-0.000425272
-0.000424061
-0.00042285
-0.000421645
-0.000420452
-0.000419275
-0.000418121
-0.000416993
-0.000415897
-0.000414838
-0.00041382
-0.00043898
-0.00043882
-0.000438532
-0.000438113
-0.000437564
-0.000436895
-0.000436117
-0.000435244
-0.000434292
-0.000433275
-0.000432208
-0.000431104
-0.000429973
-0.000428824
-0.000427666
-0.000426506
-0.000425348
-0.000424199
-0.000423063
-0.000421947
-0.000420854
-0.000419789
-0.000418758
-0.000417765
-0.000416814
-0.000440953
-0.000440785
-0.000440492
-0.000440074
-0.000439532
-0.000438874
-0.000438113
-0.000437261
-0.000436335
-0.000435347
-0.000434313
-0.000433245
-0.000432153
-0.000431048
-0.000429935
-0.000428822
-0.000427715
-0.000426618
-0.000425536
-0.000424476
-0.00042344
-0.000422434
-0.000421463
-0.00042053
-0.000419641
-0.000442812
-0.000442633
-0.000442334
-0.000441916
-0.000441379
-0.000440732
-0.000439987
-0.000439156
-0.000438255
-0.000437296
-0.000436295
-0.000435262
-0.000434209
-0.000433144
-0.000432075
-0.000431007
-0.000429947
-0.000428899
-0.000427868
-0.00042686
-0.000425878
-0.000424926
-0.00042401
-0.000423134
-0.000422301
-0.00044455
-0.000444358
-0.000444049
-0.000443629
-0.000443097
-0.000442462
-0.000441733
-0.000440924
-0.000440048
-0.000439118
-0.000438149
-0.000437151
-0.000436135
-0.00043511
-0.000434082
-0.000433057
-0.000432042
-0.00043104
-0.000430057
-0.000429097
-0.000428165
-0.000427264
-0.000426399
-0.000425574
-0.000424792
-0.000446161
-0.000445951
-0.00044563
-0.000445207
-0.00044468
-0.000444056
-0.000443344
-0.000442558
-0.000441708
-0.000440808
-0.000439871
-0.000438908
-0.000437929
-0.000436942
-0.000435954
-0.000434971
-0.000433998
-0.00043304
-0.000432101
-0.000431187
-0.0004303
-0.000429446
-0.000428627
-0.000427849
-0.000427115
-0.000447635
-0.000447405
-0.000447067
-0.00044664
-0.000446118
-0.000445507
-0.000444815
-0.000444053
-0.000443232
-0.000442363
-0.00044146
-0.000440532
-0.000439589
-0.00043864
-0.00043769
-0.000436746
-0.000435813
-0.000434896
-0.000433999
-0.000433126
-0.000432282
-0.00043147
-0.000430695
-0.00042996
-0.000429269
-0.000448965
-0.000448707
-0.00044835
-0.000447918
-0.000447403
-0.000446809
-0.00044614
-0.000445405
-0.000444615
-0.00044378
-0.000442911
-0.000442019
-0.000441113
-0.0004402
-0.000439288
-0.000438382
-0.000437487
-0.000436608
-0.000435749
-0.000434915
-0.00043411
-0.000433338
-0.000432602
-0.000431906
-0.000431253
-0.000450138
-0.000449846
-0.000449465
-0.000449029
-0.000448526
-0.000447952
-0.000447311
-0.00044661
-0.000445855
-0.000445056
-0.000444224
-0.000443369
-0.000442499
-0.000441623
-0.000440747
-0.000439877
-0.000439018
-0.000438175
-0.000437352
-0.000436554
-0.000435784
-0.000435048
-0.000434347
-0.000433686
-0.000433069
-0.000451139
-0.000450803
-0.000450395
-0.000449958
-0.000449473
-0.000448929
-0.000448325
-0.000447663
-0.000446949
-0.00044619
-0.000445398
-0.000444581
-0.000443749
-0.000442908
-0.000442067
-0.000441232
-0.000440406
-0.000439596
-0.000438806
-0.000438041
-0.000437304
-0.0004366
-0.000435931
-0.000435302
-0.000434715
-0.000451943
-0.000451554
-0.000451116
-0.000450688
-0.000450233
-0.000449731
-0.000449175
-0.000448562
-0.000447896
-0.000447184
-0.000446434
-0.000445657
-0.000444862
-0.000444057
-0.00044325
-0.000442447
-0.000441653
-0.000440873
-0.000440114
-0.000439378
-0.00043867
-0.000437994
-0.000437354
-0.000436753
-0.000436194
-0.000452513
-0.000452062
-0.000451598
-0.000451194
-0.000450791
-0.000450352
-0.00044986
-0.000449309
-0.000448699
-0.000448038
-0.000447334
-0.000446599
-0.000445841
-0.000445071
-0.000444296
-0.000443523
-0.000442758
-0.000442007
-0.000441274
-0.000440564
-0.000439883
-0.000439232
-0.000438617
-0.000438041
-0.000437506
-0.000452786
-0.000452271
-0.000451796
-0.00045145
-0.000451133
-0.000450785
-0.000450379
-0.000449905
-0.000449363
-0.000448759
-0.000448104
-0.000447411
-0.000446691
-0.000445953
-0.000445208
-0.000444463
-0.000443724
-0.000442997
-0.000442288
-0.000441602
-0.000440943
-0.000440315
-0.000439721
-0.000439166
-0.000438651
-0.000452642
-0.00045209
-0.000451652
-0.000451424
-0.000451247
-0.000451032
-0.00045074
-0.00045036
-0.000449895
-0.000449354
-0.00044875
-0.000448099
-0.000447414
-0.000446708
-0.00044599
-0.000445269
-0.000444552
-0.000443847
-0.000443158
-0.000442492
-0.000441852
-0.000441242
-0.000440667
-0.000440129
-0.000439632
-0.000451878
-0.000451386
-0.000451091
-0.000451087
-0.000451132
-0.000451101
-0.000450957
-0.00045069
-0.000450311
-0.000449834
-0.000449281
-0.00044867
-0.000448018
-0.000447338
-0.000446643
-0.000445943
-0.000445246
-0.000444558
-0.000443886
-0.000443235
-0.000442611
-0.000442016
-0.000441456
-0.000440933
-0.00044045
-0.000450139
-0.00044996
-0.000450035
-0.00045043
-0.000450808
-0.000451028
-0.00045106
-0.000450919
-0.000450628
-0.000450215
-0.000449709
-0.000449133
-0.000448507
-0.00044785
-0.000447173
-0.000446489
-0.000445806
-0.000445132
-0.000444472
-0.000443834
-0.000443221
-0.000442638
-0.000442089
-0.000441577
-0.000441105
-0.000446475
-0.000447386
-0.000448427
-0.000449515
-0.00045036
-0.000450881
-0.000451108
-0.000451091
-0.00045088
-0.00045052
-0.000450049
-0.000449498
-0.000448892
-0.000448249
-0.000447585
-0.000446911
-0.000446237
-0.000445572
-0.000444921
-0.00044429
-0.000443686
-0.000443111
-0.00044257
-0.000442066
-0.000441602
-0.000437711
-0.000442726
-0.000446332
-0.000448562
-0.000449978
-0.000450814
-0.000451209
-0.00045128
-0.000451117
-0.000450784
-0.000450329
-0.000449788
-0.000449189
-0.000448551
-0.000447891
-0.00044722
-0.00044655
-0.000445888
-0.000445241
-0.000444614
-0.000444014
-0.000443444
-0.000442907
-0.000442408
-0.000441949
-0.000420318
-0.000436237
-0.000444302
-0.000447878
-0.000449824
-0.000450898
-0.00045139
-0.000451495
-0.000451341
-0.000451008
-0.000450551
-0.000450006
-0.000449403
-0.000448762
-0.000448099
-0.000447427
-0.000446755
-0.000446093
-0.000445445
-0.000444819
-0.000444219
-0.00044365
-0.000443115
-0.000442618
-0.00044216
0.264122
0.260652
0.252872
0.240896
0.226029
0.209129
0.190569
0.170631
0.149922
0.12942
0.110067
0.0925043
0.0770266
0.0637539
0.0527438
0.0439012
0.0369673
0.031636
0.0275941
0.0245638
0.0223243
0.0207107
0.0196139
0.0189403
0.018644
0.232486
0.22543
0.211164
0.19163
0.169986
0.147147
0.124393
0.103328
0.0850839
0.0700525
0.0579928
0.0483927
0.0407311
0.0346319
0.0298212
0.0261186
0.023326
0.0212312
0.0196635
0.0184933
0.0176286
0.017002
0.0165766
0.0163179
0.016187
0.17478
0.16277
0.144026
0.123092
0.10342
0.0852062
0.06887
0.0551061
0.0442356
0.0359802
0.0298492
0.0253317
0.0220036
0.0195577
0.0177692
0.0164821
0.0155599
0.0149088
0.0144664
0.0141769
0.0139815
0.0138493
0.0137664
0.0137158
0.0136662
0.123864
0.112735
0.0970911
0.0801038
0.0649742
0.0520079
0.0412077
0.0326406
0.0261866
0.0215695
0.0183837
0.0162213
0.0147577
0.0137649
0.0130884
0.0126167
0.0122902
0.0120717
0.0119317
0.0118459
0.0117922
0.0117597
0.0117421
0.0117282
0.011696
0.083899
0.0743962
0.0618852
0.0488843
0.0380639
0.0296158
0.0232333
0.0186366
0.0154535
0.013358
0.0120471
0.0112804
0.0108564
0.0106289
0.0105026
0.0104247
0.0103652
0.0103178
0.0102813
0.0102538
0.0102337
0.010218
0.0102056
0.010192
0.0101648
0.0552515
0.0476599
0.0376803
0.0276927
0.0201587
0.0151246
0.0118892
0.00992123
0.00880162
0.00824388
0.00806204
0.00809435
0.0082321
0.00840497
0.00856914
0.00870313
0.00880075
0.00886413
0.00890043
0.00891793
0.0089268
0.00892867
0.00892726
0.00892394
0.00890995
0.0344399
0.0287396
0.0210719
0.0137174
0.00865415
0.00578472
0.00444478
0.00402502
0.00411242
0.00448489
0.00498263
0.00551394
0.00602186
0.00647346
0.00685241
0.00715515
0.00738598
0.00755347
0.00766953
0.00774653
0.00779235
0.00781913
0.00783486
0.00784458
0.00784585
0.0204022
0.0161587
0.0104501
0.00522536
0.00190333
0.000269621
-0.000126041
0.000214788
0.000918717
0.00175965
0.00263943
0.00347487
0.00422084
0.00485804
0.00538465
0.00580801
0.00613891
0.00639069
0.0065768
0.00670957
0.00679934
0.00685752
0.00689299
0.00691543
0.00692803
0.0109716
0.00796448
0.00396632
0.000366496
-0.00177824
-0.00259984
-0.0025091
-0.00188153
-0.000965194
3.99705e-05
0.00105231
0.00201201
0.00286897
0.00360154
0.00420914
0.00470068
0.00509143
0.00539681
0.00563069
0.00580534
0.00593137
0.00601819
0.00607399
0.00610881
0.0061293
0.00460622
0.00252943
-0.000121533
-0.00244888
-0.00373256
-0.00402551
-0.00361446
-0.00279852
-0.00181799
-0.000818218
0.000160242
0.00109988
0.00195465
0.0026954
0.00331722
0.00382806
0.00424179
0.00457184
0.00483108
0.0050306
0.00517981
0.00528689
0.00535918
0.00540493
0.0054317
0.000619995
-0.000835032
-0.00252284
-0.00389211
-0.0045154
-0.00448245
-0.00395096
-0.0031041
-0.00212321
-0.00114349
-0.000225505
0.000632882
0.00141183
0.00209334
0.00267616
0.00316636
0.0035715
0.00390177
0.00416719
0.00437652
0.00453726
0.00465595
0.00473857
0.00479204
0.00482351
-0.00167152
-0.0026867
-0.00371564
-0.00441914
-0.00459201
-0.00434076
-0.00376303
-0.00297047
-0.00208029
-0.00118544
-0.000348447
0.000404503
0.0010942
0.0017057
0.00223134
0.00267659
0.00305139
0.00336433
0.00362175
0.00382932
0.00399227
0.00411533
0.00420301
0.0042609
0.00429513
-0.0028461
-0.00354091
-0.00413363
-0.00440849
-0.00429899
-0.00391576
-0.00333705
-0.00263087
-0.00186338
-0.00109396
-0.000367203
0.000293171
0.000886395
0.00142226
0.00189315
0.0022985
0.002643
0.00293234
0.00317396
0.00337238
0.00353114
0.00365325
0.00374188
0.0038014
0.00383673
-0.00332748
-0.00378488
-0.00409424
-0.00411844
-0.00386119
-0.00342347
-0.00287137
-0.00225221
-0.00160361
-0.00095779
-0.000340987
0.000227333
0.000737347
0.00120205
0.00161941
0.00198662
0.00230432
0.00257489
0.00280207
0.00298871
0.00313984
0.00325767
0.00334437
0.00340344
0.00343855
-0.00340011
-0.00368506
-0.00381389
-0.00370635
-0.00339269
-0.00295546
-0.00244936
-0.00191113
-0.00136377
-0.00082368
-0.000304373
0.000182617
0.00062894
0.00102848
0.00139616
0.00172685
0.00201812
0.00227003
0.00248383
0.00266134
0.00280524
0.00291759
0.00300028
0.0030575
0.0030916
-0.00324367
-0.00340949
-0.0034281
-0.00326117
-0.00294515
-0.00254031
-0.00209076
-0.00162595
-0.0011619
-0.000707285
-0.000268447
0.000148216
0.000535946
0.000888758
0.00121365
0.00151066
0.00177649
0.00200957
0.00220963
0.00237733
0.002514
0.00262122
0.00270077
0.00275555
0.00278824
-0.0029666
-0.00305766
-0.00301453
-0.0028277
-0.00253695
-0.00217936
-0.00178975
-0.00139142
-0.000996528
-0.00061045
-0.000236183
0.00012284
0.000462184
0.000777314
0.00106398
0.00133041
0.0015723
0.00178695
0.00197311
0.00213049
0.00225961
0.00236144
0.00243735
0.0024897
0.00252106
-0.0026211
-0.00267238
-0.00260506
-0.00242737
-0.00217237
-0.00186703
-0.00153695
-0.00119924
-0.000863318
-0.000533277
-0.000211113
0.000100869
0.000399154
0.00067927
0.000937685
0.00117822
0.00139849
0.00159577
0.00176834
0.00191534
0.00203667
0.00213281
0.00220475
0.00225444
0.00228414
-0.00224116
-0.00228417
-0.00221881
-0.00206649
-0.0018538
-0.00160225
-0.00132925
-0.00104637
-0.000760972
-0.000476951
-0.000196551
7.78817e-05
0.000343065
0.000594653
0.000828746
0.0010477
0.00124917
0.00143066
0.00159037
0.00172711
0.00184045
0.00193057
0.00199819
0.00204495
0.0020728
-0.00183767
-0.00190586
-0.0018665
-0.00175598
-0.00159221
-0.00139338
-0.00117198
-0.000935971
-0.000691948
-0.00044429
-0.000196124
4.95442e-05
0.000289232
0.000518999
0.000735053
0.000934253
0.00111898
0.00128623
0.0014339
0.00156072
0.00166612
0.00175013
0.00181331
0.00185707
0.00188313
-0.00138768
-0.00151793
-0.00152986
-0.00146657
-0.00135029
-0.00119702
-0.0010181
-0.000821632
-0.000613678
-0.000398833
-0.000180827
3.6886e-05
0.000250735
0.000457006
0.000652439
0.000833983
0.001003
0.00115679
0.00129332
0.00141121
0.00150966
0.00158839
0.00164766
0.00168846
0.00171239
-0.00116146
-0.00124785
-0.00126493
-0.00122239
-0.0011343
-0.00101222
-0.000865017
-0.000699537
-0.000521259
-0.000334726
-0.000143852
4.77671e-05
0.000236629
0.000419279
0.00059288
0.000755998
0.000907985
0.00104672
0.00117043
0.00127777
0.00136788
0.00144031
0.00149509
0.00153287
0.00155501
-0.00100482
-0.00105609
-0.00106469
-0.00103047
-0.000959619
-0.000859298
-0.000735956
-0.000595119
-0.000441544
-0.000279379
-0.000112324
5.62084e-05
0.000222976
0.000384881
0.000539553
0.000685787
0.000822403
0.000947511
0.00105948
0.00115703
0.00123924
0.00130557
0.00135584
0.00139053
0.00141076
-0.000883335
-0.000909167
-0.00090765
-0.000875678
-0.000815178
-0.000730156
-0.000625036
-0.000504062
-0.000371159
-0.000229921
-8.36591e-05
6.4545e-05
0.000211781
0.000355307
0.000493086
0.000623907
0.000746426
0.000858918
0.000959886
0.00104811
0.00112268
0.00118297
0.00122875
0.00126033
0.00127866
-0.000783157
-0.000792326
-0.000782229
-0.000749978
-0.000695778
-0.000621707
-0.000530656
-0.000425757
-0.000310127
-0.000186769
-5.85354e-05
7.1872e-05
0.000201894
0.000329124
0.000451767
0.000568601
0.000678245
0.000779127
0.000869869
0.000949326
0.00101661
0.00107109
0.00111248
0.00114107
0.00115761
-0.000698298
-0.000696619
-0.000680372
-0.000647447
-0.000597509
-0.00053161
-0.000451615
-0.000359794
-0.000258576
-0.000150412
-3.77047e-05
7.72239e-05
0.000192154
0.000304994
0.000414132
0.000518362
0.000616336
0.000706623
0.000787958
0.000859271
0.00091971
0.000968669
0.00100587
0.0010316
0.00104651
-0.000625899
-0.000617033
-0.000596682
-0.000563375
-0.000516697
-0.000457189
-0.000386076
-0.000305007
-0.000215856
-0.000120601
-2.12408e-05
8.02568e-05
0.000181986
0.000282137
0.000379262
0.000472186
0.000559635
0.000640307
0.000713042
0.000776844
0.000830905
0.000874646
0.000907838
0.000930833
0.000944213
-0.000563988
-0.000550357
-0.000527427
-0.000494183
-0.000450271
-0.000395992
-0.000332184
-0.000260058
-0.000181068
-9.68048e-05
-8.91787e-06
8.09364e-05
0.000171132
0.000260109
0.00034657
0.000429393
0.000507386
0.000579368
0.000644273
0.000701174
0.000749304
0.000788105
0.000817431
0.000837827
0.000849764
-0.00051101
-0.000494265
-0.000469857
-0.000437085
-0.000395685
-0.00034585
-0.000288182
-0.000223595
-0.000153227
-7.83589e-05
-3.52245e-07
7.94032e-05
0.000159525
0.000238671
0.000315685
0.00038951
0.000459036
0.000523191
0.000580994
0.000631572
0.000674184
0.00070825
0.000733688
0.000751593
0.000762831
-0.000465681
-0.000446977
-0.000421879
-0.000389901
-0.000350864
-0.000304915
-0.000252511
-0.000194361
-0.000131368
-6.4573e-05
4.90033e-06
7.58834e-05
0.000147201
0.000217711
0.000286377
0.000352205
0.000414178
0.000471316
0.0005227
0.000567484
0.000604904
0.00063422
0.00065508
0.000668853
0.000678234
-0.000426908
-0.000407081
-0.00038186
-0.000350912
-0.000314131
-0.00027165
-0.000223832
-0.000171242
-0.000114611
-5.47894e-05
7.28945e-06
7.06391e-05
0.000134267
0.0001972
0.000258501
0.000317246
0.000372515
0.000423407
0.000469046
0.000508571
0.000541112
0.000565593
0.000580566
0.000583884
0.000567047
-0.0003938
-0.000373434
-0.000348485
-0.000318736
-0.000284126
-0.000244783
-0.000201014
-0.000153279
-0.000102176
-4.841e-05
7.24091e-06
6.39455e-05
0.000120861
0.000177144
0.000231953
0.000284455
0.000333823
0.000379236
0.00041987
0.000454887
0.00048341
0.000504351
0.00051623
0.000516996
0.000502986
-0.000365587
-0.000345107
-0.000320715
-0.000292265
-0.00025974
-0.000223265
-0.0001831
-0.000139636
-9.33707e-05
-4.48883e-05
5.1565e-06
5.60622e-05
0.000107104
0.000157545
0.000206648
0.000253676
0.000297895
0.000338574
0.000374969
0.000406317
0.000431833
0.000450656
0.000461737
0.000463927
0.000456291
-0.000341643
-0.000321344
-0.000297693
-0.000270598
-0.000240069
-0.000206227
-0.0001693
-0.00012962
-8.76074e-05
-4.37574e-05
1.37589e-06
4.71964e-05
9.30816e-05
0.000138396
0.000182497
0.000224746
0.000264504
0.000301136
0.000334006
0.000362466
0.00038587
0.0004036
0.000415043
0.00041972
0.000417616
-0.000321437
-0.00030153
-0.00027874
-0.000253014
-0.000224383
-0.000192964
-0.000158959
-0.000122655
-8.441e-05
-4.46468e-05
-3.83665e-06
3.75121e-05
7.88668e-05
0.000119682
0.000159406
0.000197491
0.000233394
0.000266581
0.000296529
0.000322726
0.000344679
0.000361956
0.000374223
0.000381344
0.000383565
-0.000304516
-0.000285148
-0.000263293
-0.000238929
-0.000212099
-0.000182914
-0.000151559
-0.000118281
-8.33899e-05
-4.72476e-05
-1.02563e-05
2.715e-05
6.45168e-05
0.000101379
0.000137269
0.000171723
0.000204291
0.000234535
0.000262043
0.000286427
0.000307343
0.000324508
0.000337747
0.000347053
0.000352684
-0.000290487
-0.00027176
-0.000250884
-0.000227856
-0.000202729
-0.00017561
-0.000146665
-0.000116112
-8.42195e-05
-5.12981e-05
-1.76924e-05
1.62272e-05
5.00742e-05
8.34543e-05
0.000115975
0.000147251
0.000176916
0.000204622
0.000230054
0.000252938
0.000273051
0.000290236
0.000304427
0.000315663
0.000324117
-0.00027901
-0.000260991
-0.000241112
-0.000219384
-0.000195865
-0.000170659
-0.000143914
-0.000115824
-8.6622e-05
-5.6577e-05
-2.59842e-05
4.84051e-06
3.55691e-05
6.58699e-05
9.54157e-05
0.000123892
0.000151004
0.000176485
0.000200107
0.00022169
0.000241116
0.000258339
0.000273392
0.000286357
0.000297311
-0.000269788
-0.000252519
-0.000233637
-0.000213165
-0.000191162
-0.000167728
-0.000142996
-0.00011714
-9.03628e-05
-6.28968e-05
-3.4996e-05
-6.93e-06
2.10236e-05
4.85868e-05
7.54891e-05
0.000101476
0.000126315
0.000149808
0.000171798
0.000192185
0.000210944
0.000228137
0.000243924
0.000258502
0.000271884
-0.000262558
-0.000246063
-0.000228167
-0.000208901
-0.000188326
-0.000166535
-0.000143651
-0.000119827
-9.52421e-05
-7.00976e-05
-4.46123e-05
-1.90164e-05
6.45519e-06
3.157e-05
5.61054e-05
7.98564e-05
0.000102643
0.000124321
0.000144791
0.000164014
0.000182038
0.000199027
0.00021531
0.000231366
0.000247329
-0.000257091
-0.000241377
-0.000224446
-0.000206335
-0.000187103
-0.000166839
-0.000145653
-0.000123684
-0.000101088
-7.80416e-05
-5.4733e-05
-3.13595e-05
-8.12005e-06
1.47909e-05
3.71902e-05
5.89136e-05
7.98226e-05
9.98132e-05
0.000118827
0.00013687
0.000154032
0.000170545
0.000186918
0.000204099
0.000222705
-0.00025318
-0.000238245
-0.000222254
-0.000205244
-0.000187275
-0.000168429
-0.000148809
-0.000128537
-0.000107753
-8.66093e-05
-6.52708e-05
-4.39063e-05
-2.26852e-05
-1.77084e-06
1.86857e-05
3.8552e-05
5.77213e-05
7.61202e-05
9.37202e-05
0.000110554
0.000126736
0.000142513
0.000158566
0.000176526
0.000197618
-0.000250643
-0.000236478
-0.000221395
-0.000205433
-0.000188651
-0.000171126
-0.000152951
-0.000134236
-0.000115106
-9.56956e-05
-7.61472e-05
-5.66073e-05
-3.72209e-05
-1.81266e-05
5.49681e-07
1.86994e-05
3.62379e-05
5.31124e-05
6.93127e-05
8.48912e-05
9.99853e-05
0.000114874
0.000130225
0.000147891
0.000170139
-0.000249318
-0.000235907
-0.000221698
-0.000206731
-0.000191065
-0.000174769
-0.000157931
-0.000140649
-0.000123035
-0.000105207
-8.72913e-05
-6.94153e-05
-5.17045e-05
-3.4278e-05
-1.72435e-05
-6.93315e-07
1.53001e-05
3.0689e-05
4.5457e-05
5.96277e-05
7.32678e-05
8.64964e-05
9.9604e-05
0.000113235
0.000126276
-0.000249059
-0.000236381
-0.000223011
-0.000208989
-0.00019437
-0.000179221
-0.000163621
-0.00014766
-0.000131437
-0.000115059
-9.86377e-05
-8.22842e-05
-6.61091e-05
-5.02165e-05
-3.47013e-05
-1.96458e-05
-5.11796e-06
8.82992e-06
2.21617e-05
3.48549e-05
4.68886e-05
5.82245e-05
6.88143e-05
7.85121e-05
8.58049e-05
-0.000249735
-0.000237768
-0.000225201
-0.000212073
-0.000198439
-0.000184359
-0.000169907
-0.000155165
-0.000140224
-0.000125177
-0.000110126
-9.51688e-05
-8.04042e-05
-6.59249e-05
-5.18162e-05
-3.81545e-05
-2.5007e-05
-1.24329e-05
-4.87271e-07
1.07715e-05
2.12663e-05
3.08782e-05
3.94308e-05
4.66275e-05
5.15338e-05
-0.00025123
-0.000239948
-0.000228147
-0.000215866
-0.000203156
-0.000190074
-0.000176688
-0.000163074
-0.000149313
-0.000135492
-0.000121699
-0.000108025
-9.45575e-05
-8.13801e-05
-6.85713e-05
-5.62032e-05
-4.43426e-05
-3.30537e-05
-2.24039e-05
-1.24711e-05
-3.35707e-06
4.79594e-06
1.17964e-05
1.73858e-05
2.10122e-05
-0.000253438
-0.000242816
-0.000231745
-0.000220264
-0.000208421
-0.00019627
-0.000183876
-0.000171306
-0.000158635
-0.000145942
-0.000133307
-0.000120812
-0.000108536
-9.65569e-05
-8.49458e-05
-7.37711e-05
-6.30982e-05
-5.29932e-05
-4.35279e-05
-3.47866e-05
-2.68752e-05
-1.99306e-05
-1.41225e-05
-9.65116e-06
-6.85948e-06
-0.000256267
-0.000246276
-0.000235899
-0.000225173
-0.000214144
-0.000202864
-0.00019139
-0.000179787
-0.000168123
-0.00015647
-0.000144901
-0.00013349
-0.00012231
-0.000111431
-0.000100919
-9.08392e-05
-8.12532e-05
-7.22256e-05
-6.3827e-05
-5.61394e-05
-4.92616e-05
-4.33134e-05
-3.84334e-05
-3.47713e-05
-3.25482e-05
-0.000259631
-0.000250244
-0.000240526
-0.000230512
-0.000220247
-0.000209779
-0.000199162
-0.000188456
-0.000177722
-0.000167027
-0.000156439
-0.000146024
-0.000135849
-0.000125979
-0.000116474
-0.000107393
-9.87949e-05
-9.07397e-05
-8.32929e-05
-7.65293e-05
-7.05356e-05
-6.54111e-05
-6.12647e-05
-5.82054e-05
-5.63833e-05
-0.000263455
-0.000254644
-0.00024555
-0.000236208
-0.000226659
-0.000216949
-0.000207129
-0.000197253
-0.00018738
-0.000177569
-0.000167883
-0.000158383
-0.00014913
-0.000140182
-0.000131595
-0.000123423
-0.000115719
-0.000108537
-0.000101935
-9.59787e-05
-9.07412e-05
-8.63025e-05
-8.27455e-05
-8.01495e-05
-7.86223e-05
-0.00026767
-0.000259408
-0.000250904
-0.000242194
-0.000233317
-0.000224315
-0.000215236
-0.000206131
-0.000197052
-0.000188056
-0.0001792
-0.00017054
-0.000162131
-0.000154026
-0.000146275
-0.000138927
-0.000132029
-0.000125627
-0.000119773
-0.000114522
-0.000109934
-0.000106071
-0.000102995
-0.000100765
-9.94635e-05
-0.000272217
-0.000264474
-0.00025653
-0.000248414
-0.000240166
-0.000231825
-0.000223435
-0.000215043
-0.0002067
-0.000198455
-0.000190362
-0.000182472
-0.000174835
-0.000167498
-0.000160508
-0.000153905
-0.000147732
-0.000142028
-0.000136836
-0.000132201
-0.000128172
-0.000124796
-0.00012212
-0.000120186
-0.000119062
-0.000277039
-0.00026979
-0.000262373
-0.000254816
-0.000247157
-0.000239432
-0.000231682
-0.000223952
-0.000216288
-0.000208736
-0.000201345
-0.00019416
-0.000187229
-0.000180593
-0.000174292
-0.000168363
-0.000162841
-0.000157759
-0.000153153
-0.000149059
-0.000145514
-0.000142554
-0.000140214
-0.000138524
-0.000137543
-0.000282088
-0.000275307
-0.000268386
-0.000261355
-0.000254246
-0.000247095
-0.000239941
-0.000232824
-0.000225788
-0.000218874
-0.000212127
-0.000205589
-0.000199302
-0.000193303
-0.000187628
-0.000182307
-0.00017737
-0.000172845
-0.000168758
-0.000165138
-0.000162014
-0.000159413
-0.000157358
-0.000155872
-0.000155008
-0.000287319
-0.000280981
-0.000274528
-0.000267989
-0.000261395
-0.00025478
-0.000248179
-0.00024163
-0.000235173
-0.000228847
-0.000222692
-0.000216747
-0.000211048
-0.000205629
-0.000200521
-0.000195749
-0.000191338
-0.000187309
-0.000183683
-0.000180481
-0.000177725
-0.000175434
-0.000173623
-0.000172311
-0.000171546
-0.000292694
-0.000286773
-0.000280761
-0.000274684
-0.000268571
-0.000262454
-0.000256367
-0.000250344
-0.000244422
-0.000238637
-0.000233026
-0.000227623
-0.000222461
-0.00021757
-0.000212976
-0.0002087
-0.000204761
-0.000201176
-0.000197959
-0.000195127
-0.000192694
-0.000190673
-0.000189074
-0.00018791
-0.000187228
-0.000298176
-0.000292649
-0.000287051
-0.000281406
-0.000275743
-0.000270091
-0.00026448
-0.000258945
-0.000253516
-0.00024823
-0.000243117
-0.000238211
-0.000233539
-0.000229128
-0.000225
-0.000221171
-0.000217657
-0.000214469
-0.000211618
-0.000209113
-0.000206965
-0.00020518
-0.000203765
-0.000202729
-0.000202119
-0.000303734
-0.000298578
-0.000293369
-0.000288129
-0.000282885
-0.000277665
-0.000272497
-0.000267412
-0.00026244
-0.000257612
-0.000252958
-0.000248505
-0.000244281
-0.000240307
-0.000236601
-0.000233177
-0.000230045
-0.000227213
-0.000224687
-0.000222473
-0.000220576
-0.000219
-0.000217746
-0.000216822
-0.000216273
-0.00030934
-0.000304533
-0.000299688
-0.000294827
-0.000289975
-0.000285157
-0.0002804
-0.000275732
-0.00027118
-0.000266774
-0.00026254
-0.000258504
-0.000254688
-0.00025111
-0.000247787
-0.000244729
-0.000241941
-0.000239428
-0.000237193
-0.000235238
-0.000233564
-0.000232172
-0.00023106
-0.000230234
-0.000229739
-0.000314967
-0.000310489
-0.000305986
-0.000301479
-0.000296991
-0.000292547
-0.000288171
-0.000283889
-0.000279726
-0.000275708
-0.00027186
-0.000268204
-0.00026476
-0.000261544
-0.000258569
-0.00025584
-0.000253363
-0.000251137
-0.000249163
-0.000247439
-0.000245963
-0.000244734
-0.000243747
-0.000243007
-0.00024256
-0.000320594
-0.000316424
-0.000312241
-0.000308065
-0.000303917
-0.000299821
-0.000295798
-0.000291872
-0.000288067
-0.000284407
-0.000280913
-0.000277605
-0.000274501
-0.000271615
-0.000268954
-0.000266525
-0.000264327
-0.00026236
-0.000260619
-0.000259101
-0.000257802
-0.000256717
-0.000255842
-0.000255178
-0.000254773
-0.000326199
-0.000322319
-0.000318435
-0.000314568
-0.000310737
-0.000306963
-0.000303268
-0.000299672
-0.000296197
-0.000292866
-0.000289697
-0.000286708
-0.000283914
-0.000281327
-0.000278953
-0.000276794
-0.000274849
-0.000273114
-0.000271583
-0.00027025
-0.000269109
-0.000268153
-0.000267376
-0.000266781
-0.000266413
-0.000331765
-0.000328156
-0.000324553
-0.000320974
-0.000317438
-0.000313964
-0.000310571
-0.00030728
-0.00030411
-0.000301081
-0.00029821
-0.000295513
-0.000293003
-0.000290689
-0.000288575
-0.000286661
-0.000284944
-0.000283418
-0.000282076
-0.000280908
-0.000279908
-0.000279068
-0.00027838
-0.000277845
-0.00027751
-0.000337276
-0.00033392
-0.000330579
-0.000327269
-0.000324007
-0.000320811
-0.000317699
-0.00031469
-0.000311801
-0.00030905
-0.000306453
-0.000304023
-0.000301772
-0.000299706
-0.000297828
-0.000296137
-0.000294626
-0.000293289
-0.000292116
-0.000291097
-0.000290224
-0.000289487
-0.000288877
-0.000288397
-0.000288092
-0.000342716
-0.000339598
-0.000336501
-0.000333442
-0.000330435
-0.000327497
-0.000324645
-0.000321896
-0.000319266
-0.000316771
-0.000314425
-0.00031224
-0.000310225
-0.000308386
-0.000306722
-0.000305232
-0.000303908
-0.000302742
-0.000301721
-0.000300837
-0.000300077
-0.000299433
-0.000298894
-0.000298462
-0.000298183
-0.000348072
-0.000345177
-0.000342309
-0.000339482
-0.000336712
-0.000334014
-0.000331403
-0.000328894
-0.000326503
-0.000324243
-0.000322128
-0.000320167
-0.000318367
-0.000316734
-0.000315266
-0.000313959
-0.000312804
-0.000311791
-0.000310908
-0.000310144
-0.000309487
-0.000308925
-0.00030845
-0.000308062
-0.000307807
-0.000353334
-0.000350646
-0.000347991
-0.000345381
-0.000342831
-0.000340355
-0.000337967
-0.00033568
-0.000333509
-0.000331466
-0.000329561
-0.000327805
-0.000326203
-0.000324758
-0.000323467
-0.000322326
-0.000321324
-0.00032045
-0.000319692
-0.000319036
-0.000318471
-0.000317984
-0.000317566
-0.000317217
-0.000316985
-0.00035849
-0.000355996
-0.00035354
-0.000351132
-0.000348786
-0.000346516
-0.000344333
-0.000342251
-0.000340283
-0.000338438
-0.000336728
-0.00033516
-0.000333738
-0.000332464
-0.000331335
-0.000330343
-0.00032948
-0.000328732
-0.000328086
-0.000327528
-0.000327046
-0.000326627
-0.00032626
-0.000325947
-0.000325735
-0.000363532
-0.000361219
-0.000358947
-0.000356727
-0.000354571
-0.000352491
-0.000350499
-0.000348606
-0.000346824
-0.000345162
-0.00034363
-0.000342233
-0.000340976
-0.000339858
-0.000338875
-0.000338021
-0.000337283
-0.000336649
-0.000336104
-0.000335635
-0.000335227
-0.000334869
-0.000334549
-0.000334269
-0.000334075
-0.000368451
-0.000366307
-0.000364206
-0.000362161
-0.000360181
-0.000358277
-0.00035646
-0.000354742
-0.000353131
-0.000351637
-0.000350268
-0.000349028
-0.000347921
-0.000346946
-0.000346097
-0.000345366
-0.000344743
-0.000344211
-0.000343758
-0.000343369
-0.000343029
-0.000342726
-0.000342449
-0.000342198
-0.000342021
-0.000373239
-0.000371252
-0.000369312
-0.000367428
-0.000365611
-0.00036387
-0.000362216
-0.000360658
-0.000359205
-0.000357866
-0.000356646
-0.00035555
-0.000354579
-0.000353733
-0.000353006
-0.000352388
-0.000351868
-0.00035143
-0.00035106
-0.000350742
-0.000350464
-0.000350211
-0.000349972
-0.000349749
-0.000349587
-0.000377891
-0.000376051
-0.000374259
-0.000372525
-0.000370858
-0.000369268
-0.000367764
-0.000366354
-0.000365046
-0.000363848
-0.000362764
-0.0003618
-0.000360955
-0.000360227
-0.00035961
-0.000359095
-0.000358668
-0.000358314
-0.000358019
-0.000357767
-0.000357544
-0.000357336
-0.000357132
-0.000356934
-0.000356787
-0.000382401
-0.000380696
-0.000379042
-0.000377447
-0.00037592
-0.000374469
-0.000373103
-0.000371829
-0.000370654
-0.000369585
-0.000368627
-0.000367783
-0.000367052
-0.000366432
-0.000365916
-0.000365493
-0.000365151
-0.000364874
-0.000364647
-0.000364454
-0.000364281
-0.000364114
-0.000363941
-0.000363768
-0.000363634
-0.000386762
-0.000385184
-0.000383658
-0.000382192
-0.000380794
-0.000379471
-0.000378232
-0.000377083
-0.000376031
-0.000375081
-0.000374238
-0.000373503
-0.000372877
-0.000372355
-0.00037193
-0.000371591
-0.000371325
-0.000371118
-0.000370952
-0.000370812
-0.000370684
-0.000370555
-0.000370412
-0.000370258
-0.000370139
-0.000390972
-0.000389511
-0.000388104
-0.000386757
-0.000385477
-0.000384273
-0.000383151
-0.000382117
-0.000381177
-0.000380337
-0.000379599
-0.000378964
-0.000378433
-0.000377999
-0.000377657
-0.000377394
-0.000377198
-0.000377053
-0.000376942
-0.000376851
-0.000376764
-0.000376668
-0.000376552
-0.000376418
-0.000376314
-0.000395026
-0.000393674
-0.000392376
-0.000391139
-0.000389969
-0.000388874
-0.00038786
-0.000386932
-0.000386095
-0.000385354
-0.000384712
-0.000384169
-0.000383723
-0.00038337
-0.000383103
-0.000382909
-0.000382775
-0.000382686
-0.000382625
-0.000382577
-0.000382528
-0.000382464
-0.000382372
-0.000382256
-0.000382165
-0.00039892
-0.000397669
-0.000396472
-0.000395337
-0.000394269
-0.000393274
-0.000392358
-0.000391527
-0.000390785
-0.000390135
-0.00038958
-0.00038912
-0.000388752
-0.000388472
-0.000388272
-0.00038814
-0.000388063
-0.000388024
-0.000388009
-0.000388
-0.000387985
-0.000387949
-0.00038788
-0.000387782
-0.000387703
-0.000402652
-0.000401494
-0.000400391
-0.000399349
-0.000398374
-0.000397472
-0.000396647
-0.000395905
-0.000395249
-0.000394682
-0.000394206
-0.00039382
-0.000393523
-0.000393309
-0.00039317
-0.000393093
-0.000393067
-0.000393073
-0.000393098
-0.000393125
-0.000393141
-0.000393131
-0.000393084
-0.000393004
-0.000392934
-0.000406219
-0.000405147
-0.00040413
-0.000403175
-0.000402286
-0.000401468
-0.000400727
-0.000400065
-0.000399487
-0.000398995
-0.000398591
-0.000398273
-0.00039804
-0.000397885
-0.0003978
-0.000397773
-0.000397791
-0.000397839
-0.0003979
-0.000397959
-0.000398002
-0.000398016
-0.00039799
-0.000397927
-0.000397868
-0.000409619
-0.000408626
-0.000407689
-0.000406813
-0.000406002
-0.000405262
-0.000404596
-0.000404009
-0.000403502
-0.000403078
-0.000402738
-0.000402481
-0.000402305
-0.000402202
-0.000402166
-0.000402184
-0.000402242
-0.000402326
-0.000402419
-0.000402507
-0.000402575
-0.000402612
-0.000402605
-0.000402558
-0.000402511
-0.00041285
-0.00041193
-0.000411066
-0.000410263
-0.000409524
-0.000408855
-0.000408258
-0.000407737
-0.000407294
-0.000406931
-0.00040665
-0.000406447
-0.000406321
-0.000406266
-0.000406272
-0.000406329
-0.000406422
-0.000406538
-0.00040666
-0.000406773
-0.000406865
-0.000406922
-0.000406933
-0.000406904
-0.000406869
-0.00041591
-0.000415058
-0.000414261
-0.000413524
-0.000412851
-0.000412245
-0.000411711
-0.00041125
-0.000410865
-0.000410558
-0.000410328
-0.000410174
-0.000410092
-0.000410078
-0.000410121
-0.000410212
-0.000410336
-0.000410479
-0.000410626
-0.000410762
-0.000410874
-0.00041095
-0.00041098
-0.000410967
-0.000410947
-0.000418799
-0.000418008
-0.000417272
-0.000416596
-0.000415983
-0.000415435
-0.000414957
-0.000414551
-0.000414217
-0.000413959
-0.000413774
-0.000413663
-0.00041362
-0.000413641
-0.000413717
-0.000413837
-0.000413987
-0.000414153
-0.000414321
-0.000414477
-0.000414608
-0.000414702
-0.000414749
-0.000414754
-0.000414748
-0.000421515
-0.00042078
-0.000420101
-0.00041948
-0.00041892
-0.000418425
-0.000417998
-0.000417639
-0.000417352
-0.000417137
-0.000416992
-0.000416918
-0.000416909
-0.00041696
-0.000417063
-0.000417206
-0.000417377
-0.000417563
-0.000417748
-0.000417921
-0.000418067
-0.000418178
-0.000418242
-0.000418266
-0.000418278
-0.000424058
-0.000423375
-0.000422746
-0.000422175
-0.000421664
-0.000421216
-0.000420833
-0.000420518
-0.000420271
-0.000420093
-0.000419984
-0.00041994
-0.00041996
-0.000420036
-0.00042016
-0.000420322
-0.00042051
-0.00042071
-0.000420909
-0.000421094
-0.000421255
-0.00042138
-0.000421461
-0.000421506
-0.000421537
-0.000426428
-0.000425791
-0.000425208
-0.000424681
-0.000424214
-0.000423808
-0.000423466
-0.000423188
-0.000422977
-0.000422831
-0.000422751
-0.000422734
-0.000422776
-0.000422872
-0.000423012
-0.000423188
-0.000423387
-0.000423597
-0.000423805
-0.000423999
-0.00042417
-0.000424309
-0.000424407
-0.000424474
-0.000424527
-0.000428624
-0.000428029
-0.000427488
-0.000427001
-0.000426573
-0.000426204
-0.000425897
-0.000425652
-0.000425471
-0.000425353
-0.000425297
-0.000425301
-0.000425361
-0.000425471
-0.000425622
-0.000425806
-0.000426011
-0.000426225
-0.000426436
-0.000426635
-0.000426813
-0.000426962
-0.000427077
-0.000427169
-0.000427249
-0.000430647
-0.00043009
-0.000429585
-0.000429134
-0.00042874
-0.000428404
-0.000428128
-0.000427912
-0.000427756
-0.000427661
-0.000427625
-0.000427645
-0.000427717
-0.000427836
-0.000427993
-0.000428179
-0.000428383
-0.000428595
-0.000428804
-0.000429002
-0.000429181
-0.000429337
-0.000429468
-0.000429588
-0.000429699
-0.000432497
-0.000431973
-0.000431501
-0.000431082
-0.000430718
-0.000430411
-0.000430161
-0.000429969
-0.000429835
-0.000429758
-0.000429737
-0.000429768
-0.000429848
-0.000429971
-0.000430127
-0.00043031
-0.000430507
-0.000430709
-0.000430908
-0.000431096
-0.00043127
-0.000431428
-0.000431573
-0.000431724
-0.000431874
-0.000434174
-0.000433681
-0.000433237
-0.000432846
-0.000432509
-0.000432226
-0.000431998
-0.000431826
-0.00043171
-0.000431647
-0.000431637
-0.000431676
-0.000431758
-0.000431879
-0.00043203
-0.000432201
-0.000432384
-0.000432568
-0.000432747
-0.000432916
-0.000433075
-0.000433226
-0.00043338
-0.000433565
-0.000433762
-0.00043568
-0.000435213
-0.000434795
-0.000434427
-0.000434112
-0.000433851
-0.000433642
-0.000433487
-0.000433384
-0.000433333
-0.000433329
-0.000433371
-0.000433452
-0.000433567
-0.000433705
-0.000433859
-0.000434019
-0.000434175
-0.000434321
-0.000434457
-0.000434586
-0.000434718
-0.000434872
-0.000435092
-0.000435345
-0.000437015
-0.00043657
-0.000436174
-0.000435828
-0.000435532
-0.000435288
-0.000435095
-0.000434953
-0.000434862
-0.000434818
-0.000434818
-0.00043486
-0.000434936
-0.000435039
-0.00043516
-0.00043529
-0.000435417
-0.000435533
-0.000435633
-0.000435718
-0.000435796
-0.000435884
-0.000436021
-0.000436273
-0.000436591
-0.000438181
-0.000437756
-0.000437378
-0.000437049
-0.000436769
-0.00043654
-0.00043636
-0.000436229
-0.000436146
-0.000436107
-0.000436109
-0.000436147
-0.000436215
-0.000436303
-0.000436403
-0.000436502
-0.000436588
-0.000436652
-0.000436688
-0.000436697
-0.000436693
-0.000436704
-0.000436789
-0.000437055
-0.000437439
-0.000439178
-0.000438769
-0.000438407
-0.000438093
-0.000437827
-0.00043761
-0.00043744
-0.000437318
-0.00043724
-0.000437205
-0.000437206
-0.00043724
-0.000437298
-0.00043737
-0.000437444
-0.000437507
-0.000437544
-0.000437542
-0.000437494
-0.0004374
-0.000437272
-0.000437148
-0.00043712
-0.000437353
-0.000437776
-0.00044001
-0.000439614
-0.000439264
-0.000438962
-0.000438707
-0.000438499
-0.000438338
-0.000438223
-0.00043815
-0.000438116
-0.000438117
-0.000438145
-0.000438193
-0.000438247
-0.000438295
-0.00043832
-0.000438303
-0.000438225
-0.000438073
-0.000437838
-0.000437532
-0.000437192
-0.000436943
-0.000437035
-0.000437399
-0.000440676
-0.000440291
-0.000439951
-0.000439658
-0.000439411
-0.000439212
-0.000439058
-0.000438948
-0.000438879
-0.000438847
-0.000438847
-0.000438871
-0.000438909
-0.000438948
-0.000438971
-0.000438959
-0.000438887
-0.000438728
-0.000438457
-0.000438051
-0.000437498
-0.000436829
-0.000436184
-0.000435906
-0.000435958
-0.00044118
-0.000440802
-0.00044047
-0.000440184
-0.000439944
-0.000439751
-0.000439602
-0.000439497
-0.000439432
-0.000439402
-0.000439402
-0.000439424
-0.000439457
-0.000439486
-0.000439491
-0.00043945
-0.000439331
-0.000439098
-0.000438708
-0.000438111
-0.000437259
-0.000436125
-0.000434787
-0.000433544
-0.000432507
-0.000441532
-0.000441159
-0.000440831
-0.00044055
-0.000440316
-0.000440127
-0.000439984
-0.000439883
-0.000439822
-0.000439796
-0.000439799
-0.000439823
-0.000439857
-0.000439884
-0.000439884
-0.000439831
-0.000439689
-0.000439412
-0.000438935
-0.000438172
-0.000437007
-0.000435302
-0.000432822
-0.000429017
-0.000423878
-0.000441746
-0.000441375
-0.000441051
-0.000440773
-0.000440542
-0.000440356
-0.000440216
-0.00044012
-0.000440063
-0.000440042
-0.00044005
-0.000440079
-0.000440118
-0.000440151
-0.000440157
-0.000440109
-0.000439968
-0.000439682
-0.000439172
-0.000438313
-0.00043691
-0.000434674
-0.000430849
-0.000422587
-0.000406551
0.000495745
0.000452442
0.000425923
0.000407053
0.000393042
0.000382357
0.000373944
0.000367133
0.000361485
0.000356697
0.000352538
0.000348839
0.000345468
0.000342327
0.000339341
0.000336454
0.000333622
0.000330813
0.000328003
0.000325176
0.000322319
0.000319424
0.000316486
0.000313502
0.000310471
0.000307392
0.000304268
0.0003011
0.000297889
0.000294639
0.000291352
0.000288032
0.00028468
0.0002813
0.000277895
0.000274468
0.000271021
0.000267557
0.000264079
0.000260588
0.000257087
0.000253578
0.000250063
0.000246544
0.000243023
0.000239501
0.000235979
0.00023246
0.000228944
0.000225432
0.000221925
0.000218425
0.000214932
0.000211447
0.00020797
0.000204503
0.000201046
0.000197599
0.000194162
0.000190737
0.000187323
0.00018392
0.000180529
0.00017715
0.000173783
0.000170428
0.000167085
0.000163754
0.000160435
0.000157128
0.000153833
0.000150549
0.000147278
0.000144017
0.000140768
0.000137529
0.000134302
0.000131085
0.000127879
0.000124682
0.000121496
0.000118319
0.000115151
0.000111992
0.000108842
0.000105701
0.000102568
9.94428e-05
9.63252e-05
9.32151e-05
9.01119e-05
8.70156e-05
8.39258e-05
8.08423e-05
7.77647e-05
7.46928e-05
7.16263e-05
6.8565e-05
6.55086e-05
6.24568e-05
5.94095e-05
5.63662e-05
5.33269e-05
5.02913e-05
4.7259e-05
4.423e-05
4.12039e-05
3.81806e-05
3.51598e-05
3.21413e-05
2.91249e-05
2.61104e-05
2.30975e-05
2.00862e-05
1.70762e-05
1.40677e-05
1.10602e-05
8.04832e-06
5.031e-06
1.74672e-06
0.000469207
0.000439823
0.000418385
0.000402195
0.000389706
0.000379934
0.00037213
0.000365758
0.000360438
0.000355893
0.000351921
0.000348363
0.000345103
0.000342048
0.000339129
0.000336293
0.000333501
0.000330722
0.000327936
0.000325127
0.000322284
0.000319399
0.000316469
0.000313491
0.000310465
0.00030739
0.000304269
0.000301102
0.000297892
0.000294643
0.000291357
0.000288036
0.000284684
0.000281304
0.000277899
0.000274472
0.000271024
0.00026756
0.000264081
0.000260589
0.000257088
0.000253579
0.000250064
0.000246544
0.000243023
0.0002395
0.000235979
0.000232459
0.000228942
0.00022543
0.000221923
0.000218423
0.00021493
0.000211445
0.000207968
0.000204501
0.000201043
0.000197596
0.00019416
0.000190734
0.00018732
0.000183917
0.000180526
0.000177147
0.00017378
0.000170425
0.000167082
0.000163751
0.000160432
0.000157125
0.00015383
0.000150547
0.000147275
0.000144014
0.000140765
0.000137527
0.000134299
0.000131083
0.000127876
0.00012468
0.000121493
0.000118316
0.000115149
0.00011199
0.00010884
0.000105699
0.000102566
9.9441e-05
9.63235e-05
9.32134e-05
9.01103e-05
8.70141e-05
8.39243e-05
8.08408e-05
7.77633e-05
7.46915e-05
7.16251e-05
6.85638e-05
6.55075e-05
6.24558e-05
5.94085e-05
5.63653e-05
5.33261e-05
5.02905e-05
4.72583e-05
4.42293e-05
4.12033e-05
3.818e-05
3.51593e-05
3.21408e-05
2.91245e-05
2.611e-05
2.30972e-05
2.00858e-05
1.70758e-05
1.40673e-05
1.10602e-05
8.04941e-06
5.03535e-06
1.74905e-06
0.000439278
0.000421319
0.000406024
0.000393537
0.000383435
0.00037527
0.000368601
0.00036306
0.000358365
0.000354297
0.00035069
0.000347414
0.000344371
0.000341484
0.000338694
0.000335959
0.000333244
0.000330526
0.000327786
0.000325013
0.000322198
0.000319335
0.000316422
0.000313457
0.00031044
0.000307373
0.000304256
0.000301094
0.000297888
0.00029464
0.000291356
0.000288036
0.000284685
0.000281306
0.000277901
0.000274473
0.000271026
0.000267561
0.000264082
0.00026059
0.000257089
0.000253579
0.000250064
0.000246544
0.000243023
0.0002395
0.000235978
0.000232458
0.000228941
0.000225429
0.000221922
0.000218421
0.000214928
0.000211443
0.000207966
0.000204499
0.000201041
0.000197594
0.000194157
0.000190732
0.000187317
0.000183915
0.000180524
0.000177145
0.000173778
0.000170423
0.00016708
0.000163749
0.00016043
0.000157123
0.000153828
0.000150544
0.000147272
0.000144012
0.000140763
0.000137525
0.000134297
0.00013108
0.000127874
0.000124678
0.000121491
0.000118314
0.000115147
0.000111988
0.000108839
0.000105698
0.000102565
9.94395e-05
9.6322e-05
9.3212e-05
9.0109e-05
8.70128e-05
8.39231e-05
8.08397e-05
7.77622e-05
7.46905e-05
7.16241e-05
6.85629e-05
6.55066e-05
6.2455e-05
5.94077e-05
5.63646e-05
5.33254e-05
5.02898e-05
4.72577e-05
4.42288e-05
4.12028e-05
3.81796e-05
3.51589e-05
3.21405e-05
2.91242e-05
2.61097e-05
2.30969e-05
2.00855e-05
1.70755e-05
1.40669e-05
1.10601e-05
8.04989e-06
5.0336e-06
1.74697e-06
0.000409816
0.000399933
0.00039039
0.000381944
0.000374733
0.000368663
0.000363542
0.000359166
0.000355359
0.000351972
0.00034889
0.000346021
0.000343291
0.000340647
0.000338046
0.000335457
0.000332855
0.000330224
0.000327553
0.000324833
0.000322059
0.000319228
0.000316339
0.000313393
0.000310391
0.000307335
0.000304228
0.000301072
0.000297871
0.000294628
0.000291346
0.000288029
0.00028468
0.000281302
0.000277898
0.000274471
0.000271024
0.00026756
0.000264081
0.00026059
0.000257088
0.000253579
0.000250064
0.000246544
0.000243022
0.000239499
0.000235977
0.000232457
0.000228941
0.000225428
0.000221921
0.000218421
0.000214927
0.000211442
0.000207965
0.000204498
0.00020104
0.000197593
0.000194156
0.000190731
0.000187317
0.000183914
0.000180523
0.000177144
0.000173777
0.000170422
0.000167079
0.000163748
0.000160429
0.000157122
0.000153827
0.000150544
0.000147272
0.000144011
0.000140762
0.000137524
0.000134297
0.00013108
0.000127873
0.000124677
0.000121491
0.000118314
0.000115146
0.000111988
0.000108838
0.000105697
0.000102564
9.9439e-05
9.63216e-05
9.32116e-05
9.01086e-05
8.70124e-05
8.39228e-05
8.08394e-05
7.77619e-05
7.46902e-05
7.16238e-05
6.85626e-05
6.55064e-05
6.24547e-05
5.94075e-05
5.63644e-05
5.33252e-05
5.02897e-05
4.72576e-05
4.42287e-05
4.12027e-05
3.81795e-05
3.51588e-05
3.21404e-05
2.91241e-05
2.61096e-05
2.30968e-05
2.00854e-05
1.70753e-05
1.40666e-05
1.10596e-05
8.04912e-06
5.03153e-06
1.74554e-06
0.00038176
0.000377799
0.000373172
0.000368619
0.000364438
0.000360695
0.000357363
0.000354372
0.000351637
0.000349082
0.000346646
0.000344277
0.000341936
0.000339594
0.000337226
0.000334818
0.000332358
0.000329837
0.00032725
0.000324596
0.000321873
0.000319083
0.000316225
0.000313304
0.000310321
0.00030728
0.000304184
0.000301038
0.000297844
0.000294607
0.000291329
0.000288016
0.000284669
0.000281293
0.000277891
0.000274466
0.00027102
0.000267557
0.000264078
0.000260588
0.000257087
0.000253578
0.000250063
0.000246543
0.000243022
0.000239499
0.000235977
0.000232457
0.000228941
0.000225429
0.000221922
0.000218421
0.000214928
0.000211443
0.000207966
0.000204499
0.000201041
0.000197594
0.000194157
0.000190732
0.000187318
0.000183915
0.000180524
0.000177145
0.000173778
0.000170423
0.00016708
0.000163749
0.00016043
0.000157123
0.000153828
0.000150544
0.000147273
0.000144012
0.000140763
0.000137525
0.000134297
0.000131081
0.000127874
0.000124678
0.000121491
0.000118315
0.000115147
0.000111989
0.000108839
0.000105698
0.000102565
9.94397e-05
9.63223e-05
9.32122e-05
9.01092e-05
8.7013e-05
8.39234e-05
8.08399e-05
7.77624e-05
7.46907e-05
7.16243e-05
6.85631e-05
6.55068e-05
6.24552e-05
5.94079e-05
5.63648e-05
5.33256e-05
5.02901e-05
4.72579e-05
4.4229e-05
4.1203e-05
3.81798e-05
3.51591e-05
3.21407e-05
2.91243e-05
2.61098e-05
2.30969e-05
2.00855e-05
1.70752e-05
1.40664e-05
1.10591e-05
8.04822e-06
5.02996e-06
1.74469e-06
0.00035526
0.000355872
0.000355436
0.000354497
0.000353308
0.000351957
0.000350519
0.000349024
0.000347467
0.000345835
0.000344117
0.000342308
0.000340402
0.000338397
0.000336293
0.000334088
0.000331786
0.000329389
0.000326898
0.000324319
0.000321655
0.00031891
0.000316088
0.000313195
0.000310234
0.00030721
0.000304128
0.000300993
0.000297808
0.000294577
0.000291305
0.000287996
0.000284653
0.00028128
0.000277881
0.000274457
0.000271013
0.000267551
0.000264074
0.000260584
0.000257084
0.000253576
0.000250061
0.000246543
0.000243022
0.000239499
0.000235978
0.000232458
0.000228942
0.00022543
0.000221923
0.000218423
0.00021493
0.000211445
0.000207968
0.000204501
0.000201044
0.000197596
0.00019416
0.000190735
0.00018732
0.000183918
0.000180527
0.000177148
0.000173781
0.000170426
0.000167083
0.000163752
0.000160433
0.000157126
0.000153831
0.000150547
0.000147275
0.000144015
0.000140766
0.000137527
0.0001343
0.000131083
0.000127877
0.00012468
0.000121494
0.000118317
0.000115149
0.000111991
0.000108841
0.0001057
0.000102567
9.94415e-05
9.6324e-05
9.32139e-05
9.01109e-05
8.70146e-05
8.39249e-05
8.08414e-05
7.77639e-05
7.4692e-05
7.16256e-05
6.85643e-05
6.5508e-05
6.24563e-05
5.9409e-05
5.63658e-05
5.33266e-05
5.0291e-05
4.72588e-05
4.42298e-05
4.12038e-05
3.81805e-05
3.51597e-05
3.21413e-05
2.91249e-05
2.61103e-05
2.30973e-05
2.00858e-05
1.70754e-05
1.40665e-05
1.1059e-05
8.04765e-06
5.02921e-06
1.74445e-06
0.000330173
0.000334585
0.00033787
0.000340297
0.000341978
0.000342989
0.000343466
0.0003435
0.000343149
0.000342463
0.000341486
0.000340254
0.000338797
0.000337143
0.00033531
0.000333318
0.00033118
0.000328911
0.000326521
0.00032402
0.000321417
0.00031872
0.000315936
0.000313073
0.000310136
0.000307131
0.000304064
0.00030094
0.000297764
0.000294541
0.000291276
0.000287972
0.000284633
0.000281264
0.000277867
0.000274446
0.000271004
0.000267544
0.000264068
0.00026058
0.000257081
0.000253573
0.00025006
0.000246542
0.000243022
0.0002395
0.000235979
0.00023246
0.000228944
0.000225432
0.000221926
0.000218426
0.000214933
0.000211448
0.000207972
0.000204505
0.000201048
0.000197601
0.000194164
0.000190739
0.000187325
0.000183922
0.000180532
0.000177153
0.000173785
0.00017043
0.000167087
0.000163757
0.000160438
0.00015713
0.000153835
0.000150552
0.00014728
0.000144019
0.00014077
0.000137532
0.000134304
0.000131087
0.000127881
0.000124684
0.000121498
0.00011832
0.000115153
0.000111994
0.000108844
0.000105703
0.00010257
9.94445e-05
9.63269e-05
9.32167e-05
9.01135e-05
8.70172e-05
8.39273e-05
8.08437e-05
7.77661e-05
7.46941e-05
7.16276e-05
6.85663e-05
6.55098e-05
6.2458e-05
5.94106e-05
5.63674e-05
5.3328e-05
5.02923e-05
4.72601e-05
4.4231e-05
4.12049e-05
3.81816e-05
3.51607e-05
3.21422e-05
2.91257e-05
2.6111e-05
2.3098e-05
2.00864e-05
1.70759e-05
1.40669e-05
1.10593e-05
8.04788e-06
5.02934e-06
1.74449e-06
0.000306351
0.000314198
0.000320999
0.000326622
0.000331039
0.000334336
0.000336665
0.000338171
0.000338981
0.000339205
0.000338939
0.000338261
0.000337238
0.000335919
0.000334349
0.000332561
0.000330583
0.000328438
0.000326145
0.00032372
0.000321177
0.000318527
0.00031578
0.000312946
0.000310032
0.000307046
0.000303994
0.000300882
0.000297716
0.000294502
0.000291243
0.000287944
0.00028461
0.000281244
0.000277851
0.000274432
0.000270993
0.000267535
0.000264061
0.000260574
0.000257077
0.000253571
0.000250058
0.000246541
0.000243022
0.000239501
0.000235981
0.000232462
0.000228947
0.000225436
0.00022193
0.00021843
0.000214938
0.000211453
0.000207977
0.000204511
0.000201053
0.000197607
0.00019417
0.000190745
0.000187331
0.000183929
0.000180538
0.000177159
0.000173792
0.000170437
0.000167094
0.000163763
0.000160444
0.000157137
0.000153841
0.000150558
0.000147286
0.000144025
0.000140776
0.000137537
0.00013431
0.000131093
0.000127886
0.000124689
0.000121502
0.000118325
0.000115157
0.000111999
0.000108849
0.000105707
0.000102574
9.94485e-05
9.63307e-05
9.32204e-05
9.01171e-05
8.70206e-05
8.39306e-05
8.08468e-05
7.77691e-05
7.4697e-05
7.16303e-05
6.85689e-05
6.55123e-05
6.24604e-05
5.94128e-05
5.63695e-05
5.333e-05
5.02942e-05
4.72618e-05
4.42326e-05
4.12064e-05
3.8183e-05
3.5162e-05
3.21433e-05
2.91268e-05
2.6112e-05
2.30989e-05
2.00872e-05
1.70767e-05
1.40676e-05
1.106e-05
8.04889e-06
5.03033e-06
1.7448e-06
0.000283691
0.000294962
0.000305317
0.000314087
0.000321115
0.000326533
0.000330553
0.000333391
0.000335244
0.000336282
0.000336651
0.000336469
0.00033583
0.000334812
0.000333475
0.000331869
0.000330034
0.000328
0.000325795
0.000323438
0.000320949
0.000318342
0.000315629
0.000312822
0.00030993
0.000306961
0.000303923
0.000300823
0.000297666
0.000294459
0.000291207
0.000287914
0.000284584
0.000281223
0.000277832
0.000274417
0.00027098
0.000267524
0.000264053
0.000260568
0.000257072
0.000253567
0.000250056
0.00024654
0.000243022
0.000239502
0.000235982
0.000232465
0.00022895
0.00022544
0.000221934
0.000218435
0.000214943
0.000211459
0.000207983
0.000204517
0.00020106
0.000197614
0.000194178
0.000190752
0.000187339
0.000183936
0.000180545
0.000177166
0.000173799
0.000170444
0.000167101
0.00016377
0.000160451
0.000157144
0.000153849
0.000150565
0.000147293
0.000144032
0.000140783
0.000137544
0.000134316
0.000131099
0.000127892
0.000124695
0.000121508
0.000118331
0.000115163
0.000112004
0.000108854
0.000105712
0.000102579
9.94533e-05
9.63353e-05
9.32248e-05
9.01213e-05
8.70246e-05
8.39345e-05
8.08506e-05
7.77726e-05
7.47004e-05
7.16336e-05
6.85719e-05
6.55152e-05
6.24631e-05
5.94155e-05
5.63719e-05
5.33323e-05
5.02964e-05
4.72639e-05
4.42345e-05
4.12082e-05
3.81846e-05
3.51635e-05
3.21447e-05
2.9128e-05
2.61132e-05
2.31e-05
2.00882e-05
1.70777e-05
1.40686e-05
1.10611e-05
8.0502e-06
5.03214e-06
1.74573e-06
0.000262101
0.000277179
0.000291416
0.000303336
0.000312787
0.000320075
0.000325537
0.000329488
0.000332198
0.000333901
0.000334783
0.000335
0.000334671
0.000333894
0.000332746
0.000331288
0.000329568
0.000327625
0.000325491
0.000323192
0.000320747
0.000318176
0.000315492
0.000312707
0.000309834
0.00030688
0.000303854
0.000300764
0.000297617
0.000294417
0.00029117
0.000287883
0.000284558
0.0002812
0.000277813
0.0002744
0.000270966
0.000267513
0.000264043
0.00026056
0.000257066
0.000253563
0.000250053
0.000246539
0.000243021
0.000239503
0.000235984
0.000232467
0.000228954
0.000225444
0.000221939
0.000218441
0.000214949
0.000211465
0.00020799
0.000204524
0.000201068
0.000197621
0.000194185
0.000190761
0.000187347
0.000183945
0.000180554
0.000177175
0.000173808
0.000170453
0.00016711
0.000163779
0.00016046
0.000157153
0.000153857
0.000150573
0.000147301
0.00014404
0.00014079
0.000137552
0.000134324
0.000131106
0.000127899
0.000124702
0.000121515
0.000118338
0.00011517
0.00011201
0.00010886
0.000105718
0.000102584
9.94587e-05
9.63405e-05
9.32298e-05
9.01261e-05
8.70293e-05
8.39389e-05
8.08548e-05
7.77767e-05
7.47042e-05
7.16373e-05
6.85754e-05
6.55185e-05
6.24663e-05
5.94184e-05
5.63747e-05
5.3335e-05
5.02988e-05
4.72662e-05
4.42367e-05
4.12102e-05
3.81865e-05
3.51652e-05
3.21463e-05
2.91295e-05
2.61145e-05
2.31012e-05
2.00893e-05
1.70787e-05
1.40696e-05
1.10622e-05
8.05134e-06
5.03443e-06
1.74723e-06
0.000241051
0.000261102
0.000279972
0.000295027
0.000306594
0.000315394
0.000321958
0.000326729
0.000330054
0.000332222
0.000333462
0.000333953
0.000333838
0.000333229
0.000332212
0.000330856
0.000329217
0.000327338
0.000325255
0.000322996
0.000320585
0.000318039
0.000315376
0.000312609
0.00030975
0.000306808
0.000303793
0.000300711
0.00029757
0.000294376
0.000291135
0.000287852
0.000284531
0.000281177
0.000277793
0.000274383
0.000270952
0.000267501
0.000264033
0.000260552
0.000257059
0.000253558
0.00025005
0.000246537
0.00024302
0.000239503
0.000235986
0.00023247
0.000228957
0.000225448
0.000221944
0.000218446
0.000214955
0.000211472
0.000207997
0.000204531
0.000201075
0.000197629
0.000194193
0.000190769
0.000187355
0.000183953
0.000180563
0.000177184
0.000173817
0.000170462
0.000167119
0.000163788
0.000160468
0.000157161
0.000153866
0.000150582
0.000147309
0.000144048
0.000140798
0.000137559
0.000134331
0.000131114
0.000127907
0.00012471
0.000121522
0.000118345
0.000115176
0.000112017
0.000108866
0.000105724
0.00010259
9.94643e-05
9.63459e-05
9.3235e-05
9.01311e-05
8.7034e-05
8.39435e-05
8.08592e-05
7.77809e-05
7.47082e-05
7.16411e-05
6.85791e-05
6.5522e-05
6.24695e-05
5.94215e-05
5.63776e-05
5.33377e-05
5.03014e-05
4.72686e-05
4.42389e-05
4.12123e-05
3.81884e-05
3.5167e-05
3.21479e-05
2.91309e-05
2.61158e-05
2.31024e-05
2.00904e-05
1.70797e-05
1.40705e-05
1.10627e-05
8.05117e-06
5.03634e-06
1.74936e-06
0.000219262
0.000248021
0.000272425
0.000290002
0.000303014
0.000312781
0.000320021
0.000325252
0.000328911
0.000331328
0.000332756
0.000333391
0.000333385
0.000332859
0.000331908
0.000330605
0.000329009
0.000327164
0.000325109
0.000322872
0.000320479
0.000317949
0.000315299
0.000312542
0.000309692
0.000306757
0.000303748
0.000300672
0.000297536
0.000294346
0.000291109
0.000287828
0.00028451
0.000281159
0.000277777
0.00027437
0.00027094
0.000267491
0.000264025
0.000260545
0.000257054
0.000253554
0.000250047
0.000246535
0.00024302
0.000239503
0.000235987
0.000232472
0.000228959
0.000225451
0.000221948
0.00021845
0.00021496
0.000211477
0.000208002
0.000204537
0.000201081
0.000197635
0.0001942
0.000190775
0.000187362
0.00018396
0.00018057
0.000177191
0.000173824
0.000170469
0.000167126
0.000163795
0.000160476
0.000157168
0.000153873
0.000150589
0.000147316
0.000144055
0.000140805
0.000137566
0.000134338
0.00013112
0.000127913
0.000124715
0.000121528
0.00011835
0.000115182
0.000112022
0.000108871
0.000105729
0.000102595
9.94688e-05
9.63504e-05
9.32392e-05
9.01352e-05
8.7038e-05
8.39472e-05
8.08628e-05
7.77843e-05
7.47115e-05
7.16442e-05
6.8582e-05
6.55248e-05
6.24722e-05
5.9424e-05
5.638e-05
5.33399e-05
5.03035e-05
4.72705e-05
4.42407e-05
4.1214e-05
3.81899e-05
3.51684e-05
3.21492e-05
2.91321e-05
2.61169e-05
2.31033e-05
2.00913e-05
1.70806e-05
1.40712e-05
1.1063e-05
8.05028e-06
5.03212e-06
1.74707e-06
)
;

boundaryField
{
    frontWall
    {
        type            empty;
    }
    backWall
    {
        type            empty;
    }
    sideWall
    {
        type            zeroGradient;
    }
    outlet
    {
        type            fixedValue;
        value           uniform 0;
    }
    inlet
    {
        type            zeroGradient;
    }
}


// ************************************************************************* //
