/*--------------------------------*- C++ -*----------------------------------*\
  =========                 |
  \\      /  F ield         | OpenFOAM: The Open Source CFD Toolbox
   \\    /   O peration     | Website:  https://openfoam.org
    \\  /    A nd           | Version:  13
     \\/     M anipulation  |
\*---------------------------------------------------------------------------*/
FoamFile
{
    format      ascii;
    class       volScalarField;
    location    "13";
    object      p;
}
// * * * * * * * * * * * * * * * * * * * * * * * * * * * * * * * * * * * * * //

dimensions      [0 2 -2 0 0 0 0];

internalField   nonuniform List<scalar> 
6440
(
0.00115103
0.00115125
0.00115173
0.00115244
0.00115339
0.00115454
0.00115584
0.00115722
0.0011586
0.00115991
0.00116108
0.00116203
0.00116268
0.00116298
0.00116289
0.00116241
0.00116153
0.00116026
0.00115867
0.00115685
0.00115487
0.00115281
0.00115076
0.00114882
0.00114719
0.00114979
0.00114999
0.00115042
0.00115108
0.00115195
0.00115301
0.00115423
0.00115553
0.00115687
0.00115817
0.00115937
0.00116039
0.00116115
0.00116158
0.00116162
0.00116122
0.00116035
0.00115902
0.00115727
0.00115512
0.00115266
0.00114994
0.00114709
0.00114424
0.0011417
0.00114786
0.00114808
0.00114852
0.00114919
0.00115007
0.00115115
0.00115239
0.00115375
0.00115517
0.00115657
0.00115789
0.00115904
0.00115992
0.00116046
0.00116057
0.00116018
0.00115927
0.00115782
0.00115581
0.00115324
0.00115018
0.0011467
0.00114298
0.00113925
0.00113598
0.00114539
0.00114565
0.00114613
0.00114687
0.00114783
0.00114899
0.00115032
0.0011518
0.00115336
0.00115492
0.00115641
0.00115773
0.00115878
0.00115946
0.00115968
0.00115936
0.00115845
0.00115689
0.0011546
0.0011516
0.00114795
0.00114372
0.00113912
0.00113454
0.00113061
0.00114239
0.00114269
0.00114324
0.00114405
0.00114512
0.0011464
0.00114786
0.00114948
0.0011512
0.00115294
0.00115462
0.00115615
0.0011574
0.00115829
0.00115868
0.0011585
0.00115764
0.00115603
0.00115354
0.00115021
0.00114604
0.00114112
0.0011357
0.00113028
0.00112565
0.00113884
0.00113918
0.00113979
0.0011407
0.00114188
0.00114329
0.00114491
0.00114668
0.00114856
0.00115049
0.00115238
0.00115412
0.00115562
0.00115674
0.00115737
0.00115739
0.00115667
0.0011551
0.00115253
0.00114897
0.00114439
0.00113887
0.00113268
0.0011264
0.00112105
0.00113472
0.0011351
0.00113579
0.00113679
0.0011381
0.00113966
0.00114144
0.00114337
0.00114543
0.00114754
0.00114962
0.0011516
0.00115334
0.00115473
0.00115564
0.00115591
0.00115541
0.00115397
0.00115145
0.00114778
0.0011429
0.00113685
0.0011299
0.00112278
0.00111671
0.00113005
0.00113047
0.00113122
0.00113234
0.00113377
0.0011355
0.00113745
0.00113957
0.0011418
0.00114408
0.00114636
0.00114855
0.00115053
0.00115219
0.00115339
0.00115397
0.00115375
0.00115254
0.00115019
0.00114652
0.00114146
0.00113497
0.00112733
0.00111937
0.00111257
0.00112482
0.00112528
0.00112611
0.00112733
0.00112891
0.00113081
0.00113295
0.00113526
0.00113768
0.00114015
0.00114262
0.001145
0.0011472
0.00114911
0.00115059
0.00115148
0.00115159
0.0011507
0.0011486
0.00114507
0.00113995
0.00113315
0.00112488
0.00111608
0.00110854
0.00111906
0.00111956
0.00112046
0.00112178
0.0011235
0.00112556
0.00112788
0.00113039
0.00113303
0.00113573
0.00113841
0.00114098
0.00114335
0.00114548
0.0011472
0.00114839
0.00114884
0.00114832
0.00114657
0.00114334
0.0011383
0.00113131
0.00112251
0.0011129
0.00110454
0.00111281
0.00111333
0.00111428
0.0011157
0.00111753
0.00111974
0.00112225
0.00112497
0.00112785
0.00113078
0.0011337
0.00113647
0.00113903
0.00114133
0.00114325
0.00114468
0.00114545
0.00114531
0.00114397
0.00114112
0.0011364
0.00112936
0.0011201
0.00110967
0.00110047
0.00110608
0.00110662
0.00110762
0.0011091
0.00111103
0.00111336
0.00111603
0.00111896
0.00112207
0.00112526
0.00112842
0.00113144
0.00113421
0.00113667
0.00113876
0.00114037
0.0011414
0.00114161
0.00114071
0.00113834
0.00113404
0.0011272
0.00111761
0.00110639
0.00109629
0.00109895
0.0010995
0.00110051
0.00110202
0.00110401
0.00110642
0.0011092
0.00111229
0.00111561
0.00111906
0.00112251
0.00112581
0.00112881
0.00113146
0.0011337
0.00113546
0.00113667
0.00113718
0.00113671
0.00113487
0.00113109
0.00112472
0.00111498
0.00110304
0.001092
0.00109149
0.00109202
0.00109302
0.00109451
0.00109648
0.00109891
0.00110173
0.00110489
0.00110836
0.00111203
0.00111578
0.00111938
0.00112268
0.00112557
0.00112799
0.00112992
0.0011313
0.00113204
0.00113194
0.00113064
0.00112751
0.0011217
0.00111221
0.0010996
0.00108751
0.00108377
0.00108427
0.00108523
0.00108665
0.00108853
0.00109086
0.00109361
0.00109677
0.00110026
0.00110403
0.00110796
0.00111179
0.00111541
0.00111867
0.00112146
0.00112369
0.00112532
0.0011263
0.00112654
0.0011257
0.0011232
0.00111812
0.00110913
0.00109596
0.00108269
0.00107592
0.00107637
0.00107724
0.00107855
0.00108028
0.00108244
0.00108501
0.00108797
0.00109129
0.0010949
0.00109872
0.00110264
0.00110651
0.00111018
0.00111351
0.00111633
0.00111851
0.00111993
0.00112052
0.00112012
0.00111827
0.00111398
0.00110565
0.00109243
0.001078
0.00106803
0.00106843
0.00106918
0.00107032
0.00107183
0.00107371
0.00107595
0.00107853
0.00108144
0.00108464
0.00108803
0.00109157
0.00109538
0.00109937
0.00110328
0.00110687
0.00110992
0.00111225
0.00111367
0.00111397
0.00111281
0.00110943
0.00110204
0.00108937
0.00107405
0.00106025
0.00106059
0.0010612
0.0010621
0.0010633
0.00106477
0.00106653
0.00106856
0.00107084
0.00107332
0.00107597
0.00107899
0.00108234
0.00108593
0.00108981
0.00109391
0.00109785
0.00110138
0.00110422
0.00110604
0.00110637
0.00110434
0.00109851
0.00108775
0.00107258
0.00105273
0.00105299
0.00105342
0.00105404
0.00105484
0.00105583
0.001057
0.00105833
0.00105978
0.00106132
0.00106309
0.00106518
0.0010676
0.00107039
0.00107355
0.00107708
0.00108107
0.0010853
0.00108952
0.00109346
0.00109668
0.00109844
0.0010974
0.00109212
0.00107954
0.00104558
0.00104575
0.00104597
0.00104629
0.00104671
0.0010472
0.00104776
0.00104836
0.00104898
0.00104968
0.00105054
0.0010516
0.00105289
0.00105447
0.00105638
0.00105873
0.00106165
0.0010653
0.00106966
0.0010747
0.00108062
0.00108755
0.0010952
0.00110313
0.0011041
0.00103888
0.00103895
0.00103906
0.00103921
0.0010394
0.00103961
0.00103983
0.00104004
0.00104027
0.00104054
0.00104091
0.00104139
0.00104202
0.00104284
0.00104395
0.00104543
0.00104737
0.00104993
0.0010534
0.00105814
0.00106451
0.00107342
0.00108623
0.00110909
0.00115715
0.00103241
0.00103246
0.00103254
0.00103265
0.00103279
0.00103296
0.00103313
0.00103331
0.00103351
0.00103376
0.00103409
0.00103451
0.00103508
0.00103585
0.00103689
0.0010383
0.00104022
0.0010428
0.00104637
0.00105129
0.00105808
0.00106786
0.00108287
0.00110735
0.00114743
0.0010262
0.00102624
0.00102631
0.00102642
0.00102656
0.00102672
0.00102691
0.00102711
0.00102735
0.00102763
0.00102799
0.00102845
0.00102904
0.00102984
0.00103091
0.00103236
0.0010343
0.00103692
0.00104048
0.00104534
0.00105199
0.00106125
0.0010744
0.00109288
0.00111627
0.00102025
0.00102029
0.00102036
0.00102047
0.00102061
0.00102078
0.00102097
0.00102119
0.00102145
0.00102175
0.00102212
0.00102259
0.00102319
0.00102398
0.00102502
0.00102641
0.00102826
0.00103072
0.001034
0.00103836
0.00104412
0.00105172
0.00106155
0.00107354
0.0010859
0.00101456
0.00101461
0.00101468
0.00101478
0.00101491
0.00101508
0.00101527
0.00101549
0.00101574
0.00101603
0.00101638
0.00101681
0.00101736
0.00101808
0.00101901
0.00102024
0.00102185
0.00102396
0.00102669
0.00103021
0.00103465
0.00104012
0.00104654
0.00105331
0.00105891
0.00100914
0.00100919
0.00100925
0.00100935
0.00100947
0.00100962
0.00100979
0.00100999
0.00101021
0.00101047
0.00101076
0.00101113
0.00101158
0.00101216
0.00101291
0.00101389
0.00101515
0.00101677
0.00101881
0.00102131
0.0010243
0.00102769
0.00103119
0.00103417
0.00103552
0.00100399
0.00100403
0.00100409
0.00100417
0.00100428
0.00100441
0.00100455
0.00100471
0.00100488
0.00100508
0.0010053
0.00100555
0.00100587
0.00100628
0.00100679
0.00100746
0.00100831
0.00100936
0.00101064
0.00101212
0.00101373
0.00101529
0.00101649
0.00101677
0.00101536
0.0009991
0.00099914
0.000999188
0.000999253
0.000999336
0.000999433
0.000999539
0.000999649
0.00099976
0.000999873
0.000999991
0.00100012
0.00100028
0.00100047
0.00100072
0.00100105
0.00100145
0.00100192
0.00100245
0.00100297
0.00100336
0.00100343
0.00100287
0.00100125
0.000998032
0.000994471
0.000994505
0.000994541
0.000994587
0.000994642
0.000994702
0.00099476
0.00099481
0.000994846
0.000994866
0.000994868
0.000994856
0.000994833
0.000994804
0.000994773
0.00099474
0.000994696
0.000994616
0.000994451
0.00099412
0.000993493
0.000992379
0.000990516
0.00098757
0.000983158
0.0009901
0.000990127
0.00099015
0.000990173
0.000990195
0.000990213
0.000990217
0.000990199
0.000990152
0.00099007
0.000989949
0.000989784
0.000989574
0.000989315
0.000989004
0.000988626
0.000988161
0.000987569
0.000986792
0.00098574
0.000984286
0.000982258
0.000979442
0.000975583
0.000970405
0.000985985
0.000986005
0.000986011
0.000986009
0.000985997
0.000985968
0.000985913
0.000985823
0.000985689
0.0009855
0.00098525
0.00098493
0.000984534
0.000984051
0.00098347
0.00098277
0.00098192
0.000980878
0.000979577
0.000977931
0.000975822
0.000973106
0.000969609
0.000965135
0.000959485
0.000982123
0.000982134
0.000982124
0.000982095
0.000982045
0.000981968
0.000981852
0.000981688
0.000981464
0.000981168
0.00098079
0.000980319
0.000979742
0.000979048
0.000978216
0.000977224
0.000976036
0.000974605
0.000972869
0.000970746
0.000968134
0.000964912
0.00096094
0.000956071
0.000950158
0.000978512
0.000978514
0.000978485
0.000978429
0.000978341
0.000978214
0.000978038
0.000977799
0.000977485
0.000977084
0.000976583
0.000975967
0.000975223
0.000974333
0.000973277
0.000972027
0.000970548
0.000968793
0.000966705
0.000964209
0.000961219
0.000957635
0.000953348
0.000948244
0.000942216
0.000975147
0.00097514
0.000975094
0.000975009
0.000974884
0.000974708
0.000974471
0.000974159
0.00097376
0.000973258
0.00097264
0.000971891
0.000970993
0.000969929
0.000968675
0.000967204
0.000965481
0.000963463
0.000961097
0.000958318
0.000955054
0.000951224
0.000946742
0.000941522
0.000935485
0.000972026
0.00097201
0.000971946
0.000971834
0.000971671
0.000971448
0.000971152
0.000970771
0.000970291
0.000969696
0.000968971
0.0009681
0.000967065
0.000965848
0.000964425
0.00096277
0.000960849
0.000958622
0.000956043
0.000953057
0.000949605
0.00094562
0.000941036
0.000935788
0.000929817
0.000969145
0.00096912
0.000969038
0.0009689
0.000968701
0.000968433
0.000968082
0.000967636
0.000967081
0.0009664
0.000965579
0.0009646
0.000963447
0.0009621
0.000960536
0.00095873
0.000956652
0.000954265
0.000951531
0.000948402
0.00094483
0.000940762
0.000936147
0.000930935
0.000925084
0.000966498
0.000966464
0.000966366
0.000966204
0.000965972
0.000965661
0.000965259
0.000964754
0.00096413
0.000963373
0.000962467
0.000961395
0.000960141
0.000958685
0.000957007
0.000955083
0.000952885
0.000950382
0.000947541
0.000944322
0.000940686
0.000936591
0.000931998
0.00092687
0.000921176
0.000964082
0.00096404
0.000963926
0.000963741
0.000963478
0.000963128
0.00096268
0.000962121
0.000961437
0.000960612
0.000959633
0.000958483
0.000957145
0.000955602
0.000953835
0.000951821
0.000949536
0.000946955
0.000944047
0.000940782
0.000937127
0.000933049
0.000928519
0.00092351
0.000918
0.00096189
0.00096184
0.000961713
0.000961506
0.000961215
0.00096083
0.000960341
0.000959735
0.000958998
0.000958116
0.000957075
0.00095586
0.000954456
0.000952845
0.00095101
0.000948933
0.000946591
0.000943963
0.000941023
0.000937747
0.000934108
0.000930082
0.000925646
0.00092078
0.000915471
0.000959916
0.000959859
0.000959719
0.000959494
0.000959178
0.000958762
0.000958237
0.00095759
0.000956808
0.000955878
0.000954787
0.000953521
0.000952065
0.000950404
0.000948523
0.000946405
0.000944031
0.000941382
0.000938439
0.000935181
0.000931587
0.000927639
0.000923319
0.000918615
0.000913518
0.000958153
0.000958091
0.00095794
0.000957698
0.00095736
0.000956918
0.000956361
0.000955679
0.00095486
0.000953892
0.000952761
0.000951456
0.000949963
0.000948269
0.000946359
0.000944219
0.000941835
0.000939189
0.000936265
0.000933048
0.000929521
0.000925671
0.000921485
0.000916955
0.000912075
0.000956596
0.000956528
0.000956368
0.000956112
0.000955755
0.00095529
0.000954707
0.000953997
0.000953148
0.000952149
0.000950989
0.000949656
0.000948139
0.000946425
0.000944503
0.000942359
0.000939982
0.000937357
0.000934472
0.000931315
0.000927872
0.000924135
0.000920094
0.000915745
0.000911086
0.000955235
0.000955163
0.000954994
0.000954727
0.000954354
0.000953871
0.000953267
0.000952534
0.000951662
0.000950641
0.00094946
0.00094811
0.00094658
0.000944859
0.000942938
0.000940805
0.00093845
0.000935862
0.000933031
0.000929948
0.000926603
0.000922989
0.000919101
0.000914938
0.000910499
0.000954063
0.000953988
0.000953813
0.000953535
0.00095315
0.000952652
0.000952032
0.000951282
0.000950393
0.000949357
0.000948164
0.000946806
0.000945273
0.000943556
0.000941648
0.000939537
0.000937217
0.000934679
0.000931914
0.000928915
0.000925677
0.000922195
0.000918466
0.000914489
0.000910269
0.000953073
0.000952994
0.000952814
0.000952529
0.000952134
0.000951624
0.000950992
0.00095023
0.000949331
0.000948286
0.000947089
0.000945731
0.000944204
0.000942501
0.000940614
0.000938537
0.000936262
0.000933783
0.000931093
0.000928188
0.000925064
0.000921718
0.000918149
0.00091436
0.000910353
0.000952255
0.000952175
0.000951991
0.0009517
0.000951298
0.00095078
0.000950139
0.00094937
0.000948465
0.000947418
0.000946223
0.000944871
0.000943358
0.000941677
0.000939821
0.000937785
0.000935563
0.000933151
0.000930544
0.000927739
0.000924733
0.000921526
0.000918118
0.000914513
0.000910716
0.000951602
0.00095152
0.000951333
0.000951038
0.000950631
0.000950108
0.000949463
0.000948691
0.000947785
0.000946741
0.000945553
0.000944215
0.000942722
0.000941069
0.00093925
0.000937262
0.0009351
0.000932761
0.000930242
0.00092754
0.000924656
0.000921589
0.000918341
0.000914918
0.000911323
0.000951104
0.000951021
0.000950833
0.000950535
0.000950126
0.0009496
0.000948954
0.000948182
0.000947281
0.000946244
0.000945068
0.000943749
0.000942281
0.000940661
0.000938886
0.000936951
0.000934854
0.000932592
0.000930164
0.000927568
0.000924806
0.000921879
0.00091879
0.000915543
0.000912145
0.000950753
0.000950669
0.000950481
0.000950182
0.000949772
0.000949247
0.000948602
0.000947834
0.00094694
0.000945915
0.000944755
0.000943459
0.000942021
0.000940439
0.000938711
0.000936833
0.000934804
0.000932623
0.000930288
0.000927801
0.000925161
0.000922372
0.000919438
0.000916363
0.000913155
0.000950541
0.000950457
0.000950268
0.00094997
0.000949561
0.000949038
0.000948398
0.000947637
0.000946752
0.000945742
0.000944603
0.000943332
0.000941928
0.000940388
0.00093871
0.000936893
0.000934935
0.000932836
0.000930596
0.000928216
0.000925698
0.000923045
0.000920262
0.000917354
0.000914328
0.000950457
0.000950373
0.000950186
0.00094989
0.000949484
0.000948965
0.00094833
0.000947579
0.000946707
0.000945715
0.000944599
0.000943357
0.00094199
0.000940494
0.000938869
0.000937114
0.000935228
0.000933213
0.000931067
0.000928794
0.000926396
0.000923877
0.00092124
0.000918493
0.000915642
0.000950495
0.000950412
0.000950226
0.000949932
0.00094953
0.000949017
0.000948391
0.000947651
0.000946795
0.000945822
0.000944731
0.000943522
0.000942193
0.000940743
0.000939173
0.000937482
0.000935669
0.000933737
0.000931686
0.000929518
0.000927237
0.000924847
0.000922353
0.00091976
0.000917076
0.000950645
0.000950562
0.000950379
0.000950089
0.000949692
0.000949186
0.00094857
0.000947843
0.000947004
0.000946053
0.00094499
0.000943814
0.000942525
0.000941123
0.000939609
0.000937981
0.000936242
0.000934393
0.000932435
0.000930371
0.000928204
0.00092594
0.000923582
0.000921137
0.000918613
0.000950899
0.000950817
0.000950637
0.000950351
0.00094996
0.000949463
0.000948858
0.000948145
0.000947325
0.000946398
0.000945363
0.000944222
0.000942975
0.000941622
0.000940163
0.0009386
0.000936934
0.000935166
0.0009333
0.000931337
0.000929281
0.000927138
0.000924911
0.000922608
0.000920236
0.000951249
0.000951169
0.000950991
0.000950711
0.000950327
0.000949839
0.000949246
0.000948549
0.000947749
0.000946846
0.000945842
0.000944736
0.000943531
0.000942226
0.000940824
0.000939325
0.000937731
0.000936044
0.000934266
0.000932401
0.000930453
0.000928426
0.000926326
0.000924159
0.000921931
0.000951686
0.000951608
0.000951434
0.000951159
0.000950783
0.000950305
0.000949726
0.000949046
0.000948266
0.000947389
0.000946415
0.000945346
0.000944183
0.000942927
0.000941581
0.000940145
0.000938621
0.000937013
0.000935322
0.000933552
0.000931707
0.000929793
0.000927813
0.000925774
0.000923684
0.000952205
0.000952129
0.000951958
0.000951689
0.000951321
0.000950854
0.000950289
0.000949626
0.000948868
0.000948017
0.000947074
0.000946041
0.00094492
0.000943713
0.000942422
0.000941048
0.000939594
0.000938061
0.000936455
0.000934777
0.000933032
0.000931224
0.000929359
0.000927443
0.000925483
0.000952796
0.000952722
0.000952556
0.000952293
0.000951934
0.000951478
0.000950927
0.000950282
0.000949546
0.000948721
0.000947809
0.000946812
0.000945734
0.000944575
0.000943337
0.000942024
0.000940637
0.000939179
0.000937654
0.000936064
0.000934414
0.000932709
0.000930954
0.000929154
0.000927317
0.000953453
0.000953381
0.000953219
0.000952963
0.000952613
0.000952169
0.000951633
0.000951006
0.000950292
0.000949493
0.000948612
0.000947652
0.000946615
0.000945503
0.000944318
0.000943064
0.000941742
0.000940356
0.000938909
0.000937404
0.000935845
0.000934238
0.000932587
0.000930898
0.000929177
0.00095417
0.000954099
0.000953942
0.000953693
0.000953352
0.00095292
0.000952399
0.000951791
0.000951099
0.000950326
0.000949476
0.000948551
0.000947554
0.000946488
0.000945356
0.000944159
0.0009429
0.000941583
0.000940211
0.000938787
0.000937315
0.000935801
0.000934249
0.000932664
0.000931054
0.000954938
0.00095487
0.000954718
0.000954475
0.000954143
0.000953724
0.000953218
0.000952628
0.000951958
0.000951212
0.000950392
0.000949502
0.000948545
0.000947524
0.000946441
0.0009453
0.000944102
0.000942851
0.000941551
0.000940205
0.000938816
0.00093739
0.000935932
0.000934446
0.000932939
0.000955753
0.000955687
0.000955539
0.000955304
0.000954982
0.000954574
0.000954083
0.000953512
0.000952864
0.000952143
0.000951353
0.000950498
0.000949579
0.000948602
0.000947568
0.000946479
0.00094534
0.000944153
0.000942921
0.000941649
0.000940339
0.000938997
0.000937628
0.000936235
0.000934825
0.000956607
0.000956544
0.000956401
0.000956173
0.00095586
0.000955464
0.000954989
0.000954436
0.00095381
0.000953114
0.000952353
0.000951531
0.00095065
0.000949715
0.000948727
0.00094769
0.000946607
0.000945481
0.000944315
0.000943113
0.000941878
0.000940616
0.00093933
0.000938025
0.000936707
0.000957496
0.000957435
0.000957297
0.000957076
0.000956773
0.000956389
0.000955928
0.000955393
0.000954788
0.000954118
0.000953385
0.000952595
0.000951751
0.000950856
0.000949913
0.000948926
0.000947896
0.000946828
0.000945725
0.000944589
0.000943426
0.000942239
0.000941032
0.00093981
0.000938578
0.000958413
0.000958355
0.000958222
0.000958008
0.000957714
0.000957343
0.000956897
0.000956379
0.000955795
0.000955148
0.000954443
0.000953685
0.000952876
0.00095202
0.00095112
0.00095018
0.000949202
0.000948189
0.000947145
0.000946073
0.000944977
0.00094386
0.000942728
0.000941584
0.000940434
0.000959354
0.000959299
0.00095917
0.000958963
0.000958679
0.00095832
0.000957888
0.000957388
0.000956824
0.0009562
0.000955522
0.000954794
0.000954019
0.0009532
0.000952342
0.000951447
0.000950517
0.000949557
0.00094857
0.000947558
0.000946525
0.000945476
0.000944413
0.000943343
0.000942268
0.000960313
0.000960261
0.000960137
0.000959938
0.000959663
0.000959315
0.000958897
0.000958414
0.00095787
0.000957269
0.000956617
0.000955917
0.000955174
0.000954392
0.000953573
0.000952721
0.000951838
0.000950928
0.000949993
0.000949038
0.000948066
0.000947079
0.000946083
0.000945082
0.000944078
0.000961286
0.000961237
0.000961118
0.000960926
0.00096066
0.000960324
0.00095992
0.000959453
0.000958928
0.000958349
0.000957721
0.00095705
0.000956338
0.00095559
0.000954809
0.000953997
0.000953158
0.000952296
0.000951412
0.00095051
0.000949594
0.000948668
0.000947734
0.000946796
0.00094586
0.000962269
0.000962222
0.000962109
0.000961923
0.000961667
0.000961342
0.000960951
0.0009605
0.000959993
0.000959435
0.000958832
0.000958187
0.000957505
0.00095679
0.000956044
0.000955271
0.000954475
0.000953657
0.000952821
0.00095197
0.000951107
0.000950236
0.00094936
0.000948483
0.000947609
0.000963257
0.000963213
0.000963105
0.000962927
0.000962679
0.000962364
0.000961987
0.000961552
0.000961062
0.000960525
0.000959944
0.000959325
0.000958671
0.000957987
0.000957275
0.000956539
0.000955782
0.000955006
0.000954215
0.000953412
0.000952599
0.000951781
0.000950959
0.000950139
0.000949323
0.000964246
0.000964205
0.000964103
0.000963931
0.000963692
0.000963388
0.000963024
0.000962603
0.000962131
0.000961613
0.000961054
0.000960459
0.000959832
0.000959177
0.000958498
0.000957797
0.000957077
0.000956341
0.000955592
0.000954834
0.000954068
0.000953299
0.000952529
0.000951761
0.000951
0.000965232
0.000965196
0.000965098
0.000964933
0.000964703
0.00096441
0.000964058
0.000963651
0.000963196
0.000962696
0.000962158
0.000961586
0.000960985
0.000960358
0.000959709
0.00095904
0.000958356
0.000957657
0.000956949
0.000956232
0.00095551
0.000954787
0.000954065
0.000953347
0.000952636
0.000966213
0.00096618
0.000966088
0.00096593
0.000965709
0.000965426
0.000965085
0.000964693
0.000964253
0.000963771
0.000963252
0.000962702
0.000962125
0.000961525
0.000960904
0.000960267
0.000959615
0.000958952
0.000958281
0.000957603
0.000956923
0.000956243
0.000955565
0.000954893
0.00095423
0.000967185
0.000967156
0.000967069
0.000966919
0.000966705
0.000966432
0.000966104
0.000965724
0.000965299
0.000964834
0.000964334
0.000963805
0.000963251
0.000962675
0.000962081
0.000961473
0.000960852
0.000960222
0.000959585
0.000958945
0.000958303
0.000957663
0.000957027
0.000956398
0.000955779
0.000968144
0.00096812
0.000968039
0.000967896
0.000967691
0.000967427
0.00096711
0.000966743
0.000966332
0.000965883
0.000965401
0.000964891
0.000964358
0.000963806
0.000963237
0.000962656
0.000962064
0.000961465
0.000960861
0.000960255
0.000959649
0.000959046
0.000958449
0.00095786
0.000957282
0.000969089
0.000969069
0.000968995
0.000968859
0.000968662
0.000968408
0.000968101
0.000967747
0.000967349
0.000966915
0.00096645
0.000965958
0.000965445
0.000964914
0.000964369
0.000963813
0.000963248
0.000962678
0.000962104
0.00096153
0.000960957
0.000960389
0.000959828
0.000959276
0.000958737
0.000970017
0.000970002
0.000969935
0.000969806
0.000969617
0.000969373
0.000969076
0.000968733
0.000968348
0.000967928
0.000967478
0.000967003
0.000966509
0.000965998
0.000965475
0.000964942
0.000964402
0.000963858
0.000963313
0.000962768
0.000962226
0.000961691
0.000961163
0.000960646
0.000960142
0.000970925
0.000970916
0.000970855
0.000970734
0.000970554
0.000970318
0.000970032
0.000969699
0.000969326
0.000968919
0.000968484
0.000968025
0.000967547
0.000967055
0.000966552
0.00096604
0.000965524
0.000965004
0.000964485
0.000963967
0.000963455
0.000962949
0.000962452
0.000961967
0.000961496
0.000971812
0.000971809
0.000971756
0.000971642
0.00097147
0.000971244
0.000970967
0.000970644
0.000970283
0.000969887
0.000969465
0.00096902
0.000968558
0.000968083
0.000967598
0.000967106
0.000966611
0.000966114
0.000965618
0.000965126
0.00096464
0.000964162
0.000963694
0.000963238
0.000962797
0.000972676
0.00097268
0.000972635
0.000972529
0.000972366
0.000972148
0.000971879
0.000971567
0.000971215
0.000970831
0.00097042
0.000969988
0.00096954
0.00096908
0.000968612
0.000968138
0.000967662
0.000967185
0.000966712
0.000966242
0.00096578
0.000965327
0.000964886
0.000964458
0.000964045
0.000973515
0.000973527
0.000973491
0.000973394
0.000973239
0.000973029
0.000972769
0.000972465
0.000972122
0.000971748
0.000971347
0.000970927
0.000970492
0.000970045
0.000969591
0.000969134
0.000968675
0.000968217
0.000967763
0.000967315
0.000966875
0.000966445
0.000966027
0.000965624
0.000965237
0.000974328
0.000974349
0.000974324
0.000974236
0.000974089
0.000973887
0.000973635
0.000973338
0.000973003
0.000972637
0.000972246
0.000971835
0.00097141
0.000970976
0.000970535
0.000970091
0.000969647
0.000969206
0.00096877
0.000968341
0.000967921
0.000967512
0.000967117
0.000966737
0.000966373
0.000975115
0.000975147
0.000975132
0.000975054
0.000974915
0.000974721
0.000974476
0.000974186
0.000973858
0.000973498
0.000973114
0.000972711
0.000972295
0.00097187
0.000971441
0.000971009
0.000970579
0.000970152
0.000969732
0.000969319
0.000968918
0.000968528
0.000968153
0.000967794
0.000967452
0.000975875
0.00097592
0.000975917
0.000975849
0.000975719
0.000975532
0.000975292
0.000975008
0.000974684
0.00097433
0.000973951
0.000973554
0.000973145
0.000972728
0.000972307
0.000971886
0.000971467
0.000971053
0.000970646
0.000970249
0.000969864
0.000969491
0.000969134
0.000968794
0.000968473
0.000976609
0.000976668
0.00097668
0.000976622
0.0009765
0.000976319
0.000976085
0.000975804
0.000975483
0.000975131
0.000974756
0.000974363
0.000973958
0.000973547
0.000973133
0.000972719
0.00097231
0.000971907
0.000971512
0.000971128
0.000970757
0.0009704
0.00097006
0.000969737
0.000969433
0.000977318
0.000977394
0.000977422
0.000977376
0.000977262
0.000977086
0.000976854
0.000976574
0.000976254
0.000975902
0.000975527
0.000975135
0.000974733
0.000974325
0.000973916
0.000973508
0.000973106
0.000972712
0.000972327
0.000971955
0.000971596
0.000971253
0.000970927
0.00097062
0.000970333
0.000978003
0.0009781
0.000978146
0.000978112
0.000978005
0.000977832
0.000977601
0.000977319
0.000976996
0.000976642
0.000976265
0.000975871
0.000975468
0.000975061
0.000974654
0.000974251
0.000973855
0.000973467
0.000973091
0.000972728
0.00097238
0.000972049
0.000971736
0.000971443
0.000971171
0.000978668
0.000978789
0.000978857
0.000978835
0.000978734
0.000978561
0.000978327
0.00097804
0.000977711
0.00097735
0.000976967
0.000976568
0.000976162
0.000975754
0.000975347
0.000974946
0.000974553
0.00097417
0.0009738
0.000973446
0.000973107
0.000972786
0.000972485
0.000972205
0.000971946
0.000979317
0.000979469
0.000979561
0.000979552
0.000979453
0.000979277
0.000979034
0.000978737
0.000978397
0.000978025
0.000977632
0.000977226
0.000976813
0.000976401
0.000975992
0.00097559
0.000975199
0.000974819
0.000974455
0.000974106
0.000973775
0.000973464
0.000973173
0.000972903
0.000972656
0.000979958
0.000980148
0.000980269
0.00098027
0.00098017
0.000979984
0.000979726
0.000979411
0.000979054
0.000978666
0.000978259
0.00097784
0.000977419
0.000976999
0.000976586
0.000976182
0.00097579
0.000975413
0.000975052
0.000974708
0.000974384
0.00097408
0.000973798
0.000973538
0.000973302
0.000980605
0.000980841
0.000980993
0.000981001
0.000980891
0.000980685
0.000980404
0.000980064
0.000979681
0.000979271
0.000978844
0.00097841
0.000977976
0.000977547
0.000977127
0.000976719
0.000976326
0.000975949
0.00097559
0.00097525
0.000974931
0.000974634
0.000974359
0.000974108
0.000973881
0.000981277
0.000981569
0.000981755
0.000981761
0.000981627
0.000981388
0.000981069
0.000980692
0.000980276
0.000979837
0.000979385
0.000978931
0.000978481
0.00097804
0.000977612
0.000977199
0.000976803
0.000976425
0.000976068
0.000975731
0.000975416
0.000975124
0.000974855
0.000974612
0.000974393
0.000982008
0.000982366
0.000982581
0.000982568
0.000982389
0.000982096
0.000981722
0.000981295
0.000980835
0.000980358
0.000979876
0.000979398
0.00097893
0.000978475
0.000978038
0.000977618
0.000977219
0.00097684
0.000976483
0.000976148
0.000975837
0.000975549
0.000975287
0.000975049
0.000974838
0.000982862
0.000983285
0.000983514
0.000983447
0.000983188
0.000982811
0.000982359
0.000981865
0.000981349
0.000980827
0.000980311
0.000979806
0.000979318
0.000978849
0.000978401
0.000977975
0.000977572
0.000977191
0.000976835
0.000976502
0.000976193
0.00097591
0.000975652
0.00097542
0.000975215
0.000983952
0.000984413
0.000984608
0.000984426
0.000984032
0.000983529
0.000982971
0.000982391
0.000981808
0.000981236
0.000980681
0.000980148
0.000979639
0.000979156
0.000978698
0.000978266
0.000977859
0.000977478
0.000977121
0.00097679
0.000976484
0.000976204
0.00097595
0.000975723
0.000975523
0.000985485
0.000985881
0.000985934
0.000985531
0.000984919
0.000984237
0.000983539
0.000982855
0.000982196
0.000981569
0.000980976
0.000980416
0.000979888
0.000979393
0.000978927
0.00097849
0.000978081
0.000977698
0.000977343
0.000977013
0.00097671
0.000976433
0.000976183
0.000975959
0.000975764
0.000987815
0.000987885
0.000987566
0.000986766
0.000985825
0.000984898
0.000984031
0.000983229
0.000982492
0.000981812
0.000981183
0.000980601
0.000980059
0.000979554
0.000979083
0.000978644
0.000978234
0.000977852
0.000977498
0.00097717
0.00097687
0.000976596
0.000976349
0.000976129
0.000975937
0.000991853
0.000990829
0.000989556
0.000988065
0.000986661
0.000985438
0.000984384
0.000983468
0.000982661
0.000981941
0.000981288
0.000980692
0.000980143
0.000979635
0.000979164
0.000978725
0.000978317
0.000977937
0.000977586
0.000977261
0.000976964
0.000976693
0.000976448
0.000976231
0.000976042
0.00100081
0.000995616
0.000991839
0.000989222
0.000987246
0.000985713
0.0009845
0.000983507
0.000982664
0.000981929
0.000981273
0.000980678
0.000980133
0.00097963
0.000979164
0.00097873
0.000978327
0.000977952
0.000977605
0.000977285
0.00097699
0.000976722
0.000976481
0.000976266
0.000976079
0.00101888
0.00100209
0.000993928
0.000989984
0.000987473
0.000985707
0.000984405
0.000983387
0.000982546
0.000981821
0.000981179
0.000980597
0.000980064
0.000979572
0.000979114
0.000978688
0.000978291
0.000977922
0.000977579
0.000977263
0.000976972
0.000976707
0.000976468
0.000976255
0.000976069
-0.116941
-0.113289
-0.107146
-0.0990527
-0.0897349
-0.0797288
-0.0691997
-0.0588195
-0.0495695
-0.041554
-0.0347116
-0.0286058
-0.0231992
-0.0185235
-0.0146201
-0.0114216
-0.00888343
-0.00689578
-0.0053704
-0.00422883
-0.0033886
-0.00277775
-0.00234028
-0.00202303
-0.0018014
-0.104795
-0.099281
-0.0906395
-0.0801736
-0.0694443
-0.0590626
-0.0489635
-0.0395545
-0.0314804
-0.0248062
-0.0194082
-0.015263
-0.0122878
-0.0101179
-0.00827741
-0.00681186
-0.00552862
-0.00441318
-0.00352413
-0.00283334
-0.00230341
-0.00190257
-0.00161827
-0.00143041
-0.00130627
-0.0802438
-0.074865
-0.0666481
-0.0565643
-0.046266
-0.0369195
-0.0285146
-0.021411
-0.0158804
-0.0117578
-0.00877889
-0.00668357
-0.00528657
-0.00433695
-0.00362668
-0.00308432
-0.00268787
-0.00237737
-0.00205587
-0.00173787
-0.0014628
-0.00125398
-0.00111323
-0.00103865
-0.00101416
-0.056935
-0.0515358
-0.044406
-0.0365109
-0.0287545
-0.0216117
-0.0154725
-0.0109113
-0.00775647
-0.00566272
-0.00421459
-0.00322994
-0.00257899
-0.00214683
-0.00184845
-0.00161317
-0.00142114
-0.00125414
-0.00110067
-0.000963083
-0.000845746
-0.000754687
-0.000703675
-0.000701909
-0.000730593
-0.0388594
-0.0329543
-0.0260475
-0.0197836
-0.0144873
-0.0102864
-0.00728002
-0.0052047
-0.00388715
-0.00295849
-0.00229347
-0.00184013
-0.00152512
-0.00129544
-0.00111819
-0.000968418
-0.000834162
-0.000710823
-0.000597855
-0.000499506
-0.000423654
-0.000382437
-0.000378196
-0.000408992
-0.000454768
-0.0267248
-0.0215548
-0.0155268
-0.0105132
-0.00696311
-0.00461198
-0.00325443
-0.002552
-0.00206348
-0.00169848
-0.00142403
-0.00121323
-0.00104623
-0.000907698
-0.000785924
-0.000672674
-0.000564765
-0.000463652
-0.000372797
-0.000297098
-0.000241818
-0.000209296
-0.000207123
-0.000232021
-0.00026919
-0.0157418
-0.012057
-0.00762603
-0.00423652
-0.00211334
-0.00102137
-0.000639064
-0.000670383
-0.000719911
-0.000787902
-0.000814772
-0.000800534
-0.000756966
-0.000692694
-0.000615059
-0.000528779
-0.000439615
-0.000352546
-0.000272803
-0.000205778
-0.000155972
-0.000125748
-0.000117468
-0.000129517
-0.000152919
-0.00733642
-0.00497628
-0.00216253
-0.00011331
0.000960556
0.00124934
0.00103761
0.000619157
0.000210754
-0.000106847
-0.000306886
-0.000433394
-0.00049172
-0.000499059
-0.00047021
-0.000417896
-0.000352614
-0.000282668
-0.000214989
-0.000155436
-0.000108541
-7.70996e-05
-6.23783e-05
-6.36883e-05
-7.61388e-05
-0.00234447
-0.000870562
0.000701275
0.00171411
0.0020881
0.00202812
0.00169949
0.00124212
0.000778118
0.000391107
0.000102307
-9.65734e-05
-0.000217382
-0.000285244
-0.000307157
-0.000295049
-0.000260146
-0.00021248
-0.000160639
-0.000111355
-6.96821e-05
-3.88315e-05
-2.04814e-05
-1.49447e-05
-1.99856e-05
0.000271318
0.00114237
0.00196733
0.00235595
0.00234337
0.00210749
0.00176734
0.00138537
0.00100646
0.00066731
0.000388883
0.000173685
1.69038e-05
-7.97623e-05
-0.000137867
-0.000159259
-0.00015445
-0.000131143
-9.77519e-05
-6.13521e-05
-2.75757e-05
-2.38634e-07
1.84093e-05
2.72179e-05
2.66715e-05
0.00141497
0.00194677
0.00235148
0.00243232
0.00226421
0.00197482
0.00165327
0.00134225
0.00105027
0.000783669
0.000552768
0.000357423
0.00020028
8.46372e-05
7.9069e-06
-2.7585e-05
-4.6237e-05
-4.31258e-05
-2.73599e-05
-4.47981e-06
1.99703e-05
4.17691e-05
5.82766e-05
6.7808e-05
6.97329e-05
0.0018668
0.00218568
0.00235773
0.00230887
0.0020951
0.00180775
0.00151761
0.00125425
0.00101932
0.000808601
0.000622171
0.000460903
0.000322489
0.000211165
0.000129328
7.62044e-05
4.61739e-05
4.26986e-05
4.4136e-05
5.53756e-05
7.12338e-05
8.686e-05
0.000100004
0.000108802
0.00011198
0.00199411
0.00217719
0.00222996
0.00213411
0.00192363
0.00166343
0.00140591
0.00117491
0.000974205
0.000799592
0.000647164
0.000514487
0.000397898
0.000299239
0.000221645
0.000166102
0.000130649
0.000112807
0.000106163
0.000112149
0.000124001
0.000133859
0.000143121
0.000150481
0.000154489
0.00198217
0.00207381
0.002067
0.00195926
0.00177346
0.00155035
0.00132601
0.0011209
0.000942228
0.000789124
0.000658259
0.000546098
0.00044686
0.000361089
0.000291069
0.000238073
0.000201367
0.000179184
0.000168524
0.000166973
0.00017114
0.000177203
0.000184108
0.00019143
0.000195792
0.00189821
0.00193987
0.00190487
0.00180096
0.00164478
0.00145951
0.00126848
0.00108806
0.000926956
0.000787748
0.000669718
0.00057166
0.000483822
0.000407998
0.000345342
0.00029638
0.000260678
0.000237021
0.000223482
0.000217911
0.000217844
0.000220866
0.000225391
0.000230279
0.00023414
0.00179552
0.00180493
0.00175898
0.00166435
0.00153403
0.00138139
0.00122088
0.00106436
0.000920101
0.000792544
0.000682967
0.000590427
0.000514085
0.000446229
0.000390101
0.000345136
0.000311205
0.000287387
0.000272314
0.000264336
0.000261545
0.000262131
0.000264739
0.000268341
0.000271476
0.00169936
0.00168481
0.00163511
0.00154981
0.00143919
0.00131151
0.00117611
0.0010413
0.000913906
0.00079867
0.000697997
0.00061286
0.00054447
0.000480795
0.000428814
0.000387048
0.000354988
0.00033164
0.000315871
0.000306412
0.000301836
0.000300715
0.000301908
0.000304599
0.000307542
0.00162031
0.00159766
0.00153778
0.00145635
0.00135867
0.00124896
0.0011332
0.00101706
0.000905617
0.000802795
0.000711027
0.000631385
0.000563033
0.000509758
0.000462405
0.000423677
0.000393377
0.000370732
0.00035481
0.000344574
0.000338888
0.00033663
0.000336884
0.000338992
0.000341816
0.00154019
0.00151624
0.00145565
0.0013776
0.0012898
0.00119441
0.00109489
0.00099484
0.000897809
0.000806798
0.000724097
0.000651137
0.000588531
0.000539027
0.000493521
0.000456765
0.000427724
0.000405747
0.000389936
0.000379357
0.000373059
0.000370115
0.000369773
0.00037154
0.00037432
0.00143996
0.00143163
0.00137613
0.00130693
0.00123036
0.00114839
0.00106333
0.000977628
0.000893763
0.00081392
0.000739951
0.000673249
0.00061453
0.000563953
0.000524046
0.000489424
0.000461185
0.000439357
0.000423313
0.000412252
0.000405336
0.000401775
0.000400947
0.000402473
0.000405235
0.00128516
0.00131981
0.0012916
0.00124092
0.00117959
0.00111156
0.00103922
0.0009649
0.000890942
0.000819554
0.000752675
0.000691822
0.000637925
0.000591389
0.000553416
0.000521084
0.000494439
0.000473373
0.00045753
0.000446232
0.00043875
0.000434416
0.000432732
0.000433427
0.000435387
0.00119433
0.00121232
0.00120037
0.00116684
0.00112076
0.00106684
0.00100807
0.000946831
0.000885169
0.000824896
0.00076758
0.000714511
0.00066663
0.000624572
0.000588515
0.00055747
0.000531327
0.000510038
0.000493364
0.00048084
0.000471953
0.000466234
0.000463361
0.000463187
0.000464642
0.00113568
0.00114416
0.00113498
0.0011104
0.00107471
0.00103135
0.000982996
0.000931807
0.0008796
0.000827939
0.000778169
0.00073142
0.000688565
0.000650233
0.000616666
0.000587505
0.000562585
0.00054187
0.000525209
0.000512301
0.000502795
0.000496362
0.000492791
0.000492009
0.000493053
0.00109399
0.00109517
0.00108577
0.00106569
0.00103676
0.00100113
0.000960818
0.000917583
0.000872979
0.00082837
0.00078494
0.000743687
0.000705397
0.000670652
0.000639778
0.000612698
0.000589292
0.000569549
0.000553397
0.000540652
0.000531077
0.000524442
0.000520607
0.000519528
0.000520327
0.00106095
0.00105777
0.00104757
0.00102987
0.0010054
0.000975424
0.000941343
0.000904513
0.0008662
0.000827548
0.000789574
0.000753149
0.000718971
0.000687581
0.000659351
0.000634348
0.000612536
0.00059395
0.00057858
0.000566327
0.00055704
0.000550558
0.000546788
0.000545699
0.000546447
0.00103387
0.00102816
0.00101739
0.00100117
0.000979796
0.000954017
0.000924779
0.000893093
0.000859957
0.000826307
0.000792997
0.000760773
0.000730255
0.000701939
0.000676211
0.000653222
0.000633013
0.000615667
0.000601226
0.00058966
0.000580889
0.00057481
0.000571371
0.00057055
0.000571483
0.00101142
0.00100423
0.000993205
0.000978089
0.000959014
0.000936434
0.000910999
0.000883455
0.000854574
0.000825111
0.00079577
0.000767186
0.000739903
0.000714369
0.00069096
0.00066988
0.000651228
0.000635127
0.000621664
0.000610872
0.000602738
0.000597223
0.000594337
0.0005941
0.000595531
0.000992653
0.000984636
0.000973621
0.000959441
0.000942173
0.000922114
0.000899718
0.000875538
0.000850171
0.000824219
0.000798258
0.000772824
0.000748386
0.000725347
0.000704056
0.000684745
0.000667556
0.000652642
0.000640125
0.000630096
0.000622612
0.000617724
0.000615578
0.000616383
0.000619035
0.0009769
0.000968472
0.000957644
0.000944314
0.000928539
0.000910527
0.000890607
0.000869195
0.000846752
0.000823756
0.000800681
0.00077797
0.000756028
0.000735211
0.000715834
0.000698135
0.000682284
0.000668447
0.000656775
0.000647399
0.000640448
0.00063609
0.000634764
0.000637519
0.000643642
0.000963643
0.000955075
0.000944553
0.000932019
0.000917521
0.000901217
0.000883353
0.000864246
0.000844257
0.000823768
0.000803162
0.00078281
0.000763054
0.000744205
0.000726543
0.000710294
0.000695637
0.000682738
0.000671753
0.00066282
0.00065609
0.000651778
0.000650495
0.000654334
0.000665806
0.000952473
0.000943946
0.000933807
0.000922025
0.000908649
0.0008938
0.000877672
0.000860511
0.000842601
0.000824248
0.000805766
0.000787459
0.000769619
0.00075251
0.000736375
0.000721419
0.000707814
0.000695709
0.000685236
0.000676482
0.000669517
0.000664375
0.000661224
0.000660566
0.000660743
0.000943069
0.000934701
0.000924988
0.000913922
0.000901545
0.000887961
0.00087332
0.00085782
0.000841688
0.00082517
0.000808522
0.000791996
0.000775835
0.000760262
0.000745484
0.000731681
0.000719004
0.000707582
0.000697512
0.000688847
0.000681581
0.000675657
0.000670981
0.000667392
0.000663832
0.00093517
0.000927036
0.000917774
0.000907384
0.00089591
0.000883437
0.000870088
0.000856023
0.000841425
0.000826494
0.000811439
0.000796468
0.000781781
0.000767567
0.000753997
0.000741225
0.000729378
0.000718556
0.000708828
0.000700218
0.000692679
0.000686109
0.000680338
0.000675085
0.000669684
0.000928565
0.000920713
0.000911908
0.000902158
0.000891504
0.000880018
0.000867803
0.000854989
0.000841726
0.000828178
0.000814514
0.000800907
0.000787521
0.000774513
0.000762025
0.00075018
0.000739079
0.000728796
0.000719372
0.000710805
0.000703032
0.000695927
0.000689306
0.000682911
0.000676337
0.000923077
0.000915537
0.000907187
0.00089804
0.000888134
0.000877531
0.00086632
0.000854607
0.000842515
0.00083018
0.00081774
0.000805337
0.000793106
0.000781176
0.00076966
0.000758655
0.000748236
0.000738451
0.000729314
0.0007208
0.000712833
0.000705282
0.000697973
0.000690699
0.000683244
0.000918561
0.00091135
0.000903445
0.000894865
0.000885645
0.00087584
0.000865524
0.000854786
0.00084373
0.000832466
0.00082111
0.000809777
0.000798578
0.000787617
0.000776982
0.000766748
0.000756963
0.000747653
0.000738807
0.000730378
0.000722274
0.000714361
0.000706477
0.000698462
0.000690212
0.000914896
0.000908019
0.000900547
0.0008925
0.000883911
0.000874829
0.000865317
0.000855451
0.000845317
0.000835007
0.000824617
0.000814241
0.000803971
0.000793888
0.00078406
0.000774541
0.00076536
0.000756519
0.000747988
0.000739698
0.000731535
0.000723352
0.000714979
0.000706277
0.000697194
0.000911976
0.000905433
0.00089838
0.000890835
0.000882828
0.000874405
0.00086562
0.000856537
0.000847229
0.000837774
0.000828252
0.000818739
0.00080931
0.00080003
0.00079095
0.000782107
0.000773513
0.000765154
0.000756982
0.000748906
0.000740789
0.00073245
0.000723687
0.000714325
0.0007043
0.000909711
0.0009035
0.000896848
0.000889774
0.000882308
0.000874488
0.000866363
0.000857989
0.000849427
0.000840743
0.000832004
0.000823274
0.000814614
0.000806075
0.000797697
0.000789503
0.000781495
0.000773647
0.000765897
0.00075814
0.000750212
0.000741885
0.000732884
0.000722928
0.000711813
0.000908024
0.000902138
0.00089587
0.00088924
0.000882275
0.00087501
0.000867489
0.000859759
0.000851874
0.00084389
0.000835863
0.000827848
0.000819895
0.000812046
0.000804333
0.000796771
0.000789357
0.00078206
0.000774818
0.000767517
0.000759977
0.000751921
0.000742961
0.000732624
0.000720288
0.000906847
0.000901277
0.000895375
0.000889163
0.000882664
0.000875912
0.000868944
0.000861803
0.000854536
0.00084719
0.000839814
0.000832457
0.000825159
0.000817957
0.000810878
0.000803935
0.000797127
0.000790428
0.000783787
0.000777107
0.000770221
0.000762838
0.000754488
0.000744441
0.000731015
0.00090612
0.000900855
0.000895303
0.000889484
0.00088342
0.000877143
0.000870684
0.000864084
0.000857382
0.000850621
0.000843844
0.000837093
0.000830404
0.00082381
0.000817337
0.000811
0.000804804
0.000798742
0.000792788
0.000786896
0.000780967
0.000774821
0.000768176
0.000760506
0.000748326
0.00090579
0.000900819
0.0008956
0.000890151
0.000884494
0.000878657
0.00087267
0.000866567
0.000860385
0.000854162
0.000847937
0.000841746
0.000835623
0.0008296
0.000823703
0.000817951
0.00081236
0.000806944
0.000801715
0.000796697
0.000791932
0.000787512
0.000783876
0.000782888
0.000787585
0.00090581
0.000901122
0.000896219
0.000891119
0.000885842
0.000880414
0.000874863
0.00086922
0.000863518
0.000857791
0.000852075
0.000846403
0.000840807
0.000835317
0.000829961
0.000824763
0.000819747
0.000814943
0.000810387
0.000806141
0.00080231
0.000799077
0.000796945
0.00079719
0.000800285
0.000906137
0.000901721
0.000897118
0.000892347
0.000887426
0.00088238
0.000877233
0.000872015
0.000866757
0.000861488
0.000856242
0.000851049
0.000845941
0.000840947
0.000836095
0.000831412
0.000826929
0.000822681
0.000818718
0.000815112
0.000811971
0.000809464
0.00080792
0.000807864
0.000808933
0.000906734
0.000902577
0.00089826
0.000893799
0.000889211
0.000884521
0.00087975
0.000874927
0.000870078
0.000865233
0.000860421
0.000855672
0.000851015
0.000846478
0.000842091
0.000837881
0.000833882
0.000830131
0.00082668
0.000823598
0.000820979
0.000818951
0.00081771
0.000817483
0.000818006
0.000907567
0.000903658
0.000899612
0.000895442
0.000891167
0.000886809
0.000882388
0.00087793
0.000873461
0.000869007
0.000864596
0.000860256
0.000856015
0.000851899
0.000847937
0.000844158
0.000840593
0.00083728
0.000834266
0.000831611
0.000829391
0.000827694
0.000826635
0.000826319
0.000826584
0.000908605
0.000904933
0.000901143
0.000897248
0.000893267
0.000889218
0.000885123
0.000881004
0.000876886
0.000872794
0.000868753
0.00086479
0.00086093
0.0008572
0.000853625
0.000850234
0.000847056
0.000844126
0.000841484
0.000839178
0.000837266
0.000835808
0.000834865
0.000834486
0.000834564
0.000909822
0.000906376
0.000902827
0.000899191
0.000895485
0.000891726
0.000887934
0.00088413
0.000880337
0.000876579
0.000872879
0.000869262
0.000865752
0.000862373
0.000859149
0.000856107
0.000853272
0.000850675
0.000848349
0.000846333
0.000844666
0.000843388
0.000842532
0.00084212
0.00084208
0.000911193
0.00090796
0.000904641
0.000901249
0.0008978
0.000894311
0.000890801
0.00088729
0.000883798
0.000880348
0.000876962
0.000873662
0.000870472
0.000867412
0.000864506
0.000861777
0.000859246
0.00085694
0.000854885
0.00085311
0.000851643
0.000850511
0.00084973
0.000849308
0.000849203
0.000912696
0.000909665
0.000906562
0.000903399
0.000900192
0.000896955
0.000893708
0.000890468
0.000887255
0.000884089
0.000880992
0.000877983
0.000875084
0.000872315
0.000869695
0.000867245
0.000864984
0.000862932
0.00086111
0.000859541
0.000858243
0.000857233
0.000856519
0.000856106
0.000855966
0.00091431
0.000911472
0.000908573
0.000905625
0.000902643
0.000899643
0.000896639
0.000893651
0.000890695
0.000887792
0.00088496
0.000882217
0.000879584
0.000877078
0.000874717
0.000872517
0.000870495
0.000868666
0.000867048
0.000865655
0.000864502
0.000863597
0.000862946
0.000862552
0.000862396
0.000916018
0.000913361
0.000910655
0.000907909
0.000905139
0.000902358
0.000899582
0.000896827
0.000894109
0.000891447
0.000888858
0.00088636
0.000883969
0.000881702
0.000879573
0.000877597
0.000875787
0.000874156
0.000872715
0.000871477
0.000870449
0.000869638
0.000869045
0.000868673
0.000868513
0.000917803
0.000915319
0.000912793
0.000910237
0.000907665
0.000905089
0.000902524
0.000899985
0.000897487
0.000895048
0.000892682
0.000890407
0.000888236
0.000886185
0.000884266
0.000882492
0.000880871
0.000879414
0.000878131
0.000877027
0.00087611
0.000875382
0.000874844
0.000874497
0.000874339
0.000919652
0.000917329
0.000914974
0.000912596
0.000910209
0.000907823
0.000905454
0.000903116
0.000900821
0.000898587
0.000896426
0.000894354
0.000892385
0.00089053
0.0008888
0.000887206
0.000885755
0.000884454
0.000883309
0.000882325
0.000881505
0.000880852
0.000880364
0.000880043
0.00087989
0.00092155
0.00091938
0.000917185
0.000914974
0.000912759
0.000910552
0.000908365
0.000906211
0.000904105
0.000902058
0.000900086
0.000898201
0.000896414
0.000894737
0.000893179
0.000891747
0.000890447
0.000889284
0.000888263
0.000887386
0.000886654
0.000886068
0.000885626
0.000885329
0.000885183
0.000923486
0.000921461
0.000919416
0.000917361
0.000915307
0.000913266
0.000911248
0.000909266
0.000907332
0.000905459
0.000903659
0.000901944
0.000900324
0.000898808
0.000897405
0.000896119
0.000894956
0.000893917
0.000893006
0.000892224
0.00089157
0.000891045
0.000890645
0.000890372
0.000890234
0.00092545
0.00092356
0.000921656
0.000919748
0.000917844
0.000915957
0.000914095
0.000912272
0.000910498
0.000908785
0.000907143
0.000905584
0.000904115
0.000902747
0.000901483
0.000900329
0.000899288
0.000898362
0.00089755
0.000896852
0.000896269
0.000895798
0.000895437
0.000895187
0.000895056
0.000927432
0.000925669
0.000923898
0.000922126
0.000920363
0.000918618
0.000916902
0.000915226
0.000913599
0.000912033
0.000910536
0.000909119
0.000907789
0.000906554
0.000905417
0.000904383
0.000903452
0.000902626
0.000901903
0.000901282
0.000900762
0.00090034
0.000900014
0.000899785
0.000899662
0.000929423
0.00092778
0.000926132
0.000924488
0.000922856
0.000921244
0.000919664
0.000918123
0.000916632
0.000915201
0.000913837
0.00091255
0.000911347
0.000910233
0.000909211
0.000908285
0.000907454
0.000906718
0.000906074
0.000905522
0.000905059
0.000904682
0.000904388
0.000904178
0.000904063
0.000931416
0.000929886
0.000928354
0.000926829
0.000925318
0.00092383
0.000922375
0.00092096
0.000919594
0.000918287
0.000917045
0.000915878
0.00091479
0.000913786
0.000912869
0.00091204
0.000911299
0.000910644
0.000910073
0.000909583
0.000909172
0.000908835
0.00090857
0.000908377
0.00090827
0.000933405
0.000931979
0.000930556
0.000929142
0.000927744
0.000926372
0.000925032
0.000923733
0.000922483
0.00092129
0.000920161
0.000919102
0.000918119
0.000917216
0.000916394
0.000915654
0.000914994
0.000914413
0.000913907
0.000913473
0.000913107
0.000912807
0.000912568
0.000912391
0.000912292
0.000935382
0.000934055
0.000932733
0.000931422
0.000930131
0.000928865
0.000927632
0.000926441
0.000925297
0.000924209
0.000923183
0.000922224
0.000921337
0.000920526
0.00091979
0.00091913
0.000918544
0.00091803
0.000917582
0.000917198
0.000916875
0.000916607
0.000916392
0.000916229
0.00091614
0.000937342
0.000936108
0.00093488
0.000933667
0.000932473
0.000931306
0.000930173
0.000929081
0.000928036
0.000927044
0.000926112
0.000925245
0.000924446
0.000923718
0.000923061
0.000922474
0.000921955
0.0009215
0.000921105
0.000920767
0.000920481
0.000920243
0.00092005
0.0009199
0.000919818
0.000939282
0.000938133
0.000936994
0.00093587
0.000934768
0.000933693
0.000932652
0.000931651
0.000930697
0.000929794
0.000928949
0.000928166
0.000927447
0.000926795
0.000926209
0.000925688
0.00092523
0.000924829
0.000924483
0.000924186
0.000923934
0.000923723
0.000923548
0.000923411
0.000923333
0.000941195
0.000940127
0.00093907
0.00093803
0.000937013
0.000936023
0.000935067
0.000934151
0.00093328
0.00093246
0.000931694
0.000930988
0.000930342
0.000929759
0.000929239
0.000928778
0.000928374
0.000928023
0.00092772
0.00092746
0.000927239
0.000927052
0.000926895
0.00092677
0.000926693
0.000943078
0.000942086
0.000941106
0.000940144
0.000939205
0.000938295
0.000937418
0.00093658
0.000935786
0.000935041
0.000934348
0.000933712
0.000933134
0.000932614
0.000932152
0.000931746
0.000931392
0.000931086
0.000930822
0.000930595
0.000930402
0.000930236
0.000930096
0.00092998
0.000929906
0.000944928
0.000944006
0.000943098
0.000942209
0.000941343
0.000940506
0.000939702
0.000938936
0.000938213
0.000937537
0.000936912
0.00093634
0.000935823
0.000935361
0.000934953
0.000934597
0.000934288
0.000934022
0.000933793
0.000933597
0.000933428
0.000933282
0.000933156
0.000933049
0.000932978
0.000946742
0.000945885
0.000945044
0.000944222
0.000943424
0.000942655
0.000941918
0.00094122
0.000940562
0.00093995
0.000939386
0.000938873
0.000938412
0.000938003
0.000937645
0.000937333
0.000937065
0.000936836
0.000936639
0.000936469
0.000936323
0.000936195
0.000936081
0.000935982
0.000935914
0.000948516
0.00094772
0.000946941
0.000946182
0.000945447
0.000944741
0.000944067
0.00094343
0.000942833
0.000942279
0.000941772
0.000941313
0.000940904
0.000940543
0.000940229
0.000939958
0.000939728
0.000939531
0.000939363
0.000939218
0.000939092
0.000938979
0.000938877
0.000938785
0.000938719
0.000950248
0.00094951
0.000948788
0.000948087
0.000947411
0.000946763
0.000946147
0.000945567
0.000945025
0.000944526
0.000944071
0.000943661
0.000943299
0.000942982
0.000942708
0.000942475
0.000942278
0.000942111
0.000941969
0.000941846
0.000941738
0.00094164
0.000941547
0.000941461
0.000941397
0.000951937
0.000951251
0.000950583
0.000949937
0.000949315
0.000948721
0.000948158
0.00094763
0.00094714
0.00094669
0.000946283
0.000945919
0.000945599
0.000945323
0.000945086
0.000944887
0.000944721
0.000944581
0.000944462
0.000944359
0.000944267
0.000944181
0.000944097
0.000944015
0.000943953
0.000953579
0.000952943
0.000952325
0.000951728
0.000951157
0.000950612
0.000950099
0.00094962
0.000949177
0.000948773
0.00094841
0.000948088
0.000947808
0.000947568
0.000947366
0.000947197
0.000947058
0.000946943
0.000946845
0.00094676
0.000946682
0.000946606
0.00094653
0.000946452
0.000946391
0.000955173
0.000954583
0.000954011
0.000953462
0.000952936
0.000952438
0.000951971
0.000951537
0.000951138
0.000950776
0.000950453
0.00095017
0.000949926
0.000949719
0.000949548
0.000949408
0.000949294
0.0009492
0.000949121
0.000949052
0.000948986
0.00094892
0.00094885
0.000948776
0.000948715
0.000956718
0.00095617
0.000955642
0.000955135
0.000954653
0.000954198
0.000953773
0.00095338
0.000953022
0.000952699
0.000952414
0.000952166
0.000951955
0.000951779
0.000951636
0.000951522
0.00095143
0.000951357
0.000951295
0.000951239
0.000951185
0.000951127
0.000951062
0.00095099
0.000950929
0.000958212
0.000957704
0.000957215
0.000956748
0.000956306
0.000955891
0.000955506
0.000955151
0.00095483
0.000954544
0.000954293
0.000954077
0.000953897
0.00095375
0.000953632
0.000953541
0.00095347
0.000953415
0.000953368
0.000953325
0.00095328
0.000953229
0.000953168
0.000953097
0.000953036
0.000959653
0.000959181
0.00095873
0.0009583
0.000957896
0.000957518
0.000957168
0.00095685
0.000956563
0.00095631
0.000956091
0.000955906
0.000955754
0.000955632
0.000955539
0.000955469
0.000955417
0.000955377
0.000955344
0.000955312
0.000955275
0.00095523
0.000955172
0.000955102
0.000955039
0.00096104
0.000960603
0.000960186
0.000959791
0.000959421
0.000959077
0.000958761
0.000958476
0.000958221
0.000957999
0.00095781
0.000957652
0.000957526
0.000957429
0.000957357
0.000957307
0.000957272
0.000957247
0.000957226
0.000957204
0.000957174
0.000957134
0.000957078
0.000957007
0.000956942
0.000962373
0.000961967
0.000961581
0.000961219
0.000960881
0.000960569
0.000960285
0.00096003
0.000959806
0.000959612
0.00095945
0.000959319
0.000959217
0.000959142
0.00095909
0.000959058
0.000959039
0.000959027
0.000959017
0.000959003
0.00095898
0.000958943
0.000958888
0.000958816
0.000958747
0.000963649
0.000963272
0.000962916
0.000962584
0.000962275
0.000961993
0.000961738
0.000961512
0.000961316
0.000961149
0.000961013
0.000960906
0.000960826
0.000960772
0.00096074
0.000960724
0.00096072
0.00096072
0.00096072
0.000960714
0.000960695
0.000960661
0.000960606
0.000960531
0.000960458
0.000964868
0.000964518
0.00096419
0.000963885
0.000963604
0.00096335
0.000963122
0.000962923
0.000962752
0.000962611
0.000962499
0.000962414
0.000962356
0.000962322
0.000962307
0.000962307
0.000962317
0.000962329
0.000962338
0.000962338
0.000962324
0.000962291
0.000962235
0.000962156
0.000962077
0.000966029
0.000965704
0.000965401
0.000965122
0.000964867
0.000964638
0.000964436
0.000964262
0.000964116
0.000963998
0.000963909
0.000963846
0.000963808
0.000963792
0.000963795
0.00096381
0.000963833
0.000963856
0.000963873
0.000963879
0.000963868
0.000963836
0.000963778
0.000963694
0.000963608
0.00096713
0.000966829
0.000966549
0.000966294
0.000966063
0.000965858
0.00096568
0.000965529
0.000965406
0.000965311
0.000965243
0.000965201
0.000965183
0.000965185
0.000965204
0.000965234
0.00096527
0.000965304
0.000965329
0.000965341
0.000965333
0.0009653
0.000965239
0.000965148
0.000965054
0.000968171
0.000967891
0.000967633
0.0009674
0.000967191
0.000967009
0.000966853
0.000966725
0.000966624
0.00096655
0.000966503
0.000966481
0.000966482
0.000966502
0.000966538
0.000966583
0.000966631
0.000966675
0.000966709
0.000966727
0.000966721
0.000966687
0.000966622
0.000966522
0.000966418
0.000969151
0.00096889
0.000968653
0.00096844
0.000968252
0.000968091
0.000967956
0.000967849
0.000967769
0.000967716
0.000967689
0.000967687
0.000967706
0.000967744
0.000967796
0.000967856
0.000967918
0.000967974
0.000968017
0.00096804
0.000968036
0.000968001
0.00096793
0.00096782
0.000967703
0.000970068
0.000969825
0.000969606
0.000969412
0.000969244
0.000969102
0.000968988
0.000968901
0.000968841
0.000968808
0.000968801
0.000968818
0.000968856
0.000968912
0.000968981
0.000969057
0.000969134
0.000969202
0.000969255
0.000969284
0.000969283
0.000969247
0.000969169
0.000969046
0.000968913
0.000970921
0.000970695
0.000970493
0.000970317
0.000970167
0.000970044
0.000969948
0.00096988
0.000969839
0.000969826
0.000969838
0.000969874
0.000969932
0.000970007
0.000970094
0.000970188
0.00097028
0.000970363
0.000970427
0.000970465
0.000970468
0.00097043
0.000970344
0.000970205
0.000970054
0.00097171
0.000971499
0.000971313
0.000971153
0.00097102
0.000970914
0.000970836
0.000970786
0.000970764
0.000970769
0.000970801
0.000970857
0.000970934
0.000971029
0.000971136
0.000971249
0.00097136
0.000971459
0.000971538
0.000971586
0.000971595
0.000971557
0.000971463
0.000971305
0.00097113
0.000972434
0.000972236
0.000972064
0.000971919
0.000971801
0.000971712
0.000971651
0.000971618
0.000971614
0.000971638
0.000971689
0.000971765
0.000971863
0.000971979
0.000972107
0.000972242
0.000972374
0.000972494
0.000972592
0.000972655
0.000972673
0.000972637
0.000972533
0.000972354
0.000972149
0.000973091
0.000972905
0.000972746
0.000972615
0.000972512
0.000972437
0.000972391
0.000972375
0.000972389
0.000972431
0.000972501
0.000972597
0.000972716
0.000972855
0.000973007
0.000973167
0.000973325
0.000973471
0.000973592
0.000973676
0.00097371
0.000973679
0.000973568
0.000973362
0.000973121
0.00097368
0.000973506
0.000973358
0.000973239
0.000973149
0.000973088
0.000973057
0.000973057
0.000973086
0.000973146
0.000973235
0.000973351
0.000973493
0.000973656
0.000973835
0.000974024
0.000974212
0.00097439
0.000974544
0.000974657
0.000974715
0.000974698
0.000974583
0.000974347
0.000974061
0.000974201
0.000974037
0.0009739
0.000973792
0.000973713
0.000973665
0.000973647
0.000973661
0.000973706
0.000973782
0.00097389
0.000974027
0.000974191
0.00097438
0.000974589
0.00097481
0.000975036
0.000975253
0.000975449
0.000975605
0.0009757
0.000975709
0.0009756
0.000975332
0.000974991
0.000974654
0.000974497
0.00097437
0.000974271
0.000974203
0.000974166
0.00097416
0.000974187
0.000974246
0.000974338
0.000974463
0.00097462
0.000974808
0.000975024
0.000975264
0.000975523
0.000975792
0.000976059
0.000976311
0.000976526
0.000976678
0.000976736
0.000976648
0.000976352
0.000975947
0.000975037
0.000974888
0.000974768
0.000974678
0.000974619
0.000974591
0.000974595
0.000974633
0.000974705
0.000974811
0.000974952
0.000975129
0.000975339
0.000975583
0.000975856
0.000976156
0.000976475
0.000976803
0.000977126
0.000977422
0.000977662
0.000977802
0.000977769
0.000977462
0.000976991
0.000975351
0.000975208
0.000975095
0.000975011
0.000974959
0.000974939
0.000974952
0.000974999
0.000975081
0.0009752
0.000975355
0.000975548
0.00097578
0.00097605
0.000976358
0.0009767
0.000977075
0.000977474
0.000977887
0.000978292
0.000978661
0.000978938
0.000979022
0.00097875
0.000978242
0.000975596
0.000975458
0.000975349
0.000975271
0.000975225
0.000975211
0.00097523
0.000975284
0.000975375
0.000975502
0.000975669
0.000975877
0.000976126
0.00097642
0.000976759
0.000977145
0.000977578
0.000978056
0.000978576
0.000979124
0.000979675
0.000980171
0.000980478
0.000980348
0.000979905
0.000975773
0.000975638
0.000975533
0.000975459
0.000975416
0.000975406
0.00097543
0.000975488
0.000975584
0.000975718
0.000975892
0.000976109
0.000976373
0.000976685
0.00097705
0.000977474
0.000977963
0.000978523
0.000979162
0.000979882
0.000980679
0.000981507
0.000982211
0.000982453
0.000982336
0.000975881
0.000975749
0.000975646
0.000975574
0.000975533
0.000975524
0.00097555
0.00097561
0.000975708
0.000975844
0.000976021
0.000976242
0.000976512
0.000976834
0.000977216
0.000977666
0.000978198
0.000978829
0.000979584
0.000980493
0.000981588
0.00098288
0.000984274
0.000985472
0.000986447
0.00097592
0.000975789
0.000975687
0.000975615
0.000975574
0.000975565
0.00097559
0.000975649
0.000975744
0.000975877
0.000976052
0.00097627
0.000976537
0.000976857
0.000977239
0.000977695
0.000978243
0.000978912
0.000979746
0.000980815
0.00098222
0.000984084
0.000986606
0.000990307
0.000995453
0.00097591
0.000975779
0.000975677
0.000975604
0.000975562
0.000975551
0.000975573
0.000975629
0.00097572
0.000975848
0.000976016
0.000976226
0.000976483
0.000976792
0.000977162
0.000977606
0.000978144
0.000978813
0.000979672
0.00098083
0.000982468
0.000984869
0.000988718
0.000996806
0.00101355
0.000648253
0.000645443
0.00064478
0.000642445
0.000639093
0.000635128
0.000630679
0.000625851
0.000620738
0.000615416
0.000609943
0.000604361
0.000598703
0.000592993
0.00058725
0.000581489
0.00057572
0.000569952
0.000564192
0.000558444
0.000552711
0.000546996
0.0005413
0.000535623
0.000529967
0.000524331
0.000518713
0.000513115
0.000507533
0.000501969
0.000496419
0.000490884
0.000485362
0.000479852
0.000474353
0.000468863
0.000463381
0.000457907
0.000452439
0.000446977
0.000441519
0.000436065
0.000430614
0.000425165
0.000419718
0.000414271
0.000408825
0.000403379
0.000397931
0.000392483
0.000387033
0.000381581
0.000376126
0.000370669
0.000365209
0.000359745
0.000354279
0.000348808
0.000343334
0.000337855
0.000332373
0.000326886
0.000321395
0.000315899
0.000310399
0.000304894
0.000299385
0.000293872
0.000288354
0.000282831
0.000277304
0.000271772
0.000266236
0.000260695
0.000255151
0.000249601
0.000244048
0.000238491
0.000232929
0.000227364
0.000221795
0.000216222
0.000210646
0.000205065
0.000199482
0.000193895
0.000188305
0.000182711
0.000177115
0.000171516
0.000165914
0.000160309
0.000154702
0.000149092
0.00014348
0.000137865
0.000132249
0.00012663
0.00012101
0.000115387
0.000109763
0.000104137
9.85095e-05
9.28805e-05
8.72502e-05
8.16187e-05
7.59859e-05
7.03521e-05
6.47172e-05
5.90814e-05
5.34448e-05
4.78074e-05
4.21694e-05
3.65308e-05
3.08917e-05
2.52521e-05
1.96122e-05
1.39746e-05
8.34022e-06
2.76859e-06
0.000656155
0.000650878
0.000647798
0.000644466
0.000640548
0.00063618
0.000631448
0.000626421
0.000621166
0.00061574
0.000610189
0.000604548
0.000598844
0.000593099
0.000587329
0.000581547
0.000575763
0.000569983
0.000564213
0.000558458
0.00055272
0.000547001
0.000541302
0.000535624
0.000529966
0.000524329
0.000518711
0.000513112
0.000507531
0.000501966
0.000496417
0.000490882
0.00048536
0.00047985
0.000474351
0.000468861
0.000463379
0.000457905
0.000452438
0.000446976
0.000441518
0.000436064
0.000430613
0.000425165
0.000419717
0.000414271
0.000408825
0.000403379
0.000397932
0.000392483
0.000387033
0.000381581
0.000376127
0.00037067
0.00036521
0.000359746
0.00035428
0.000348809
0.000343335
0.000337856
0.000332374
0.000326887
0.000321396
0.0003159
0.0003104
0.000304896
0.000299387
0.000293873
0.000288355
0.000282832
0.000277305
0.000271773
0.000266237
0.000260696
0.000255152
0.000249603
0.000244049
0.000238492
0.00023293
0.000227365
0.000221796
0.000216223
0.000210646
0.000205066
0.000199483
0.000193896
0.000188306
0.000182712
0.000177116
0.000171517
0.000165915
0.00016031
0.000154702
0.000149093
0.00014348
0.000137866
0.000132249
0.000126631
0.00012101
0.000115387
0.000109763
0.000104137
9.85098e-05
9.28809e-05
8.72505e-05
8.16189e-05
7.59862e-05
7.03523e-05
6.47174e-05
5.90816e-05
5.3445e-05
4.78076e-05
4.21695e-05
3.65309e-05
3.08917e-05
2.52521e-05
1.96122e-05
1.39746e-05
8.33967e-06
2.76801e-06
0.000662676
0.000656724
0.000652025
0.000647501
0.000642783
0.000637844
0.000632697
0.000627367
0.000621889
0.000616296
0.000610617
0.000604878
0.000599099
0.000593295
0.00058748
0.000581662
0.00057585
0.000570049
0.000564263
0.000558495
0.000552747
0.000547021
0.000541316
0.000535634
0.000529973
0.000524333
0.000518713
0.000513113
0.000507531
0.000501966
0.000496416
0.000490881
0.000485359
0.000479849
0.000474349
0.00046886
0.000463378
0.000457904
0.000452437
0.000446975
0.000441518
0.000436064
0.000430613
0.000425164
0.000419717
0.000414271
0.000408825
0.000403379
0.000397932
0.000392484
0.000387034
0.000381582
0.000376128
0.00037067
0.00036521
0.000359747
0.00035428
0.00034881
0.000343335
0.000337857
0.000332375
0.000326888
0.000321397
0.000315901
0.000310401
0.000304897
0.000299387
0.000293874
0.000288356
0.000282833
0.000277306
0.000271774
0.000266238
0.000260697
0.000255153
0.000249603
0.00024405
0.000238493
0.000232931
0.000227366
0.000221797
0.000216224
0.000210647
0.000205067
0.000199483
0.000193896
0.000188306
0.000182713
0.000177116
0.000171517
0.000165915
0.00016031
0.000154703
0.000149093
0.000143481
0.000137866
0.00013225
0.000126631
0.00012101
0.000115388
0.000109764
0.000104138
9.85101e-05
9.28811e-05
8.72508e-05
8.16192e-05
7.59864e-05
7.03525e-05
6.47176e-05
5.90817e-05
5.34451e-05
4.78077e-05
4.21696e-05
3.65309e-05
3.08918e-05
2.52521e-05
1.96121e-05
1.39743e-05
8.34009e-06
2.76861e-06
0.000669096
0.000662447
0.000656564
0.000650993
0.000645472
0.000639916
0.000634295
0.000628604
0.00062285
0.000617044
0.000611202
0.000605335
0.000599456
0.000593574
0.000587697
0.000581831
0.000575981
0.00057015
0.000564341
0.000558555
0.000552793
0.000547055
0.000541342
0.000535653
0.000529988
0.000524344
0.000518722
0.000513119
0.000507535
0.000501969
0.000496418
0.000490882
0.00048536
0.000479849
0.00047435
0.00046886
0.000463378
0.000457904
0.000452437
0.000446975
0.000441517
0.000436064
0.000430613
0.000425164
0.000419717
0.000414271
0.000408825
0.000403379
0.000397932
0.000392484
0.000387034
0.000381582
0.000376128
0.000370671
0.000365211
0.000359747
0.000354281
0.00034881
0.000343336
0.000337857
0.000332375
0.000326888
0.000321397
0.000315901
0.000310401
0.000304897
0.000299388
0.000293874
0.000288356
0.000282833
0.000277306
0.000271774
0.000266238
0.000260698
0.000255153
0.000249604
0.00024405
0.000238493
0.000232932
0.000227366
0.000221797
0.000216224
0.000210647
0.000205067
0.000199484
0.000193897
0.000188306
0.000182713
0.000177117
0.000171517
0.000165915
0.000160311
0.000154703
0.000149093
0.000143481
0.000137867
0.00013225
0.000126631
0.00012101
0.000115388
0.000109764
0.000104138
9.85102e-05
9.28812e-05
8.72508e-05
8.16192e-05
7.59864e-05
7.03525e-05
6.47176e-05
5.90818e-05
5.34451e-05
4.78077e-05
4.21696e-05
3.65309e-05
3.08918e-05
2.52521e-05
1.96122e-05
1.39743e-05
8.34036e-06
2.76883e-06
0.000675506
0.000668099
0.000661229
0.000654732
0.000648442
0.000642258
0.000636134
0.000630048
0.000623986
0.000617939
0.000611907
0.000605891
0.000599895
0.000593919
0.000587969
0.000582045
0.000576148
0.000570281
0.000564443
0.000558635
0.000552855
0.000547104
0.00054138
0.000535683
0.000530011
0.000524362
0.000518736
0.00051313
0.000507544
0.000501976
0.000496424
0.000490887
0.000485363
0.000479852
0.000474352
0.000468861
0.00046338
0.000457905
0.000452438
0.000446975
0.000441518
0.000436064
0.000430613
0.000425164
0.000419717
0.000414271
0.000408825
0.000403379
0.000397932
0.000392484
0.000387034
0.000381582
0.000376127
0.00037067
0.00036521
0.000359747
0.00035428
0.00034881
0.000343335
0.000337857
0.000332375
0.000326888
0.000321397
0.000315901
0.000310401
0.000304897
0.000299388
0.000293874
0.000288356
0.000282833
0.000277306
0.000271774
0.000266238
0.000260697
0.000255153
0.000249603
0.00024405
0.000238493
0.000232931
0.000227366
0.000221797
0.000216224
0.000210647
0.000205067
0.000199483
0.000193896
0.000188306
0.000182713
0.000177116
0.000171517
0.000165915
0.00016031
0.000154703
0.000149093
0.000143481
0.000137866
0.00013225
0.000126631
0.00012101
0.000115388
0.000109763
0.000104138
9.851e-05
9.2881e-05
8.72507e-05
8.16191e-05
7.59863e-05
7.03524e-05
6.47175e-05
5.90817e-05
5.3445e-05
4.78076e-05
4.21695e-05
3.65309e-05
3.08917e-05
2.52521e-05
1.96122e-05
1.39744e-05
8.34052e-06
2.76889e-06
0.000681777
0.000673569
0.000665813
0.000658492
0.000651494
0.000644704
0.000638079
0.000631595
0.000625217
0.000618919
0.000612687
0.000606512
0.000600387
0.00059431
0.000588278
0.000582289
0.000576342
0.000570434
0.000564564
0.00055873
0.00055293
0.000547163
0.000541427
0.00053572
0.00053004
0.000524386
0.000518755
0.000513145
0.000507556
0.000501986
0.000496432
0.000490893
0.000485369
0.000479857
0.000474356
0.000468864
0.000463382
0.000457907
0.000452439
0.000446977
0.000441519
0.000436065
0.000430614
0.000425165
0.000419717
0.000414271
0.000408825
0.000403379
0.000397931
0.000392483
0.000387033
0.000381581
0.000376127
0.00037067
0.000365209
0.000359746
0.000354279
0.000348809
0.000343334
0.000337856
0.000332373
0.000326887
0.000321396
0.0003159
0.0003104
0.000304895
0.000299386
0.000293873
0.000288355
0.000282832
0.000277305
0.000271773
0.000266237
0.000260696
0.000255151
0.000249602
0.000244049
0.000238492
0.00023293
0.000227365
0.000221796
0.000216223
0.000210646
0.000205066
0.000199482
0.000193896
0.000188305
0.000182712
0.000177116
0.000171516
0.000165914
0.00016031
0.000154702
0.000149092
0.00014348
0.000137866
0.000132249
0.00012663
0.00012101
0.000115387
0.000109763
0.000104137
9.85096e-05
9.28807e-05
8.72504e-05
8.16188e-05
7.5986e-05
7.03521e-05
6.47172e-05
5.90814e-05
5.34448e-05
4.78074e-05
4.21693e-05
3.65307e-05
3.08916e-05
2.5252e-05
1.96121e-05
1.39745e-05
8.34062e-06
2.76883e-06
0.000687861
0.000678758
0.000670156
0.000662085
0.000654428
0.000647077
0.00064
0.000633145
0.000626465
0.000619921
0.00061349
0.000607154
0.000600901
0.00059472
0.000588605
0.000582549
0.000576548
0.000570598
0.000564694
0.000558833
0.000553013
0.000547229
0.00054148
0.000535763
0.000530075
0.000524414
0.000518777
0.000513164
0.000507572
0.000501998
0.000496442
0.000490902
0.000485376
0.000479863
0.000474361
0.000468869
0.000463386
0.00045791
0.000452442
0.000446979
0.00044152
0.000436066
0.000430614
0.000425165
0.000419718
0.000414271
0.000408825
0.000403378
0.000397931
0.000392482
0.000387032
0.00038158
0.000376125
0.000370668
0.000365208
0.000359745
0.000354278
0.000348807
0.000343333
0.000337854
0.000332372
0.000326885
0.000321394
0.000315898
0.000310398
0.000304894
0.000299384
0.000293871
0.000288353
0.00028283
0.000277303
0.000271771
0.000266235
0.000260695
0.00025515
0.000249601
0.000244047
0.00023849
0.000232929
0.000227363
0.000221794
0.000216221
0.000210645
0.000205065
0.000199481
0.000193894
0.000188304
0.000182711
0.000177115
0.000171515
0.000165913
0.000160309
0.000154701
0.000149092
0.000143479
0.000137865
0.000132248
0.00012663
0.000121009
0.000115387
0.000109762
0.000104136
9.8509e-05
9.28801e-05
8.72498e-05
8.16183e-05
7.59855e-05
7.03517e-05
6.47168e-05
5.9081e-05
5.34444e-05
4.78071e-05
4.21691e-05
3.65305e-05
3.08914e-05
2.52518e-05
1.9612e-05
1.39744e-05
8.34057e-06
2.76881e-06
0.000693779
0.000683611
0.000674151
0.000665349
0.000657087
0.000649259
0.000641789
0.000634607
0.000627653
0.000620884
0.000614267
0.00060778
0.000601403
0.000595122
0.000588927
0.000582807
0.000576754
0.000570762
0.000564826
0.000558939
0.000553098
0.000547298
0.000541536
0.000535808
0.000530112
0.000524444
0.000518803
0.000513185
0.000507589
0.000502013
0.000496455
0.000490913
0.000485385
0.00047987
0.000474367
0.000468874
0.00046339
0.000457914
0.000452445
0.000446981
0.000441522
0.000436067
0.000430615
0.000425166
0.000419718
0.000414271
0.000408824
0.000403377
0.00039793
0.000392481
0.000387031
0.000381578
0.000376124
0.000370666
0.000365206
0.000359742
0.000354275
0.000348805
0.00034333
0.000337852
0.000332369
0.000326882
0.000321391
0.000315896
0.000310396
0.000304891
0.000299382
0.000293868
0.00028835
0.000282827
0.0002773
0.000271769
0.000266233
0.000260692
0.000255147
0.000249598
0.000244045
0.000238488
0.000232927
0.000227361
0.000221792
0.000216219
0.000210643
0.000205063
0.000199479
0.000193892
0.000188302
0.000182709
0.000177113
0.000171514
0.000165912
0.000160307
0.0001547
0.00014909
0.000143478
0.000137864
0.000132247
0.000126629
0.000121008
0.000115386
0.000109761
0.000104136
9.85082e-05
9.28793e-05
8.72491e-05
8.16176e-05
7.59849e-05
7.03511e-05
6.47163e-05
5.90805e-05
5.3444e-05
4.78067e-05
4.21687e-05
3.65302e-05
3.08911e-05
2.52516e-05
1.96118e-05
1.39741e-05
8.34037e-06
2.76884e-06
0.000699595
0.000688055
0.000677682
0.000668199
0.000659403
0.000651162
0.000643358
0.000635897
0.00062871
0.000621746
0.000614968
0.000608347
0.000601861
0.000595491
0.000589223
0.000583045
0.000576946
0.000570917
0.00056495
0.00055904
0.00055318
0.000547365
0.000541591
0.000535853
0.000530149
0.000524476
0.000518829
0.000513208
0.000507608
0.00050203
0.000496469
0.000490925
0.000485395
0.000479879
0.000474375
0.000468881
0.000463396
0.000457919
0.000452448
0.000446984
0.000441525
0.000436069
0.000430617
0.000425166
0.000419718
0.000414271
0.000408824
0.000403376
0.000397929
0.00039248
0.000387029
0.000381577
0.000376122
0.000370664
0.000365204
0.00035974
0.000354273
0.000348802
0.000343327
0.000337849
0.000332366
0.000326879
0.000321388
0.000315893
0.000310392
0.000304888
0.000299379
0.000293865
0.000288347
0.000282824
0.000277297
0.000271766
0.00026623
0.000260689
0.000255145
0.000249596
0.000244042
0.000238485
0.000232924
0.000227359
0.00022179
0.000216217
0.00021064
0.00020506
0.000199477
0.00019389
0.0001883
0.000182707
0.000177111
0.000171512
0.00016591
0.000160305
0.000154698
0.000149089
0.000143477
0.000137862
0.000132246
0.000126627
0.000121007
0.000115384
0.00010976
0.000104135
9.85072e-05
9.28784e-05
8.72482e-05
8.16168e-05
7.59841e-05
7.03504e-05
6.47156e-05
5.908e-05
5.34435e-05
4.78062e-05
4.21683e-05
3.65298e-05
3.08908e-05
2.52513e-05
1.96115e-05
1.39739e-05
8.34011e-06
2.76876e-06
0.000705295
0.000691865
0.000680564
0.000670496
0.00066127
0.000652704
0.000644641
0.000636962
0.00062959
0.000622468
0.000615558
0.000608827
0.00060225
0.000595806
0.000589477
0.00058325
0.000577112
0.000571051
0.00056506
0.000559129
0.000553253
0.000547426
0.000541642
0.000535896
0.000530186
0.000524506
0.000518856
0.00051323
0.000507628
0.000502046
0.000496484
0.000490938
0.000485407
0.000479889
0.000474383
0.000468888
0.000463402
0.000457924
0.000452453
0.000446988
0.000441527
0.000436071
0.000430618
0.000425167
0.000419719
0.000414271
0.000408823
0.000403376
0.000397928
0.000392478
0.000387027
0.000381575
0.00037612
0.000370662
0.000365201
0.000359737
0.00035427
0.000348799
0.000343324
0.000337846
0.000332363
0.000326876
0.000321385
0.000315889
0.000310389
0.000304884
0.000299375
0.000293862
0.000288344
0.000282821
0.000277294
0.000271762
0.000266226
0.000260686
0.000255141
0.000249592
0.000244039
0.000238482
0.000232921
0.000227356
0.000221787
0.000216214
0.000210638
0.000205058
0.000199475
0.000193888
0.000188298
0.000182705
0.000177109
0.00017151
0.000165908
0.000160304
0.000154696
0.000149087
0.000143475
0.000137861
0.000132244
0.000126626
0.000121005
0.000115383
0.000109759
0.000104133
9.85061e-05
9.28774e-05
8.72472e-05
8.16159e-05
7.59833e-05
7.03496e-05
6.47149e-05
5.90793e-05
5.34429e-05
4.78057e-05
4.21678e-05
3.65294e-05
3.08904e-05
2.5251e-05
1.96113e-05
1.39737e-05
8.33974e-06
2.7685e-06
0.000710122
0.000694229
0.000682394
0.000672024
0.000662563
0.000653816
0.000645595
0.00063777
0.000630265
0.000623026
0.000616015
0.000609199
0.000602551
0.000596049
0.000589675
0.00058341
0.000577242
0.000571158
0.000565147
0.000559202
0.000553314
0.000547477
0.000541685
0.000535933
0.000530217
0.000524534
0.00051888
0.000513251
0.000507646
0.000502063
0.000496498
0.00049095
0.000485418
0.000479899
0.000474392
0.000468895
0.000463408
0.000457929
0.000452457
0.000446991
0.00044153
0.000436074
0.00043062
0.000425169
0.000419719
0.000414271
0.000408823
0.000403375
0.000397927
0.000392477
0.000387026
0.000381573
0.000376117
0.00037066
0.000365199
0.000359735
0.000354267
0.000348796
0.000343321
0.000337843
0.00033236
0.000326873
0.000321381
0.000315886
0.000310386
0.000304881
0.000299372
0.000293858
0.00028834
0.000282818
0.000277291
0.000271759
0.000266223
0.000260683
0.000255138
0.000249589
0.000244036
0.000238479
0.000232918
0.000227353
0.000221784
0.000216211
0.000210635
0.000205055
0.000199472
0.000193885
0.000188296
0.000182703
0.000177107
0.000171508
0.000165906
0.000160302
0.000154695
0.000149085
0.000143473
0.000137859
0.000132243
0.000126624
0.000121004
0.000115382
0.000109758
0.000104132
9.8505e-05
9.28763e-05
8.72463e-05
8.16149e-05
7.59824e-05
7.03488e-05
6.47142e-05
5.90787e-05
5.34423e-05
4.78051e-05
4.21674e-05
3.6529e-05
3.08901e-05
2.52508e-05
1.96112e-05
1.39739e-05
8.33925e-06
2.76788e-06
0.000711945
0.000694457
0.000683191
0.000672788
0.000663248
0.000654456
0.000646174
0.000638275
0.000630692
0.000623381
0.000616306
0.000609435
0.000602742
0.000596203
0.000589799
0.000583511
0.000577324
0.000571225
0.000565203
0.000559248
0.000553353
0.00054751
0.000541713
0.000535958
0.000530239
0.000524553
0.000518897
0.000513267
0.00050766
0.000502075
0.000496509
0.00049096
0.000485426
0.000479906
0.000474398
0.000468901
0.000463413
0.000457934
0.000452461
0.000446995
0.000441533
0.000436076
0.000430621
0.00042517
0.00041972
0.000414271
0.000408823
0.000403375
0.000397926
0.000392476
0.000387025
0.000381571
0.000376116
0.000370658
0.000365197
0.000359733
0.000354265
0.000348794
0.000343319
0.00033784
0.000332357
0.00032687
0.000321379
0.000315883
0.000310383
0.000304878
0.000299369
0.000293856
0.000288338
0.000282815
0.000277288
0.000271756
0.00026622
0.00026068
0.000255136
0.000249587
0.000244034
0.000238477
0.000232916
0.000227351
0.000221782
0.000216209
0.000210633
0.000205053
0.00019947
0.000193883
0.000188294
0.000182701
0.000177105
0.000171506
0.000165904
0.0001603
0.000154693
0.000149084
0.000143472
0.000137858
0.000132241
0.000126623
0.000121003
0.000115381
0.000109757
0.000104131
9.85041e-05
9.28755e-05
8.72455e-05
8.16142e-05
7.59818e-05
7.03482e-05
6.47136e-05
5.90781e-05
5.34418e-05
4.78047e-05
4.2167e-05
3.65287e-05
3.08899e-05
2.52506e-05
1.96111e-05
1.39738e-05
8.33976e-06
2.76844e-06
)
;

boundaryField
{
    frontWall
    {
        type            empty;
    }
    backWall
    {
        type            empty;
    }
    sideWall
    {
        type            zeroGradient;
    }
    outlet
    {
        type            fixedValue;
        value           uniform 0;
    }
    inlet
    {
        type            zeroGradient;
    }
}


// ************************************************************************* //
