/*--------------------------------*- C++ -*----------------------------------*\
  =========                 |
  \\      /  F ield         | OpenFOAM: The Open Source CFD Toolbox
   \\    /   O peration     | Website:  https://openfoam.org
    \\  /    A nd           | Version:  13
     \\/     M anipulation  |
\*---------------------------------------------------------------------------*/
FoamFile
{
    format      ascii;
    class       volScalarField;
    location    "20";
    object      p;
}
// * * * * * * * * * * * * * * * * * * * * * * * * * * * * * * * * * * * * * //

dimensions      [0 2 -2 0 0 0 0];

internalField   nonuniform List<scalar> 
6440
(
4.9489e-05
4.92116e-05
4.8653e-05
4.78139e-05
4.66943e-05
4.53167e-05
4.37134e-05
4.19593e-05
4.01183e-05
3.82635e-05
3.64757e-05
3.48383e-05
3.34326e-05
3.2331e-05
3.15908e-05
3.12472e-05
3.12858e-05
3.17364e-05
3.25533e-05
3.37011e-05
3.50835e-05
3.65877e-05
3.8083e-05
3.94446e-05
4.04903e-05
5.08655e-05
5.06245e-05
5.0133e-05
4.93861e-05
4.83901e-05
4.71665e-05
4.57408e-05
4.41435e-05
4.24435e-05
4.07006e-05
3.89826e-05
3.73633e-05
3.59184e-05
3.47175e-05
3.3818e-05
3.33159e-05
3.32471e-05
3.36289e-05
3.44495e-05
3.56671e-05
3.72079e-05
3.89836e-05
4.08793e-05
4.27099e-05
4.42755e-05
5.29887e-05
5.27486e-05
5.22792e-05
5.15678e-05
5.06198e-05
4.94523e-05
4.80833e-05
4.65218e-05
4.48197e-05
4.30397e-05
4.12464e-05
3.95152e-05
3.79313e-05
3.65857e-05
3.55708e-05
3.49719e-05
3.48527e-05
3.52505e-05
3.61703e-05
3.75814e-05
3.94161e-05
4.15947e-05
4.40201e-05
4.64561e-05
4.85731e-05
5.55883e-05
5.53303e-05
5.48456e-05
5.41178e-05
5.31512e-05
5.19591e-05
5.05572e-05
4.89652e-05
4.71857e-05
4.52997e-05
4.33651e-05
4.1461e-05
3.96833e-05
3.81384e-05
3.69381e-05
3.61877e-05
3.59739e-05
3.63555e-05
3.73556e-05
3.89528e-05
4.10908e-05
4.37265e-05
4.67646e-05
4.98443e-05
5.24862e-05
5.85798e-05
5.82969e-05
5.77769e-05
5.70018e-05
5.59796e-05
5.47267e-05
5.32609e-05
5.16046e-05
4.9778e-05
4.77682e-05
4.56843e-05
4.35922e-05
4.15873e-05
3.97871e-05
3.83271e-05
3.73368e-05
3.69294e-05
3.7195e-05
3.81846e-05
3.98986e-05
4.22964e-05
4.5346e-05
4.89591e-05
5.26619e-05
5.58328e-05
6.1934e-05
6.16196e-05
6.10531e-05
6.02194e-05
5.91295e-05
5.78024e-05
5.62594e-05
5.45232e-05
5.26193e-05
5.05656e-05
4.8338e-05
4.60731e-05
4.38552e-05
4.17956e-05
4.00303e-05
3.87097e-05
3.79934e-05
3.80215e-05
3.88833e-05
4.06135e-05
4.31875e-05
4.65744e-05
5.0673e-05
5.49777e-05
5.86638e-05
6.56586e-05
6.53095e-05
6.46908e-05
6.37865e-05
6.26134e-05
6.11957e-05
5.95601e-05
5.7734e-05
5.57436e-05
5.36138e-05
5.13517e-05
4.89393e-05
4.65277e-05
4.4219e-05
4.21442e-05
4.04657e-05
3.93658e-05
3.9034e-05
3.96327e-05
4.12485e-05
4.38849e-05
4.75127e-05
5.2024e-05
5.68988e-05
6.10799e-05
6.97688e-05
6.93822e-05
6.87023e-05
6.77127e-05
6.64372e-05
6.4908e-05
6.31593e-05
6.12257e-05
5.91386e-05
5.69221e-05
5.45936e-05
5.21378e-05
4.95876e-05
4.70719e-05
4.47146e-05
4.26769e-05
4.11593e-05
4.03864e-05
4.05831e-05
4.19321e-05
4.44977e-05
4.82491e-05
5.309e-05
5.84743e-05
6.3127e-05
7.42779e-05
7.38516e-05
7.31029e-05
7.20165e-05
7.06231e-05
6.89603e-05
6.707e-05
6.49964e-05
6.2781e-05
6.04582e-05
5.80535e-05
5.55776e-05
5.29653e-05
5.03213e-05
4.77451e-05
4.53871e-05
4.345e-05
4.21872e-05
4.1878e-05
4.27927e-05
4.51236e-05
4.88666e-05
5.3943e-05
5.97784e-05
6.48725e-05
7.91968e-05
7.87312e-05
7.791e-05
7.67186e-05
7.51923e-05
7.33749e-05
7.13161e-05
6.90695e-05
6.66895e-05
6.42244e-05
6.17079e-05
5.91546e-05
5.65632e-05
5.38792e-05
5.11854e-05
4.85937e-05
4.62854e-05
4.4519e-05
4.3626e-05
4.39687e-05
4.58613e-05
4.94727e-05
5.46857e-05
6.08927e-05
6.64889e-05
8.45301e-05
8.40292e-05
8.31368e-05
8.18381e-05
8.01715e-05
7.81849e-05
7.59349e-05
7.34844e-05
7.08986e-05
6.82409e-05
6.55636e-05
6.2901e-05
6.02504e-05
5.75935e-05
5.49102e-05
5.22264e-05
4.96631e-05
4.74523e-05
4.59445e-05
4.55938e-05
4.68704e-05
5.0131e-05
5.54018e-05
6.1867e-05
6.79561e-05
9.02726e-05
8.97435e-05
8.87878e-05
8.73894e-05
8.55865e-05
8.34281e-05
8.09743e-05
7.82952e-05
7.54664e-05
7.25642e-05
6.96604e-05
6.68104e-05
6.40467e-05
6.13549e-05
5.87553e-05
5.61313e-05
5.34943e-05
5.09799e-05
4.89033e-05
4.7785e-05
4.82713e-05
5.09603e-05
5.60626e-05
6.27732e-05
6.93385e-05
9.64055e-05
9.58592e-05
9.48563e-05
9.33782e-05
9.14594e-05
8.91458e-05
8.64972e-05
8.35838e-05
8.04846e-05
7.72865e-05
7.40768e-05
7.09429e-05
6.79559e-05
6.51566e-05
6.25363e-05
6.00755e-05
5.75707e-05
5.49754e-05
5.24749e-05
5.062e-05
5.01935e-05
5.2073e-05
5.67564e-05
6.36849e-05
7.06804e-05
0.000102893
0.000102345
0.00010132
9.97969e-05
9.78039e-05
9.53798e-05
9.25778e-05
8.94587e-05
8.60937e-05
8.25651e-05
7.89751e-05
7.54567e-05
7.21281e-05
6.91393e-05
6.64015e-05
6.38538e-05
6.14898e-05
5.90822e-05
5.64444e-05
5.41143e-05
5.27967e-05
5.3621e-05
5.75887e-05
6.44862e-05
7.18959e-05
0.000109681
0.000109149
0.000108135
0.000106616
0.000104611
0.000102148
9.9268e-05
9.60153e-05
9.24479e-05
8.8623e-05
8.46431e-05
8.07416e-05
7.70764e-05
7.36521e-05
7.05177e-05
6.76818e-05
6.51588e-05
6.28058e-05
6.03227e-05
5.78761e-05
5.59763e-05
5.57686e-05
5.86425e-05
6.5128e-05
7.29317e-05
0.000116695
0.000116198
0.000115234
0.000113775
0.000111833
0.000109423
0.00010657
0.000103297
9.96769e-05
9.57091e-05
9.15281e-05
8.7317e-05
8.31823e-05
7.91405e-05
7.53712e-05
7.19164e-05
6.88684e-05
6.60593e-05
6.3466e-05
6.1189e-05
5.91499e-05
5.81925e-05
5.99051e-05
6.55561e-05
7.3627e-05
0.00012384
0.000123401
0.000122524
0.000121188
0.000119391
0.000117123
0.00011445
0.000111342
0.000107833
0.000103968
9.99145e-05
9.56422e-05
9.11576e-05
8.65165e-05
8.18617e-05
7.73522e-05
7.3185e-05
6.94957e-05
6.63158e-05
6.35705e-05
6.14196e-05
6.0185e-05
6.08937e-05
6.53907e-05
7.32755e-05
0.000131009
0.000130643
0.00012988
0.000128707
0.000127158
0.00012519
0.000122823
0.000120071
0.000116971
0.000113596
0.000109797
0.000105602
0.000101043
9.61224e-05
9.09115e-05
8.54764e-05
7.9958e-05
7.46371e-05
6.9889e-05
6.59636e-05
6.27864e-05
6.08094e-05
6.03899e-05
6.25264e-05
6.93649e-05
0.000138078
0.000137779
0.000137185
0.000136263
0.000135004
0.000133401
0.000131467
0.000129276
0.000126847
0.000123971
0.00012065
0.000116887
0.000112643
0.000107902
0.000102597
9.67481e-05
9.04856e-05
8.38451e-05
7.69188e-05
7.00053e-05
6.37995e-05
5.89112e-05
5.55311e-05
5.35882e-05
5.74506e-05
0.000144946
0.000144737
0.000144314
0.00014363
0.000142683
0.000141477
0.000140125
0.000138451
0.000136394
0.00013402
0.000131292
0.000128175
0.00012462
0.000120577
0.000115973
0.000110664
0.000104422
9.74198e-05
8.95843e-05
8.03112e-05
6.9642e-05
5.84917e-05
4.72799e-05
3.44111e-05
2.27266e-05
0.000151545
0.000151408
0.00015109
0.000150564
0.000149836
0.000148921
0.000147718
0.00014629
0.000144597
0.000142622
0.000140334
0.000137693
0.000134647
0.000131132
0.000127065
0.000122356
0.000116897
0.000110196
0.00010194
9.21573e-05
8.02199e-05
6.51658e-05
4.4073e-05
8.5518e-06
-6.31493e-05
0.000158044
0.000157929
0.000157643
0.00015716
0.000156477
0.000155592
0.000154479
0.000153141
0.000151561
0.000149716
0.000147576
0.000145099
0.000142231
0.000138903
0.000135024
0.000130476
0.000125091
0.000118574
0.000110601
0.000100536
8.78412e-05
7.10377e-05
4.70566e-05
1.01615e-05
-4.7133e-05
0.000164433
0.00016433
0.000164062
0.000163601
0.000162945
0.000162089
0.000161024
0.000159742
0.000158229
0.000156465
0.000154418
0.000152048
0.000149301
0.000146106
0.000142368
0.000137962
0.000132711
0.000126364
0.00011859
0.000108896
9.6608e-05
8.05574e-05
5.90144e-05
2.99543e-05
-6.65178e-06
0.000170709
0.000170617
0.000170367
0.000169933
0.00016931
0.000168497
0.000167488
0.000166274
0.000164845
0.00016318
0.000161252
0.000159023
0.000156443
0.000153443
0.000149935
0.000145803
0.000140891
0.000134991
0.000127832
0.000119053
0.000108181
9.45935e-05
7.77597e-05
5.74779e-05
3.57288e-05
0.000176867
0.000176786
0.000176559
0.000176159
0.000175582
0.000174827
0.000173892
0.00017277
0.000171451
0.000169919
0.000168152
0.000166116
0.000163766
0.000161045
0.000157877
0.000154167
0.000149794
0.000144607
0.000138424
0.000131034
0.000122213
0.000111774
9.97568e-05
8.69429e-05
7.50098e-05
0.000182899
0.000182831
0.000182632
0.000182273
0.000181752
0.00018107
0.000180225
0.000179215
0.000178032
0.000176666
0.000175096
0.000173298
0.000171236
0.000168865
0.000166127
0.000162954
0.000159266
0.000154973
0.000149983
0.000144218
0.000137648
0.000130362
0.000122708
0.000115511
0.000110152
0.000188799
0.000188747
0.000188579
0.000188267
0.000187811
0.000187213
0.000186474
0.000185594
0.00018457
0.000183393
0.000182052
0.000180529
0.000178799
0.000176831
0.000174588
0.00017203
0.000169115
0.000165808
0.000162092
0.000157989
0.000153592
0.000149125
0.000145024
0.000142024
0.000141176
0.000194561
0.000194526
0.000194392
0.000194132
0.000193748
0.000193244
0.000192623
0.000191887
0.000191037
0.000190071
0.000188982
0.00018776
0.000186393
0.000184862
0.000183152
0.000181246
0.000179137
0.000176835
0.000174375
0.000171843
0.000169399
0.000167313
0.000166013
0.000166113
0.000168396
0.000200176
0.000200159
0.000200061
0.000199858
0.000199552
0.000199149
0.000198654
0.000198073
0.000197409
0.000196666
0.000195843
0.000194939
0.00019395
0.000192872
0.000191706
0.000190458
0.000189147
0.000187812
0.000186525
0.000185406
0.00018464
0.0001845
0.000185368
0.000187737
0.000192194
0.000205637
0.000205638
0.000205579
0.000205434
0.00020521
0.000204913
0.00020455
0.000204129
0.000203659
0.000203145
0.000202595
0.000202013
0.000201405
0.00020078
0.00020015
0.000199538
0.000198982
0.000198543
0.000198309
0.000198416
0.000199051
0.000200465
0.000202983
0.000206999
0.000212953
0.000210934
0.000210955
0.000210934
0.00021085
0.00021071
0.00021052
0.000210292
0.000210034
0.000209759
0.000209476
0.000209197
0.000208934
0.0002087
0.000208511
0.000208392
0.000208377
0.000208515
0.000208878
0.000209563
0.000210706
0.000212482
0.000215114
0.000218872
0.000224065
0.000231027
0.00021606
0.0002161
0.000216118
0.000216095
0.000216038
0.000215957
0.000215862
0.000215767
0.000215684
0.000215627
0.000215613
0.000215657
0.000215779
0.000216002
0.000216357
0.000216886
0.000217645
0.000218709
0.000220177
0.000222176
0.000224865
0.000228433
0.000233104
0.00023912
0.000246734
0.000221006
0.000221065
0.000221122
0.000221159
0.000221184
0.000221209
0.000221245
0.000221307
0.00022141
0.000221572
0.000221809
0.000222143
0.000222597
0.000223199
0.000223985
0.000225
0.000226302
0.000227966
0.000230086
0.000232778
0.000236181
0.000240456
0.000245782
0.000252351
0.000260355
0.000225764
0.000225842
0.000225936
0.000226031
0.000226137
0.000226264
0.000226426
0.000226639
0.000226919
0.000227285
0.000227758
0.000228361
0.000229119
0.000230063
0.000231232
0.00023267
0.000234438
0.000236604
0.000239257
0.000242499
0.000246448
0.000251241
0.000257021
0.000263937
0.000272136
0.000230329
0.000230423
0.000230553
0.000230704
0.000230886
0.000231111
0.000231392
0.000231746
0.000232191
0.000232748
0.000233437
0.000234284
0.000235315
0.000236562
0.000238064
0.000239866
0.000242024
0.000244603
0.000247681
0.000251348
0.000255705
0.000260862
0.000266936
0.000274043
0.000282294
0.000234694
0.000234804
0.000234968
0.000235171
0.000235424
0.000235739
0.000236132
0.000236617
0.000237214
0.000237944
0.000238829
0.000239893
0.000241165
0.000242675
0.000244463
0.00024657
0.000249049
0.000251958
0.000255367
0.000259353
0.000264
0.0002694
0.000275643
0.000282822
0.000291017
0.000238853
0.000238979
0.000239173
0.000239425
0.000239744
0.000240143
0.000240637
0.000241242
0.000241977
0.000242862
0.00024392
0.000245175
0.000246655
0.000248391
0.000250417
0.000252775
0.000255512
0.000258679
0.000262337
0.000266552
0.000271393
0.000276935
0.000283251
0.000290409
0.000298472
0.000242805
0.000242944
0.000243166
0.000243462
0.000243841
0.000244317
0.000244902
0.000245615
0.000246472
0.000247494
0.000248703
0.000250123
0.00025178
0.000253704
0.000255926
0.000258484
0.000261421
0.000264782
0.00026862
0.000272988
0.000277945
0.000283551
0.000289862
0.000296931
0.000304805
0.000246545
0.000246696
0.000246944
0.000247279
0.000247713
0.000248256
0.000248923
0.00024973
0.000250695
0.000251836
0.000253175
0.000254734
0.000256538
0.000258614
0.000260992
0.000263707
0.000266793
0.000270293
0.000274249
0.000278708
0.000283717
0.000289323
0.000295571
0.0003025
0.000310143
0.000250074
0.000250235
0.000250505
0.000250875
0.000251356
0.000251959
0.000252698
0.000253588
0.000254644
0.000255887
0.000257334
0.000259008
0.000260931
0.000263128
0.000265627
0.000268456
0.000271649
0.000275239
0.000279265
0.000283762
0.000288771
0.000294327
0.000300466
0.000307216
0.0003146
0.00025339
0.00025356
0.000253849
0.00025425
0.000254772
0.000255427
0.000256227
0.000257187
0.000258321
0.000259647
0.000261184
0.00026295
0.000264966
0.000267255
0.000269842
0.000272751
0.000276012
0.000279653
0.000283705
0.000288198
0.000293165
0.000298632
0.000304627
0.00031117
0.000318277
0.000256495
0.000256673
0.000256977
0.000257404
0.000257962
0.00025866
0.000259512
0.00026053
0.000261729
0.000263123
0.00026473
0.000266567
0.000268654
0.000271009
0.000273655
0.000276613
0.000279909
0.000283566
0.000287609
0.000292064
0.000296955
0.000302304
0.000308129
0.000314446
0.000321263
0.000259391
0.000259575
0.000259893
0.000260341
0.000260928
0.000261663
0.000262557
0.000263622
0.000264872
0.000266319
0.00026798
0.00026987
0.000272005
0.000274403
0.000277083
0.000280064
0.000283367
0.000287011
0.000291017
0.000295406
0.000300195
0.000305402
0.000311039
0.000317117
0.000323638
0.000262082
0.00026227
0.000262598
0.000263064
0.000263674
0.000264438
0.000265366
0.000266468
0.000267757
0.000269244
0.000270943
0.000272868
0.000275033
0.000277455
0.000280147
0.000283128
0.000286414
0.000290022
0.000293968
0.000298267
0.000302935
0.000307982
0.000313419
0.000319249
0.000325473
0.000264571
0.000264762
0.000265098
0.000265577
0.000266206
0.000266992
0.000267946
0.000269076
0.000270392
0.000271907
0.00027363
0.000275575
0.000277754
0.000280181
0.000282868
0.000285829
0.000289079
0.000292631
0.000296497
0.000300691
0.000305221
0.000310097
0.000315323
0.000320903
0.000326832
0.000266863
0.000267056
0.000267398
0.000267886
0.000268529
0.000269332
0.000270303
0.000271452
0.000272787
0.000274317
0.000276053
0.000278005
0.000280183
0.0002826
0.000285265
0.000288191
0.000291389
0.000294869
0.000298641
0.000302715
0.000307097
0.000311793
0.000316805
0.000322132
0.00032777
0.000268965
0.000269158
0.000269503
0.000269998
0.000270649
0.000271463
0.000272446
0.000273606
0.00027495
0.000276487
0.000278224
0.000280171
0.000282337
0.00028473
0.000287361
0.000290238
0.00029337
0.000296765
0.000300432
0.000304376
0.000308602
0.000313113
0.000317908
0.000322985
0.000328339
0.000270881
0.000271074
0.000271421
0.000271919
0.000272575
0.000273394
0.000274383
0.000275547
0.000276892
0.000278426
0.000280156
0.000282088
0.00028423
0.00028659
0.000289175
0.000291992
0.000295048
0.00029835
0.000301902
0.000305709
0.000309774
0.000314097
0.000318676
0.000323507
0.000328583
0.00027262
0.000272811
0.000273157
0.000273656
0.000274313
0.000275134
0.000276122
0.000277284
0.000278624
0.000280148
0.000281862
0.00028377
0.00028588
0.000288197
0.000290727
0.000293476
0.000296448
0.000299648
0.00030308
0.000306746
0.000310646
0.000314781
0.000319146
0.000323736
0.000328543
0.000274187
0.000274376
0.00027472
0.000275217
0.000275872
0.00027669
0.000277674
0.000278828
0.000280157
0.000281664
0.000283355
0.000285233
0.000287303
0.00028957
0.000292038
0.000294711
0.000297593
0.000300686
0.000303993
0.000307515
0.000311251
0.000315198
0.000319352
0.000323707
0.000328255
0.00027559
0.000275777
0.000276117
0.00027661
0.000277261
0.000278072
0.000279047
0.000280189
0.000281501
0.000282987
0.000284649
0.00028649
0.000288514
0.000290725
0.000293125
0.000295717
0.000298504
0.000301488
0.000304668
0.000308044
0.000311615
0.000315377
0.000319326
0.000323454
0.000327752
0.000276837
0.000277021
0.000277356
0.000277843
0.000278487
0.000279289
0.000280251
0.000281378
0.000282669
0.000284128
0.000285756
0.000287556
0.000289529
0.000291679
0.000294007
0.000296515
0.000299204
0.000302075
0.000305126
0.000308358
0.000311766
0.000315347
0.000319096
0.000323004
0.000327062
0.000277936
0.000278115
0.000278445
0.000278925
0.000279559
0.000280349
0.000281297
0.000282403
0.00028367
0.000285098
0.000286689
0.000288443
0.000290363
0.000292448
0.000294701
0.000297122
0.000299711
0.000302468
0.000305391
0.000308479
0.000311727
0.000315132
0.000318686
0.000322383
0.000326212
0.000278895
0.00027907
0.000279393
0.000279864
0.000280487
0.000281263
0.000282192
0.000283277
0.000284516
0.00028591
0.00028746
0.000289166
0.000291028
0.000293047
0.000295223
0.000297555
0.000300043
0.000302686
0.000305483
0.000308429
0.000311521
0.000314754
0.000318121
0.000321614
0.000325225
0.00027972
0.000279891
0.000280206
0.000280668
0.000281278
0.000282038
0.000282948
0.000284008
0.000285217
0.000286576
0.000288082
0.000289738
0.00029154
0.00029349
0.000295587
0.00029783
0.000300218
0.000302748
0.000305419
0.000308227
0.000311167
0.000314234
0.00031742
0.000320719
0.000324121
0.000280421
0.000280587
0.000280895
0.000281346
0.000281942
0.000282685
0.000283573
0.000284606
0.000285784
0.000287104
0.000288566
0.000290169
0.000291911
0.000293792
0.00029581
0.000297963
0.000300251
0.00030267
0.000305218
0.000307891
0.000310683
0.00031359
0.000316603
0.000319717
0.00032292
0.000281005
0.000281166
0.000281465
0.000281905
0.000282487
0.000283211
0.000284076
0.000285082
0.000286226
0.000287507
0.000288923
0.000290473
0.000292153
0.000293964
0.000295903
0.000297968
0.000300157
0.000302467
0.000304895
0.000307437
0.000310087
0.000312839
0.000315687
0.000318623
0.000321637
0.00028148
0.000281635
0.000281926
0.000282354
0.00028292
0.000283625
0.000284467
0.000285444
0.000286554
0.000287795
0.000289164
0.000290659
0.000292278
0.000294019
0.00029588
0.000297858
0.00029995
0.000302154
0.000304465
0.00030688
0.000309392
0.000311997
0.000314686
0.000317453
0.000320289
0.000281853
0.000282003
0.000282285
0.000282701
0.000283251
0.000283936
0.000284753
0.0002857
0.000286776
0.000287976
0.000289298
0.000290739
0.000292297
0.000293969
0.000295752
0.000297645
0.000299642
0.000301742
0.000303941
0.000306233
0.000308614
0.000311076
0.000313615
0.000316221
0.000318887
0.000282132
0.000282276
0.000282549
0.000282953
0.000283487
0.000284151
0.000284943
0.000285861
0.000286901
0.000288061
0.000289336
0.000290723
0.00029222
0.000293824
0.000295532
0.00029734
0.000299246
0.000301246
0.000303335
0.000305509
0.000307763
0.000310091
0.000312486
0.00031494
0.000317445
0.000282323
0.000282463
0.000282727
0.000283117
0.000283635
0.000284279
0.000285046
0.000285934
0.000286939
0.000288058
0.000289286
0.00029062
0.000292058
0.000293595
0.000295228
0.000296955
0.000298772
0.000300675
0.000302659
0.00030472
0.000306853
0.000309052
0.00031131
0.000313619
0.000315973
0.000282434
0.000282569
0.000282824
0.000283202
0.000283703
0.000284326
0.000285069
0.000285927
0.000286897
0.000287975
0.000289157
0.00029044
0.000291818
0.00029329
0.000294852
0.0002965
0.00029823
0.000300039
0.000301923
0.000303876
0.000305893
0.000307969
0.000310097
0.00031227
0.000314481
0.000282472
0.000282602
0.000282848
0.000283214
0.000283699
0.000284301
0.000285019
0.000285847
0.000286783
0.000287821
0.000288958
0.000290189
0.000291511
0.000292919
0.000294411
0.000295983
0.00029763
0.000299349
0.000301136
0.000302986
0.000304893
0.000306852
0.000308857
0.000310901
0.000312976
0.000282443
0.000282568
0.000282806
0.000283159
0.000283628
0.00028421
0.000284903
0.000285703
0.000286604
0.000287604
0.000288696
0.000289878
0.000291144
0.000292491
0.000293915
0.000295413
0.00029698
0.000298613
0.000300308
0.000302059
0.000303861
0.00030571
0.000307598
0.000309519
0.000311467
0.000282354
0.000282474
0.000282703
0.000283045
0.000283498
0.00028406
0.000284729
0.0002855
0.000286368
0.00028733
0.000288379
0.000289512
0.000290724
0.000292012
0.000293371
0.000294798
0.000296289
0.000297839
0.000299446
0.000301103
0.000302806
0.000304549
0.000306327
0.000308133
0.000309961
0.00028221
0.000282325
0.000282547
0.000282876
0.000283314
0.000283857
0.000284502
0.000285246
0.000286082
0.000287006
0.000288014
0.0002891
0.00029026
0.00029149
0.000292787
0.000294146
0.000295563
0.000297035
0.000298557
0.000300125
0.000301733
0.000303377
0.000305051
0.000306749
0.000308464
0.000282017
0.000282128
0.000282342
0.000282661
0.000283083
0.000283608
0.00028423
0.000284946
0.000285751
0.000286639
0.000287606
0.000288647
0.000289757
0.000290932
0.000292169
0.000293463
0.00029481
0.000296207
0.000297649
0.000299132
0.000300651
0.000302201
0.000303776
0.000305371
0.00030698
0.000281781
0.000281889
0.000282095
0.000282403
0.000282811
0.000283317
0.000283917
0.000284607
0.000285382
0.000286236
0.000287163
0.000288161
0.000289222
0.000290345
0.000291524
0.000292755
0.000294036
0.000295361
0.000296727
0.00029813
0.000299564
0.000301025
0.000302508
0.000304007
0.000305516
0.000281507
0.000281612
0.000281811
0.000282109
0.000282503
0.000282991
0.00028357
0.000284235
0.00028498
0.000285801
0.000286691
0.000287646
0.000288662
0.000289733
0.000290857
0.00029203
0.000293246
0.000294504
0.000295798
0.000297124
0.000298478
0.000299855
0.000301251
0.000302659
0.000304074
0.000281201
0.000281302
0.000281495
0.000281783
0.000282164
0.000282636
0.000283194
0.000283835
0.000284552
0.00028534
0.000286194
0.000287109
0.00028808
0.000289104
0.000290175
0.000291291
0.000292447
0.00029364
0.000294866
0.00029612
0.000297398
0.000298696
0.000300009
0.000301332
0.00030266
0.000280867
0.000280965
0.000281153
0.000281431
0.000281799
0.000282255
0.000282794
0.000283411
0.000284101
0.000284859
0.000285678
0.000286555
0.000287484
0.000288461
0.000289482
0.000290544
0.000291643
0.000292775
0.000293935
0.000295121
0.000296329
0.000297552
0.000298788
0.000300031
0.000301277
0.000280509
0.000280606
0.000280788
0.000281058
0.000281414
0.000281854
0.000282375
0.000282969
0.000283634
0.000284362
0.000285148
0.000285988
0.000286877
0.00028781
0.000288784
0.000289794
0.000290838
0.000291912
0.000293012
0.000294133
0.000295273
0.000296427
0.00029759
0.000298758
0.000299927
0.000280133
0.000280228
0.000280405
0.000280667
0.000281012
0.000281438
0.000281941
0.000282514
0.000283154
0.000283854
0.000284609
0.000285414
0.000286264
0.000287155
0.000288084
0.000289046
0.000290038
0.000291057
0.000292098
0.000293159
0.000294236
0.000295323
0.000296418
0.000297516
0.000298613
0.000279743
0.000279836
0.00028001
0.000280264
0.000280599
0.000281011
0.000281497
0.00028205
0.000282666
0.00028334
0.000284065
0.000284836
0.000285649
0.000286501
0.000287386
0.000288302
0.000289245
0.000290212
0.000291199
0.000292203
0.00029322
0.000294245
0.000295276
0.000296308
0.000297337
0.000279342
0.000279435
0.000279605
0.000279852
0.000280178
0.000280577
0.000281047
0.000281581
0.000282175
0.000282823
0.000283519
0.000284259
0.000285037
0.000285851
0.000286695
0.000287567
0.000288464
0.000289382
0.000290317
0.000291267
0.000292228
0.000293195
0.000294166
0.000295136
0.000296102
0.000278934
0.000279027
0.000279194
0.000279437
0.000279753
0.000280141
0.000280595
0.000281111
0.000281684
0.000282308
0.000282976
0.000283686
0.000284431
0.000285208
0.000286014
0.000286845
0.000287698
0.000288569
0.000289456
0.000290355
0.000291262
0.000292175
0.00029309
0.000294003
0.00029491
0.000278524
0.000278617
0.000278783
0.00027902
0.000279329
0.000279705
0.000280146
0.000280645
0.000281197
0.000281798
0.00028244
0.000283121
0.000283835
0.000284578
0.000285346
0.000286138
0.000286949
0.000287776
0.000288617
0.000289468
0.000290326
0.000291188
0.00029205
0.000292909
0.000293761
0.000278115
0.000278209
0.000278374
0.000278607
0.000278908
0.000279275
0.000279702
0.000280185
0.000280718
0.000281296
0.000281914
0.000282567
0.000283251
0.000283961
0.000284695
0.000285449
0.000286221
0.000287007
0.000287804
0.00028861
0.000289422
0.000290235
0.000291048
0.000291857
0.000292658
0.00027771
0.000277806
0.000277971
0.000278201
0.000278496
0.000278853
0.000279268
0.000279735
0.00028025
0.000280808
0.000281402
0.000282028
0.000282683
0.000283362
0.000284063
0.000284781
0.000285516
0.000286262
0.000287019
0.000287783
0.00028855
0.000289319
0.000290085
0.000290847
0.0002916
0.000277312
0.000277412
0.000277578
0.000277805
0.000278095
0.000278443
0.000278847
0.0002793
0.000279797
0.000280334
0.000280906
0.000281507
0.000282134
0.000282783
0.000283452
0.000284137
0.000284836
0.000285545
0.000286263
0.000286987
0.000287713
0.00028844
0.000289163
0.000289881
0.00029059
0.000276925
0.00027703
0.000277198
0.000277424
0.000277709
0.00027805
0.000278442
0.000278881
0.000279362
0.00027988
0.000280429
0.000281006
0.000281606
0.000282227
0.000282865
0.000283518
0.000284183
0.000284857
0.000285539
0.000286225
0.000286913
0.000287599
0.000288283
0.00028896
0.000289628
0.000276553
0.000276664
0.000276835
0.000277062
0.000277343
0.000277676
0.000278058
0.000278484
0.000278948
0.000279447
0.000279974
0.000280528
0.000281102
0.000281696
0.000282305
0.000282927
0.000283559
0.0002842
0.000284847
0.000285498
0.000286149
0.000286799
0.000287445
0.000288084
0.000288713
0.000276199
0.000276317
0.000276494
0.000276721
0.000276999
0.000277326
0.000277698
0.00027811
0.000278559
0.000279038
0.000279545
0.000280075
0.000280625
0.000281191
0.000281772
0.000282364
0.000282966
0.000283576
0.00028419
0.000284807
0.000285424
0.000286039
0.00028665
0.000287254
0.000287848
0.000275866
0.000275994
0.000276177
0.000276406
0.000276682
0.000277003
0.000277365
0.000277764
0.000278196
0.000278657
0.000279143
0.00027965
0.000280175
0.000280715
0.000281268
0.000281832
0.000282405
0.000282984
0.000283567
0.000284153
0.000284738
0.000285321
0.000285899
0.000286469
0.000287031
0.000275558
0.000275698
0.00027589
0.000276123
0.000276397
0.000276712
0.000277064
0.000277449
0.000277864
0.000278306
0.00027877
0.000279254
0.000279755
0.000280269
0.000280796
0.000281332
0.000281876
0.000282426
0.00028298
0.000283536
0.000284091
0.000284643
0.000285191
0.000285731
0.000286263
0.00027528
0.000275434
0.000275638
0.000275875
0.000276148
0.000276456
0.000276797
0.000277168
0.000277566
0.000277987
0.00027843
0.00027889
0.000279366
0.000279855
0.000280355
0.000280864
0.000281381
0.000281904
0.00028243
0.000282957
0.000283484
0.000284008
0.000284527
0.00028504
0.000285543
0.000275035
0.000275208
0.000275426
0.000275669
0.000275941
0.000276242
0.00027657
0.000276925
0.000277303
0.000277703
0.000278122
0.000278558
0.000279009
0.000279472
0.000279947
0.00028043
0.00028092
0.000281416
0.000281915
0.000282416
0.000282916
0.000283414
0.000283907
0.000284394
0.000284871
0.000274831
0.000275027
0.000275262
0.000275512
0.000275781
0.000276073
0.000276387
0.000276722
0.000277079
0.000277456
0.00027785
0.00027826
0.000278685
0.000279123
0.000279571
0.000280028
0.000280493
0.000280963
0.000281437
0.000281913
0.000282389
0.000282862
0.000283331
0.000283793
0.000284248
0.000274675
0.000274899
0.000275156
0.000275412
0.000275677
0.000275956
0.000276251
0.000276564
0.000276896
0.000277246
0.000277613
0.000277996
0.000278394
0.000278805
0.000279228
0.00027966
0.0002801
0.000280546
0.000280996
0.000281448
0.0002819
0.000282351
0.000282797
0.000283238
0.000283671
0.000274576
0.000274837
0.000275118
0.00027538
0.000275636
0.000275897
0.000276169
0.000276453
0.000276755
0.000277075
0.000277412
0.000277766
0.000278136
0.00027852
0.000278917
0.000279324
0.00027974
0.000280162
0.00028059
0.00028102
0.000281451
0.00028188
0.000282306
0.000282727
0.000283141
0.00027455
0.000274855
0.000275165
0.000275429
0.00027567
0.000275904
0.000276142
0.000276392
0.000276657
0.000276942
0.000277246
0.000277569
0.000277909
0.000278266
0.000278636
0.000279019
0.000279412
0.000279812
0.000280219
0.000280628
0.00028104
0.00028145
0.000281858
0.000282261
0.000282657
0.000274619
0.000274979
0.000275319
0.000275576
0.000275789
0.000275983
0.000276176
0.00027638
0.000276602
0.000276846
0.000277113
0.000277402
0.000277712
0.00027804
0.000278385
0.000278745
0.000279115
0.000279495
0.000279882
0.000280273
0.000280666
0.000281059
0.00028145
0.000281837
0.000282218
0.000274818
0.000275242
0.000275609
0.000275843
0.000276006
0.000276141
0.000276272
0.000276418
0.000276586
0.000276783
0.000277009
0.000277262
0.00027754
0.000277841
0.000278161
0.000278498
0.000278848
0.000279209
0.000279578
0.000279952
0.000280329
0.000280707
0.000281083
0.000281456
0.000281823
0.000275212
0.000275701
0.000276079
0.000276257
0.000276335
0.00027638
0.000276428
0.000276499
0.000276605
0.000276748
0.000276929
0.000277144
0.000277391
0.000277665
0.000277962
0.000278278
0.000278609
0.000278953
0.000279306
0.000279665
0.000280028
0.000280392
0.000280756
0.000281116
0.000281472
0.000275918
0.000276443
0.000276785
0.000276845
0.000276785
0.0002767
0.000276637
0.000276616
0.000276647
0.000276731
0.000276865
0.000277043
0.000277259
0.000277508
0.000277783
0.000278081
0.000278396
0.000278725
0.000279064
0.000279411
0.000279762
0.000280115
0.000280468
0.000280818
0.000281164
0.000277144
0.000277602
0.000277801
0.000277638
0.000277357
0.000277089
0.00027688
0.000276749
0.000276698
0.000276721
0.000276808
0.000276951
0.000277139
0.000277365
0.000277623
0.000277905
0.000278206
0.000278523
0.000278852
0.000279189
0.00027953
0.000279874
0.000280218
0.00028056
0.000280898
0.000279246
0.000279374
0.000279201
0.000278641
0.000278028
0.000277511
0.000277128
0.000276875
0.000276739
0.000276701
0.000276747
0.000276859
0.000277024
0.000277233
0.000277477
0.000277747
0.000278039
0.000278348
0.000278668
0.000278997
0.000279332
0.000279669
0.000280006
0.000280342
0.000280673
0.00028313
0.000282163
0.000281039
0.000279789
0.000278711
0.000277894
0.00027732
0.000276947
0.000276735
0.00027665
0.000276664
0.000276755
0.000276907
0.000277105
0.00027734
0.000277605
0.000277891
0.000278195
0.000278511
0.000278835
0.000279165
0.000279498
0.000279831
0.000280162
0.000280489
0.00029201
0.000286858
0.000283248
0.000280874
0.000279223
0.000278093
0.000277354
0.000276897
0.000276642
0.000276536
0.000276539
0.000276625
0.000276774
0.000276971
0.000277206
0.00027747
0.000277757
0.000278059
0.000278374
0.000278698
0.000279026
0.000279357
0.000279688
0.000280016
0.00028034
0.000310214
0.000293297
0.000285319
0.000281621
0.000279429
0.000278062
0.00027723
0.000276743
0.000276484
0.000276382
0.000276393
0.000276487
0.000276644
0.000276848
0.000277088
0.000277356
0.000277645
0.000277951
0.000278267
0.000278592
0.000278921
0.000279252
0.000279582
0.000279909
0.000280232
0.157621
0.155424
0.150144
0.141246
0.129706
0.116126
0.101079
0.0855034
0.070496
0.0563894
0.0434935
0.0326655
0.0243318
0.0182017
0.0137285
0.0105127
0.00823486
0.00667596
0.0056376
0.00494181
0.00446883
0.00414953
0.00394542
0.0038337
0.0037785
0.131611
0.125712
0.115401
0.102508
0.0889728
0.0755477
0.0628148
0.0515179
0.0417654
0.0332729
0.0259472
0.0200032
0.01542
0.0119727
0.00940901
0.0074971
0.00616027
0.00529871
0.0047191
0.0043193
0.00403844
0.00383994
0.00370362
0.00361777
0.00356452
0.0997357
0.0926436
0.0817768
0.0692318
0.0573995
0.0467386
0.0374002
0.029676
0.0234812
0.0185224
0.0147442
0.011959
0.00991125
0.00833335
0.00708374
0.00608319
0.00528826
0.00469183
0.004263
0.00395855
0.0037414
0.00358444
0.00347231
0.00339369
0.00334207
0.0706412
0.0632684
0.0521257
0.0415109
0.0329499
0.0262465
0.0209536
0.0168332
0.0138048
0.0116237
0.0100357
0.0088702
0.00794961
0.00714481
0.00639889
0.00570886
0.00509751
0.00458816
0.00418299
0.00386818
0.00363369
0.00345852
0.00333077
0.00324167
0.00319011
0.0413404
0.0357711
0.0269145
0.0183896
0.0129508
0.00987741
0.00818064
0.00740521
0.00715834
0.00710636
0.00705039
0.00689596
0.00661577
0.006226
0.00576863
0.00529002
0.00482949
0.00441514
0.00406169
0.00377209
0.00353649
0.0033546
0.00321927
0.0031254
0.00307573
0.0252851
0.0207854
0.0136964
0.00748826
0.00350242
0.00139648
0.00108469
0.00165171
0.00248383
0.00337336
0.0041185
0.00462547
0.00487662
0.00491205
0.00479256
0.00457629
0.00431407
0.00404308
0.00378719
0.00355942
0.00336482
0.00320665
0.003085
0.00299933
0.00295614
0.0142694
0.0112944
0.00678252
0.0026598
1.25e-05
-0.00120491
-0.00137018
-0.000900476
-4.59012e-07
0.0010144
0.0019711
0.00274591
0.00329054
0.00361844
0.00376288
0.00377335
0.0036966
0.00357048
0.00342327
0.00327427
0.0031359
0.0030162
0.00292014
0.00285113
0.00281733
0.00698564
0.00506229
0.00240081
3.26689e-05
-0.00139485
-0.0020259
-0.00201255
-0.00153785
-0.000833448
-2.18465e-05
0.00080747
0.00156268
0.00217393
0.00261775
0.00290144
0.00305421
0.00310818
0.00309442
0.00303914
0.00296254
0.00287938
0.00280042
0.00273342
0.00268426
0.00266094
0.00307097
0.00170248
3.74241e-05
-0.00116742
-0.00186076
-0.00208711
-0.00193445
-0.00152167
-0.000957116
-0.000320407
0.000337959
0.000971984
0.0015106
0.00195088
0.00227449
0.00248897
0.00261505
0.00267265
0.00268227
0.00266141
0.00262393
0.0025808
0.00254054
0.00250991
0.00249649
0.000978749
4.88219e-05
-0.00097713
-0.00155837
-0.00181532
-0.00181065
-0.00160254
-0.00124659
-0.000798943
-0.000306496
0.000199054
0.000700233
0.00116319
0.00155525
0.00186463
0.00208204
0.00223585
0.00232844
0.00237644
0.00239305
0.00238871
0.00237317
0.00235445
0.00233919
0.00233409
-9.0297e-05
-0.000735951
-0.0013544
-0.00159346
-0.00160289
-0.00146406
-0.00122474
-0.0009143
-0.000556544
-0.00017343
0.00021764
0.000602707
0.000973022
0.00130599
0.00158447
0.00180185
0.00196472
0.00206102
0.00212521
0.00216541
0.00218188
0.00218536
0.00218242
0.00217884
0.00218013
-0.000573114
-0.00102774
-0.00141048
-0.0014928
-0.00138437
-0.00117981
-0.000925182
-0.000642814
-0.000343292
-3.45676e-05
0.000274694
0.000575978
0.000870499
0.00114595
0.00138742
0.00158669
0.00174264
0.00185519
0.00193373
0.00198546
0.00200511
0.00201933
0.00202745
0.00203192
0.00203746
-0.00075271
-0.00106805
-0.00130964
-0.00133314
-0.00118607
-0.000966107
-0.000715663
-0.000455667
-0.000193339
6.85766e-05
0.000326807
0.000576991
0.000812994
0.00104084
0.00124813
0.00142631
0.0015718
0.00168401
0.00176635
0.00182379
0.00186027
0.00188415
0.00189293
0.00189966
0.00190666
-0.000781163
-0.00100113
-0.00115751
-0.00114709
-0.00100289
-0.000796876
-0.000565429
-0.000328519
-9.38013e-05
0.00013638
0.000360235
0.000574409
0.000774567
0.000968654
0.00114792
0.00130581
0.00143871
0.00154539
0.00162718
0.00168704
0.00172869
0.00175665
0.00177414
0.00178541
0.00179286
-0.000736995
-0.000893083
-0.000998911
-0.000967584
-0.000837879
-0.000655441
-0.000448408
-0.000234655
-2.27017e-05
0.000184123
0.000384093
0.000575154
0.000755866
0.000918982
0.00107405
0.00121355
0.00133365
0.00143274
0.00151112
0.00157064
0.00161408
0.00164468
0.00166556
0.00168018
0.00169073
-0.000664154
-0.000776576
-0.000850702
-0.000809892
-0.000694657
-0.000534831
-0.000351121
-0.000158786
3.33783e-05
0.000220947
0.000401468
0.000572755
0.000732587
0.000878028
0.00101605
0.00114041
0.00124871
0.00133966
0.00141326
0.0014707
0.00151399
0.00154559
0.00156811
0.00158439
0.00159631
-0.00058795
-0.00067021
-0.000722486
-0.000677083
-0.000572514
-0.000430625
-0.000266763
-9.34782e-05
8.0956e-05
0.000251692
0.000415886
0.000571447
0.000715908
0.000846142
0.000969465
0.00108063
0.00117805
0.001261
0.00132934
0.00138379
0.00142578
0.00145722
0.0014802
0.00149714
0.00150931
-0.000519562
-0.000581984
-0.000616804
-0.000565747
-0.000467081
-0.000338467
-0.000191286
-3.52747e-05
0.000122536
0.000277566
0.000426984
0.000568916
0.000701915
0.000825869
0.000931418
0.0010298
0.00111735
0.00119286
0.00125598
0.00130708
0.00134718
0.00137773
0.00140042
0.00141727
0.00142918
-0.000459374
-0.000508603
-0.000523248
-0.00046534
-0.000371753
-0.000254855
-0.000122947
1.66749e-05
0.000158443
0.000298377
0.000433755
0.000562639
0.000683467
0.0007952
0.000893627
0.000983654
0.00106352
0.00113269
0.00119094
0.00123859
0.0012764
0.00130552
0.00132737
0.00134365
0.00135506
-0.000392017
-0.000443508
-0.000429445
-0.000371364
-0.000286967
-0.000182826
-6.59619e-05
5.82691e-05
0.00018548
0.000312148
0.000435565
0.00055364
0.000664728
0.000767398
0.000860216
0.000942444
0.00101554
0.00107892
0.0011325
0.00117657
0.00121177
0.00123908
0.00125971
0.00127519
0.00128603
-0.00022105
-0.000297723
-0.000295133
-0.000250895
-0.000181477
-9.4975e-05
3.13852e-06
0.00010851
0.000217558
0.000327379
0.000435616
0.00054034
0.000639913
0.000732827
0.000818138
0.000894215
0.000962234
0.00102171
0.00107262
0.00111508
0.00114947
0.00117643
0.00119686
0.0012119
0.00122198
-0.000118818
-0.000162495
-0.000165319
-0.000134927
-8.13157e-05
-1.13775e-05
7.00273e-05
0.000159046
0.000252486
0.000347663
0.000442328
0.000534596
0.00062287
0.000705787
0.000782354
0.000851517
0.000913723
0.00096866
0.00101621
0.00105636
0.00108933
0.00111553
0.00113558
0.00115037
0.00116013
-4.21712e-05
-6.49212e-05
-6.43287e-05
-4.06164e-05
1.95774e-06
5.90196e-05
0.000126797
0.000202075
0.000282079
0.000364416
0.000447032
0.000528175
0.000606343
0.000680262
0.00074897
0.000811915
0.000868981
0.000919808
0.000964187
0.00100204
0.00103345
0.00105864
0.00107802
0.00109228
0.00110154
1.77704e-05
8.58817e-06
1.38662e-05
3.50356e-05
7.0715e-05
0.00011845
0.000175609
0.000239686
0.000308393
0.000379686
0.000451768
0.000523074
0.00059224
0.000658099
0.000719773
0.000776826
0.000828942
0.000875693
0.000916819
0.000952176
0.000981739
0.00100561
0.00102406
0.00103761
0.0010463
6.70794e-05
6.61e-05
7.50927e-05
9.5402e-05
0.000126724
0.000167749
0.000216731
0.000271809
0.000331172
0.000393129
0.000456149
0.000518867
0.000580078
0.000638741
0.000694051
0.000745574
0.000792933
0.000835683
0.000873524
0.000906264
0.000933807
0.000956167
0.000973522
0.000986279
0.000994428
0.000108557
0.000112627
0.000124121
0.00014401
0.000172324
0.000208353
0.000250953
0.000298773
0.00035041
0.000404496
0.00045975
0.000515003
0.000569209
0.000621454
0.000671001
0.0007174
0.000760267
0.000799163
0.000833768
0.000863857
0.000889292
0.000910032
0.000926203
0.000938166
0.000945847
0.000143748
0.000151001
0.000164035
0.000183509
0.000209526
0.000241677
0.000279198
0.000321109
0.000366331
0.000413772
0.000462373
0.000511148
0.000559199
0.000605726
0.000650063
0.000691758
0.00073043
0.000765659
0.00079712
0.000824575
0.000847861
0.000866909
0.000881839
0.000893033
0.000900351
0.000173738
0.000182989
0.000196868
0.000215818
0.000239929
0.000268946
0.000302337
0.000339379
0.000379245
0.000421061
0.000463961
0.000507119
0.000549768
0.000591213
0.000630855
0.000668255
0.000703037
0.000734806
0.000763242
0.000788101
0.00080921
0.000826492
0.000840121
0.000850642
0.000857841
0.000199362
0.000209827
0.000224066
0.000242376
0.000264817
0.000291211
0.000321169
0.000354149
0.000389505
0.000426541
0.000464548
0.000502833
0.000540745
0.00057768
0.000613107
0.000646602
0.000677798
0.000706324
0.000731866
0.000754175
0.000773065
0.000788442
0.0008006
0.000810651
0.00081897
0.000221296
0.000232437
0.000246702
0.000264282
0.000285211
0.000309348
0.000336398
0.000365942
0.00039747
0.000430422
0.000464214
0.000498268
0.000532027
0.000564969
0.000596622
0.000626585
0.000654499
0.000680008
0.000702794
0.000722591
0.000739154
0.000752303
0.000762212
0.000770789
0.000781312
0.000240087
0.000251536
0.000265595
0.000282388
0.000301921
0.000324078
0.000348625
0.000375226
0.000403476
0.000432917
0.000463067
0.000493439
0.000523559
0.000552973
0.000581261
0.000608052
0.000632988
0.000655722
0.00067592
0.000693248
0.000707351
0.000717723
0.000723707
0.000724266
0.00071416
0.000256186
0.000267686
0.000281385
0.000297358
0.000315594
0.000335988
0.000358349
0.000382405
0.000407824
0.00043423
0.00046122
0.000488385
0.000515317
0.000541624
0.000566932
0.000590891
0.000613162
0.000633409
0.000651289
0.000666444
0.000678452
0.000686732
0.000690461
0.000688418
0.000678139
0.000269969
0.000281343
0.00029458
0.000309722
0.000326746
0.000345557
0.00036599
0.000387823
0.000410779
0.000434546
0.000458787
0.000483153
0.000507294
0.00053087
0.000553546
0.000575002
0.000594922
0.000612992
0.000628884
0.000642245
0.000652674
0.000659677
0.000662615
0.000660737
0.000653227
0.000281747
0.000292875
0.000305587
0.000319904
0.000335795
0.000353171
0.000371893
0.000391769
0.00041257
0.000434032
0.000455871
0.000477789
0.000499487
0.000520663
0.000541025
0.000560283
0.000578155
0.000594354
0.000608584
0.000620527
0.000629847
0.000636164
0.00063907
0.000638201
0.000633387
0.000291782
0.000302582
0.000314735
0.000328246
0.000343078
0.000359151
0.00037634
0.000394485
0.000413387
0.000432826
0.000452559
0.000472331
0.000491883
0.000510955
0.000529289
0.000546631
0.000562731
0.000577338
0.000590197
0.000601043
0.000609603
0.000615602
0.000618794
0.000619026
0.000616353
0.0003003
0.000310718
0.000322295
0.000335026
0.00034887
0.000363753
0.000379565
0.000396167
0.00041339
0.000431044
0.000448923
0.000466808
0.000484476
0.000501701
0.000518262
0.000533936
0.00054851
0.000561767
0.000573495
0.000583483
0.00059152
0.00059741
0.000601002
0.000602235
0.000601216
0.000307489
0.000317492
0.000328491
0.000340472
0.000353394
0.000367188
0.000381757
0.000396978
0.000412708
0.000428782
0.000445023
0.000461245
0.000477254
0.000492859
0.000507867
0.000522091
0.000535347
0.000547457
0.000558248
0.000567553
0.000575216
0.000581101
0.000585108
0.000587208
0.000587485
0.000313516
0.000323084
0.00033351
0.000344775
0.000356837
0.000369632
0.000383075
0.000397057
0.000411453
0.000426122
0.000440912
0.000455662
0.000470209
0.000484387
0.000498034
0.000510991
0.000523106
0.000534233
0.000544237
0.000552988
0.000560375
0.000566303
0.000570709
0.000573567
0.000574894
0.000318522
0.000327647
0.000337512
0.000348096
0.000359356
0.000371234
0.000383652
0.000396516
0.000409716
0.000423132
0.000436631
0.000450076
0.000463328
0.000476246
0.000488693
0.000500539
0.000511659
0.000521937
0.000531268
0.000539558
0.000546731
0.000552728
0.000557519
0.000561091
0.000563356
0.000322631
0.000331313
0.000340634
0.000350571
0.000361083
0.000372117
0.000383601
0.000395454
0.000407578
0.00041987
0.000432216
0.000444498
0.000456599
0.000468398
0.000479784
0.000490649
0.000500893
0.000510427
0.000519174
0.000527071
0.000534072
0.000540147
0.000545309
0.000549613
0.000552847
0.000325953
0.000334196
0.000342993
0.000352318
0.000362132
0.000372387
0.000383018
0.000393952
0.000405105
0.000416386
0.000427698
0.00043894
0.000450011
0.000460813
0.000471252
0.000481242
0.000490706
0.000499581
0.000507815
0.000515374
0.000522241
0.000528416
0.000533967
0.000539093
0.000543356
0.000328582
0.000336395
0.000344688
0.000353435
0.000362599
0.000372134
0.000381983
0.000392081
0.000402354
0.000412722
0.000423102
0.000433408
0.000443554
0.000453459
0.000463046
0.000472248
0.000481009
0.000489287
0.000497061
0.000504332
0.000511128
0.000517504
0.000523695
0.000530388
0.000536642
0.000330602
0.000337998
0.000345809
0.00035401
0.000362567
0.000371436
0.000380567
0.000389901
0.000399373
0.000408914
0.000418451
0.00042791
0.000437221
0.000446313
0.000455125
0.000463606
0.000471715
0.000479432
0.000486762
0.00049375
0.000500503
0.000507223
0.000514499
0.000524188
0.000539053
0.000332087
0.000339079
0.000346431
0.000354118
0.000362108
0.000370361
0.00037883
0.000387464
0.000396205
0.000404993
0.000413764
0.000422454
0.000431003
0.000439353
0.000447452
0.000455261
0.000462749
0.000469905
0.000476741
0.000483303
0.00048968
0.00049603
0.000502736
0.000510694
0.000519412
0.000333104
0.000339707
0.000346622
0.000353824
0.000361284
0.000368965
0.000376824
0.000384816
0.000392888
0.000400987
0.000409059
0.000417047
0.000424899
0.000432566
0.000440005
0.000447181
0.000454069
0.000460659
0.000466954
0.000472977
0.00047877
0.000484387
0.000489941
0.000495551
0.00050016
0.000333711
0.00033994
0.000346439
0.000353186
0.000360151
0.0003673
0.000374595
0.000381995
0.000389453
0.000396922
0.000404353
0.000411698
0.00041891
0.000425946
0.00043277
0.000439349
0.00044566
0.000451689
0.000457427
0.000462876
0.000468035
0.000472892
0.000477429
0.000481564
0.000484627
0.000333958
0.00033983
0.000345936
0.000352253
0.000358755
0.00036541
0.000372183
0.000379037
0.00038593
0.00039282
0.000399663
0.000406416
0.000413038
0.000419492
0.000425742
0.00043176
0.000437522
0.000443008
0.000448203
0.000453088
0.000457639
0.000461815
0.000465551
0.000468742
0.000470984
0.000333893
0.000339423
0.000345156
0.000351069
0.000357138
0.000363333
0.000369623
0.000375973
0.000382345
0.000388702
0.000395003
0.000401212
0.00040729
0.000413204
0.000418922
0.000424416
0.000429661
0.000434634
0.000439313
0.000443671
0.000447672
0.000451263
0.000454372
0.000456902
0.000458596
0.000333556
0.000338761
0.000344141
0.000349674
0.000355338
0.000361105
0.000366946
0.000372829
0.00037872
0.000384585
0.000390389
0.000396095
0.000401672
0.000407087
0.000412312
0.000417318
0.000422082
0.000426579
0.000430782
0.000434662
0.000438177
0.000441276
0.000443893
0.000445948
0.000447269
0.000332984
0.00033788
0.000342925
0.000348102
0.000353387
0.000358755
0.000364179
0.000369629
0.000375076
0.000380488
0.000385832
0.000391076
0.00039619
0.000401145
0.000405914
0.000410471
0.000414791
0.00041885
0.000422621
0.000426072
0.000429166
0.000431855
0.000434083
0.000435788
0.000436853
0.000332209
0.000336811
0.000341541
0.000346382
0.000351312
0.000356308
0.000361345
0.000366395
0.000371431
0.000376424
0.000381344
0.000386162
0.00039085
0.000395382
0.000399731
0.000403874
0.000407788
0.000411449
0.00041483
0.000417903
0.000420632
0.000422978
0.000424895
0.000426336
0.000427217
0.00033126
0.000335583
0.000340016
0.000344542
0.00034914
0.000353789
0.000358465
0.000363144
0.0003678
0.000372406
0.000376935
0.00038136
0.000385657
0.000389799
0.000393764
0.000397529
0.000401073
0.000404373
0.000407405
0.000410144
0.000412559
0.000414616
0.00041628
0.000417515
0.000418259
0.000330163
0.000334222
0.000338375
0.000342605
0.000346892
0.000351217
0.000355559
0.000359893
0.000364197
0.000368446
0.000372614
0.000376678
0.000380614
0.000384399
0.000388012
0.000391432
0.00039464
0.000397615
0.000400336
0.00040278
0.000404922
0.000406735
0.00040819
0.000409262
0.0004099
0.000328941
0.000332751
0.000336639
0.000340591
0.000344588
0.000348611
0.000352641
0.000356657
0.000360635
0.000364553
0.000368389
0.00037212
0.000375725
0.000379183
0.000382474
0.00038558
0.000388483
0.000391166
0.000393609
0.000395794
0.0003977
0.000399303
0.000400584
0.000401522
0.000402077
0.000327615
0.000331188
0.000334828
0.000338519
0.000342244
0.000345986
0.000349727
0.000353445
0.000357122
0.000360736
0.000364265
0.000367691
0.000370992
0.00037415
0.000377147
0.000379968
0.000382595
0.000385015
0.000387211
0.000389167
0.000390865
0.000392289
0.000393423
0.00039425
0.000394736
0.000326202
0.000329553
0.000332959
0.000336405
0.000339876
0.000343356
0.000346827
0.000350271
0.000353668
0.000357
0.000360247
0.000363391
0.000366414
0.000369298
0.000372028
0.000374589
0.000376967
0.000379151
0.000381126
0.000382879
0.000384396
0.000385665
0.000386672
0.000387405
0.000387836
0.00032472
0.000327861
0.000331046
0.000334263
0.000337497
0.000340732
0.000343953
0.000347141
0.00035028
0.000353352
0.00035634
0.000359225
0.000361992
0.000364625
0.000367111
0.000369436
0.00037159
0.000373561
0.000375338
0.000376911
0.00037827
0.000379402
0.0003803
0.000380954
0.000381337
0.000323183
0.000326125
0.000329104
0.000332106
0.000335118
0.000338125
0.000341113
0.000344065
0.000346965
0.000349797
0.000352544
0.000355192
0.000357724
0.000360129
0.000362392
0.000364504
0.000366454
0.000368234
0.000369834
0.000371247
0.000372465
0.000373478
0.000374281
0.000374867
0.000375209
0.000321603
0.000324359
0.000327143
0.000329944
0.000332749
0.000335544
0.000338315
0.000341047
0.000343726
0.000346336
0.000348863
0.000351292
0.00035361
0.000355805
0.000357866
0.000359783
0.000361549
0.000363157
0.000364599
0.000365869
0.000366962
0.00036787
0.000368591
0.000369116
0.000369424
0.000319993
0.000322573
0.000325175
0.000327788
0.000330399
0.000332996
0.000335566
0.000338094
0.000340569
0.000342974
0.000345297
0.000347526
0.000349647
0.000351651
0.000353527
0.000355268
0.000356867
0.000358319
0.000359619
0.000360762
0.000361743
0.000362559
0.000363206
0.000363679
0.000363957
0.000318362
0.000320777
0.000323208
0.000325645
0.000328075
0.000330488
0.000332871
0.000335211
0.000337495
0.000339712
0.000341848
0.000343892
0.000345833
0.000347661
0.000349369
0.00035095
0.000352398
0.00035371
0.000354882
0.000355911
0.000356793
0.000357526
0.000358108
0.000358535
0.000358786
0.00031672
0.00031898
0.000321251
0.000323523
0.000325784
0.000328025
0.000330234
0.000332399
0.000334509
0.000336551
0.000338515
0.000340389
0.000342165
0.000343833
0.000345387
0.000346822
0.000348134
0.000349319
0.000350376
0.000351302
0.000352095
0.000352754
0.000353279
0.000353664
0.000353892
0.000315075
0.000317189
0.00031931
0.000321427
0.000323532
0.000325613
0.000327661
0.000329664
0.000331611
0.000333492
0.000335297
0.000337016
0.00033864
0.000340162
0.000341576
0.000342878
0.000344066
0.000345136
0.000346089
0.000346922
0.000347636
0.000348229
0.000348702
0.000349051
0.000349259
0.000313434
0.000315412
0.000317392
0.000319365
0.000321323
0.000323256
0.000325153
0.000327006
0.000328803
0.000330536
0.000332194
0.00033377
0.000335255
0.000336643
0.000337929
0.000339111
0.000340185
0.000341152
0.000342011
0.000342761
0.000343403
0.000343937
0.000344364
0.00034468
0.000344869
0.000311804
0.000313653
0.000315501
0.00031734
0.000319162
0.000320956
0.000322714
0.000324427
0.000326086
0.000327682
0.000329205
0.000330649
0.000332006
0.000333272
0.000334442
0.000335513
0.000336485
0.000337358
0.000338131
0.000338806
0.000339384
0.000339865
0.00034025
0.000340537
0.00034071
0.000310189
0.000311918
0.000313644
0.000315357
0.000317051
0.000318717
0.000320346
0.00032193
0.000323461
0.000324929
0.000326329
0.000327652
0.000328892
0.000330046
0.000331109
0.00033208
0.000332959
0.000333746
0.000334442
0.000335049
0.000335568
0.000336001
0.000336349
0.00033661
0.000336767
0.000308596
0.000310213
0.000311823
0.00031342
0.000314995
0.000316541
0.00031805
0.000319515
0.000320926
0.000322278
0.000323563
0.000324775
0.000325908
0.000326959
0.000327925
0.000328805
0.000329599
0.000330308
0.000330934
0.00033148
0.000331946
0.000332336
0.00033265
0.000332887
0.00033303
0.000307029
0.00030854
0.000310043
0.00031153
0.000312995
0.00031443
0.000315828
0.000317182
0.000318484
0.000319728
0.000320908
0.000322017
0.000323052
0.000324009
0.000324885
0.000325682
0.000326398
0.000327037
0.0003276
0.00032809
0.000328508
0.000328858
0.000329142
0.000329357
0.000329487
0.000305492
0.000306905
0.000308307
0.000309692
0.000311054
0.000312386
0.000313681
0.000314932
0.000316133
0.000317277
0.00031836
0.000319375
0.00032032
0.00032119
0.000321986
0.000322706
0.000323352
0.000323927
0.000324432
0.000324871
0.000325246
0.00032556
0.000325816
0.00032601
0.00032613
0.000303987
0.000305308
0.000306617
0.000307907
0.000309174
0.000310409
0.000311608
0.000312765
0.000313872
0.000314925
0.000315918
0.000316847
0.000317709
0.0003185
0.000319221
0.000319872
0.000320454
0.00032097
0.000321423
0.000321816
0.000322151
0.000322433
0.000322663
0.000322839
0.000322947
0.000302519
0.000303754
0.000304975
0.000306178
0.000307355
0.000308502
0.000309612
0.000310681
0.000311702
0.00031267
0.000313581
0.000314431
0.000315216
0.000315936
0.000316589
0.000317176
0.000317699
0.000318162
0.000318567
0.000318918
0.000319217
0.000319469
0.000319676
0.000319835
0.000319932
0.00030109
0.000302245
0.000303385
0.000304505
0.0003056
0.000306664
0.000307692
0.00030868
0.000309621
0.000310511
0.000311347
0.000312124
0.000312839
0.000313493
0.000314083
0.000314612
0.000315082
0.000315496
0.000315858
0.00031617
0.000316437
0.000316662
0.000316847
0.000316991
0.000317077
0.000299703
0.000300782
0.000301846
0.00030289
0.000303908
0.000304896
0.000305848
0.000306761
0.000307629
0.000308447
0.000309213
0.000309923
0.000310575
0.000311168
0.000311701
0.000312177
0.000312599
0.000312968
0.00031329
0.000313568
0.000313804
0.000314004
0.00031417
0.0003143
0.000314373
0.000298359
0.000299368
0.000300362
0.000301334
0.000302282
0.000303199
0.000304081
0.000304924
0.000305724
0.000306477
0.000307179
0.000307827
0.00030842
0.000308958
0.000309439
0.000309867
0.000310244
0.000310573
0.000310859
0.000311104
0.000311314
0.00031149
0.000311637
0.000311754
0.000311819
0.00029706
0.000298004
0.000298932
0.000299839
0.00030072
0.000301572
0.000302389
0.000303169
0.000303906
0.000304598
0.000305241
0.000305834
0.000306373
0.00030686
0.000307294
0.000307678
0.000308014
0.000308307
0.000308559
0.000308775
0.00030896
0.000309115
0.000309245
0.000309347
0.000309407
0.000295807
0.000296692
0.000297558
0.000298404
0.000299224
0.000300015
0.000300773
0.000301494
0.000302174
0.00030281
0.000303399
0.00030394
0.000304431
0.000304871
0.000305263
0.000305606
0.000305906
0.000306165
0.000306387
0.000306577
0.000306738
0.000306873
0.000306987
0.000307076
0.000307129
0.000294603
0.000295431
0.000296241
0.00029703
0.000297794
0.000298529
0.000299232
0.000299899
0.000300526
0.000301111
0.000301651
0.000302145
0.000302591
0.00030299
0.000303342
0.000303649
0.000303915
0.000304144
0.000304339
0.000304504
0.000304644
0.000304761
0.000304859
0.000304936
0.00030498
0.000293448
0.000294223
0.000294981
0.000295718
0.00029643
0.000297114
0.000297766
0.000298383
0.000298962
0.0002995
0.000299996
0.000300447
0.000300853
0.000301213
0.00030153
0.000301804
0.00030204
0.000302241
0.000302411
0.000302554
0.000302673
0.000302774
0.000302857
0.000302922
0.000302957
0.000292342
0.00029307
0.000293779
0.000294467
0.000295131
0.000295768
0.000296373
0.000296945
0.00029748
0.000297976
0.000298431
0.000298843
0.000299212
0.000299539
0.000299823
0.000300068
0.000300277
0.000300453
0.0003006
0.000300722
0.000300824
0.000300908
0.000300978
0.00030103
0.000301057
0.000291287
0.00029197
0.000292635
0.000293278
0.000293898
0.000294491
0.000295054
0.000295584
0.000296079
0.000296537
0.000296955
0.000297333
0.000297669
0.000297965
0.00029822
0.000298439
0.000298623
0.000298777
0.000298903
0.000299007
0.000299092
0.000299161
0.000299217
0.000299257
0.000299274
0.000290283
0.000290925
0.000291548
0.000292151
0.00029273
0.000293283
0.000293808
0.0002943
0.000294759
0.000295182
0.000295567
0.000295914
0.000296221
0.000296489
0.00029672
0.000296915
0.000297077
0.000297211
0.000297319
0.000297406
0.000297476
0.00029753
0.000297573
0.0002976
0.000297607
0.000289331
0.000289934
0.000290519
0.000291084
0.000291627
0.000292144
0.000292633
0.000293092
0.000293518
0.00029391
0.000294266
0.000294585
0.000294866
0.00029511
0.000295319
0.000295493
0.000295637
0.000295753
0.000295846
0.000295917
0.000295972
0.000296013
0.000296042
0.000296057
0.000296052
0.00028843
0.000288997
0.000289548
0.000290079
0.000290588
0.000291072
0.00029153
0.000291958
0.000292355
0.00029272
0.00029305
0.000293344
0.000293603
0.000293827
0.000294016
0.000294174
0.000294301
0.000294403
0.000294481
0.000294539
0.000294581
0.000294608
0.000294624
0.000294625
0.000294608
0.00028758
0.000288116
0.000288634
0.000289134
0.000289612
0.000290067
0.000290496
0.000290897
0.000291269
0.000291609
0.000291917
0.000292191
0.000292431
0.000292637
0.000292811
0.000292954
0.000293068
0.000293157
0.000293224
0.00029327
0.0002933
0.000293315
0.000293318
0.000293304
0.000293273
0.000286782
0.000287288
0.000287777
0.000288249
0.000288699
0.000289128
0.000289531
0.000289909
0.000290258
0.000290577
0.000290866
0.000291122
0.000291347
0.000291539
0.0002917
0.000291832
0.000291937
0.000292017
0.000292074
0.000292111
0.00029213
0.000292134
0.000292123
0.000292092
0.000292045
0.000286035
0.000286514
0.000286977
0.000287422
0.000287849
0.000288253
0.000288635
0.000288991
0.000289321
0.000289623
0.000289895
0.000290138
0.00029035
0.000290532
0.000290684
0.000290809
0.000290907
0.000290981
0.000291032
0.000291062
0.000291072
0.000291065
0.000291039
0.000290991
0.000290925
0.000285338
0.000285792
0.000286232
0.000286654
0.000287059
0.000287442
0.000287804
0.000288143
0.000288456
0.000288743
0.000289003
0.000289235
0.000289438
0.000289613
0.000289761
0.000289882
0.000289977
0.000290048
0.000290097
0.000290123
0.000290127
0.00029011
0.00029007
0.000290001
0.000289914
0.000284692
0.000285123
0.000285541
0.000285944
0.000286328
0.000286694
0.000287039
0.000287362
0.000287662
0.000287937
0.000288188
0.000288412
0.00028861
0.000288782
0.000288928
0.00028905
0.000289147
0.000289221
0.000289271
0.000289296
0.000289297
0.000289272
0.000289218
0.000289126
0.000289013
0.000284094
0.000284506
0.000284905
0.000285289
0.000285657
0.000286006
0.000286337
0.000286648
0.000286937
0.000287203
0.000287447
0.000287667
0.000287863
0.000288036
0.000288185
0.000288312
0.000288416
0.000288497
0.000288554
0.000288585
0.000288588
0.000288558
0.00028849
0.000288372
0.000288227
0.000283546
0.00028394
0.000284321
0.000284689
0.000285042
0.000285378
0.000285697
0.000285997
0.000286278
0.000286538
0.000286778
0.000286997
0.000287195
0.000287372
0.000287529
0.000287666
0.000287783
0.000287878
0.00028795
0.000287993
0.000288003
0.000287974
0.000287894
0.000287746
0.000287563
0.000283045
0.000283423
0.00028379
0.000284144
0.000284484
0.000284808
0.000285117
0.000285409
0.000285683
0.00028594
0.000286178
0.000286399
0.000286602
0.000286788
0.000286957
0.00028711
0.000287246
0.000287364
0.000287458
0.000287524
0.000287552
0.00028753
0.000287443
0.000287263
0.000287032
0.000282591
0.000282955
0.000283309
0.000283651
0.000283979
0.000284294
0.000284595
0.00028488
0.00028515
0.000285405
0.000285645
0.00028587
0.000286081
0.000286279
0.000286466
0.00028664
0.000286803
0.000286952
0.000287081
0.000287183
0.000287242
0.000287243
0.000287156
0.000286942
0.000286655
0.000282184
0.000282536
0.000282878
0.000283209
0.000283528
0.000283835
0.000284129
0.000284409
0.000284677
0.000284931
0.000285174
0.000285405
0.000285627
0.000285841
0.000286048
0.000286251
0.000286449
0.00028664
0.000286818
0.000286973
0.000287085
0.00028713
0.000287062
0.000286818
0.000286465
0.000281821
0.000282163
0.000282495
0.000282817
0.000283129
0.000283429
0.000283717
0.000283994
0.00028426
0.000284515
0.000284761
0.000285
0.000285234
0.000285466
0.000285699
0.000285935
0.000286176
0.000286421
0.000286666
0.000286896
0.000287092
0.000287216
0.000287201
0.000286943
0.000286523
0.000281504
0.000281836
0.00028216
0.000282475
0.000282779
0.000283073
0.000283357
0.000283631
0.000283896
0.000284152
0.000284403
0.00028465
0.000284897
0.000285148
0.000285408
0.000285681
0.000285972
0.000286284
0.000286614
0.00028695
0.00028727
0.000287529
0.000287628
0.000287403
0.000286946
0.00028123
0.000281555
0.000281872
0.00028218
0.000282479
0.000282768
0.000283048
0.000283319
0.000283582
0.00028384
0.000284094
0.000284349
0.000284608
0.000284877
0.000285164
0.000285476
0.000285822
0.00028621
0.000286643
0.00028712
0.000287619
0.000288094
0.000288414
0.000288331
0.00028794
0.000280999
0.000281318
0.00028163
0.000281933
0.000282226
0.000282511
0.000282787
0.000283056
0.000283317
0.000283575
0.000283832
0.000284091
0.00028436
0.000284644
0.000284955
0.000285303
0.000285703
0.000286171
0.000286722
0.000287369
0.000288114
0.000288919
0.000289634
0.000289921
0.00028986
0.00028081
0.000281125
0.000281432
0.00028173
0.00028202
0.0002823
0.000282573
0.000282838
0.000283097
0.000283353
0.000283609
0.00028387
0.000284143
0.000284437
0.000284763
0.000285137
0.000285581
0.000286121
0.000286789
0.000287625
0.000288667
0.000289935
0.000291339
0.000292576
0.000293609
0.000280658
0.00028097
0.000281273
0.000281568
0.000281854
0.00028213
0.000282399
0.000282659
0.000282914
0.000283166
0.000283418
0.000283675
0.000283945
0.000284237
0.000284565
0.000284948
0.00028541
0.00028599
0.00028674
0.000287739
0.000289093
0.000290933
0.00029346
0.000297183
0.0003024
0.000280549
0.000280859
0.00028116
0.000281452
0.000281735
0.000282008
0.000282272
0.000282528
0.000282778
0.000283024
0.00028327
0.00028352
0.000283782
0.000284066
0.000284384
0.000284757
0.000285214
0.000285797
0.000286576
0.000287666
0.000289257
0.000291638
0.000295488
0.000303577
0.000320558
0.000667015
0.000639857
0.000623016
0.000609924
0.000599237
0.000590229
0.000582349
0.000575258
0.000568741
0.000562649
0.000556875
0.000551336
0.000545971
0.000540729
0.000535576
0.000530482
0.000525426
0.000520392
0.000515369
0.000510348
0.000505322
0.000500288
0.000495243
0.000490184
0.000485112
0.000480025
0.000474924
0.000469809
0.000464681
0.00045954
0.000454388
0.000449225
0.000444053
0.000438872
0.000433684
0.00042849
0.00042329
0.000418086
0.000412878
0.000407668
0.000402455
0.000397242
0.000392027
0.000386814
0.000381601
0.000376389
0.00037118
0.000365972
0.000360768
0.000355567
0.00035037
0.000345176
0.000339987
0.000334802
0.000329623
0.000324448
0.000319278
0.000314114
0.000308955
0.000303801
0.000298653
0.000293511
0.000288375
0.000283244
0.000278119
0.000273
0.000267887
0.000262779
0.000257677
0.000252581
0.00024749
0.000242405
0.000237325
0.00023225
0.000227181
0.000222117
0.000217057
0.000212003
0.000206954
0.000201909
0.000196869
0.000191833
0.000186801
0.000181774
0.000176751
0.000171732
0.000166716
0.000161704
0.000156696
0.000151691
0.000146689
0.000141691
0.000136695
0.000131703
0.000126713
0.000121726
0.000116741
0.000111759
0.000106779
0.000101801
9.68246e-05
9.18506e-05
8.68784e-05
8.19078e-05
7.69388e-05
7.19713e-05
6.70051e-05
6.20402e-05
5.70764e-05
5.21137e-05
4.71519e-05
4.2191e-05
3.72308e-05
3.22713e-05
2.73124e-05
2.23539e-05
1.73957e-05
1.24369e-05
7.47716e-06
2.49508e-06
0.000654774
0.000634672
0.000619804
0.000607853
0.000597815
0.000589177
0.000581545
0.000574635
0.000568258
0.000562275
0.000556585
0.000551112
0.000545798
0.000540596
0.000535473
0.000530402
0.000525365
0.000520346
0.000515334
0.000510321
0.000505302
0.000500274
0.000495232
0.000490177
0.000485107
0.000480022
0.000474922
0.000469808
0.00046468
0.00045954
0.000454388
0.000449226
0.000444054
0.000438873
0.000433685
0.000428491
0.000423291
0.000418087
0.000412879
0.000407668
0.000402455
0.000397241
0.000392027
0.000386813
0.0003816
0.000376389
0.000371179
0.000365972
0.000360767
0.000355566
0.000350369
0.000345175
0.000339986
0.000334801
0.000329621
0.000324447
0.000319277
0.000314112
0.000308953
0.0003038
0.000298652
0.00029351
0.000288373
0.000283243
0.000278118
0.000272999
0.000267885
0.000262778
0.000257676
0.000252579
0.000247489
0.000242403
0.000237323
0.000232249
0.00022718
0.000222115
0.000217056
0.000212002
0.000206953
0.000201908
0.000196868
0.000191832
0.0001868
0.000181773
0.00017675
0.000171731
0.000166715
0.000161703
0.000156695
0.00015169
0.000146689
0.00014169
0.000136695
0.000131702
0.000126712
0.000121725
0.00011674
0.000111758
0.000106778
0.0001018
9.68242e-05
9.18502e-05
8.6878e-05
8.19074e-05
7.69384e-05
7.19709e-05
6.70048e-05
6.20399e-05
5.70762e-05
5.21135e-05
4.71517e-05
4.21908e-05
3.72307e-05
3.22712e-05
2.73123e-05
2.23539e-05
1.73958e-05
1.2437e-05
7.47747e-06
2.49527e-06
0.00063978
0.000625993
0.000614126
0.000603896
0.000594951
0.000587037
0.000579914
0.000573381
0.000567289
0.000561526
0.000556006
0.000550665
0.000545451
0.000540328
0.000535266
0.000530242
0.000525241
0.00052025
0.00051526
0.000510265
0.000505259
0.000500241
0.000495208
0.000490158
0.000485093
0.000480012
0.000474915
0.000469803
0.000464677
0.000459538
0.000454387
0.000449225
0.000444053
0.000438873
0.000433685
0.000428491
0.000423291
0.000418087
0.000412879
0.000407668
0.000402455
0.000397241
0.000392027
0.000386813
0.0003816
0.000376388
0.000371178
0.000365971
0.000360766
0.000355565
0.000350368
0.000345174
0.000339985
0.0003348
0.00032962
0.000324445
0.000319276
0.000314111
0.000308952
0.000303799
0.000298651
0.000293509
0.000288372
0.000283242
0.000278117
0.000272998
0.000267884
0.000262777
0.000257675
0.000252578
0.000247487
0.000242402
0.000237322
0.000232248
0.000227178
0.000222114
0.000217055
0.000212001
0.000206952
0.000201907
0.000196867
0.000191831
0.0001868
0.000181772
0.000176749
0.00017173
0.000166714
0.000161703
0.000156694
0.00015169
0.000146688
0.00014169
0.000136694
0.000131702
0.000126712
0.000121725
0.00011674
0.000111758
0.000106778
0.0001018
9.68238e-05
9.18498e-05
8.68776e-05
8.19071e-05
7.69382e-05
7.19707e-05
6.70046e-05
6.20397e-05
5.7076e-05
5.21133e-05
4.71516e-05
4.21907e-05
3.72306e-05
3.22712e-05
2.73123e-05
2.23539e-05
1.73959e-05
1.24373e-05
7.47758e-06
2.49519e-06
0.000625043
0.000615657
0.000606691
0.000598426
0.000590868
0.000583945
0.000577546
0.000571558
0.000565881
0.000560437
0.000555163
0.000550012
0.000544946
0.000539937
0.000534963
0.000530007
0.000525059
0.000520109
0.000515151
0.00051018
0.000505193
0.00050019
0.000495168
0.000490128
0.00048507
0.000479994
0.000474901
0.000469792
0.000464669
0.000459532
0.000454382
0.000449222
0.000444051
0.000438871
0.000433684
0.00042849
0.00042329
0.000418086
0.000412878
0.000407668
0.000402455
0.000397241
0.000392027
0.000386813
0.0003816
0.000376388
0.000371178
0.000365971
0.000360766
0.000355565
0.000350367
0.000345174
0.000339985
0.0003348
0.00032962
0.000324445
0.000319275
0.000314111
0.000308952
0.000303798
0.00029865
0.000293508
0.000288372
0.000283241
0.000278116
0.000272997
0.000267884
0.000262776
0.000257674
0.000252578
0.000247487
0.000242402
0.000237322
0.000232247
0.000227178
0.000222114
0.000217055
0.000212001
0.000206951
0.000201906
0.000196866
0.000191831
0.000186799
0.000181772
0.000176749
0.00017173
0.000166714
0.000161702
0.000156694
0.000151689
0.000146688
0.000141689
0.000136694
0.000131701
0.000126712
0.000121724
0.00011674
0.000111758
0.000106777
0.0001018
9.68237e-05
9.18497e-05
8.68775e-05
8.1907e-05
7.69381e-05
7.19706e-05
6.70045e-05
6.20396e-05
5.70759e-05
5.21133e-05
4.71516e-05
4.21907e-05
3.72306e-05
3.22712e-05
2.73123e-05
2.2354e-05
1.7396e-05
1.24375e-05
7.47762e-06
2.49519e-06
0.000611228
0.000604945
0.000598438
0.000592081
0.000585992
0.000580184
0.000574636
0.000569303
0.000564134
0.000559084
0.000554115
0.0005492
0.000544316
0.000539448
0.000534583
0.000529713
0.00052483
0.00051993
0.000515011
0.000510071
0.000505108
0.000500123
0.000495116
0.000490087
0.000485037
0.000479968
0.000474881
0.000469777
0.000464657
0.000459522
0.000454375
0.000449216
0.000444046
0.000438868
0.000433681
0.000428488
0.000423289
0.000418085
0.000412877
0.000407667
0.000402455
0.000397241
0.000392027
0.000386813
0.0003816
0.000376388
0.000371178
0.000365971
0.000360766
0.000355565
0.000350368
0.000345174
0.000339985
0.0003348
0.00032962
0.000324445
0.000319276
0.000314111
0.000308952
0.000303799
0.000298651
0.000293509
0.000288372
0.000283242
0.000278117
0.000272998
0.000267884
0.000262776
0.000257674
0.000252578
0.000247487
0.000242402
0.000237322
0.000232248
0.000227178
0.000222114
0.000217055
0.000212001
0.000206951
0.000201907
0.000196867
0.000191831
0.000186799
0.000181772
0.000176749
0.00017173
0.000166714
0.000161703
0.000156694
0.00015169
0.000146688
0.00014169
0.000136694
0.000131702
0.000126712
0.000121725
0.00011674
0.000111758
0.000106778
0.0001018
9.68239e-05
9.18499e-05
8.68777e-05
8.19072e-05
7.69382e-05
7.19707e-05
6.70046e-05
6.20398e-05
5.7076e-05
5.21134e-05
4.71517e-05
4.21908e-05
3.72307e-05
3.22713e-05
2.73125e-05
2.23541e-05
1.73961e-05
1.24376e-05
7.47766e-06
2.49523e-06
0.000598322
0.000594343
0.000589899
0.000585312
0.000580684
0.00057603
0.00057139
0.000566775
0.00056217
0.00055756
0.000552934
0.000548284
0.000543606
0.000538896
0.000534154
0.000529378
0.000524568
0.000519726
0.000514851
0.000509945
0.000505009
0.000500044
0.000495053
0.000490037
0.000484998
0.000479937
0.000474856
0.000469757
0.000464641
0.000459509
0.000454365
0.000449208
0.00044404
0.000438863
0.000433677
0.000428485
0.000423286
0.000418083
0.000412876
0.000407666
0.000402454
0.000397241
0.000392027
0.000386813
0.0003816
0.000376388
0.000371179
0.000365972
0.000360767
0.000355566
0.000350369
0.000345175
0.000339986
0.000334801
0.000329622
0.000324447
0.000319277
0.000314113
0.000308954
0.0003038
0.000298652
0.00029351
0.000288374
0.000283243
0.000278118
0.000272999
0.000267885
0.000262778
0.000257676
0.000252579
0.000247489
0.000242403
0.000237323
0.000232249
0.00022718
0.000222115
0.000217056
0.000212002
0.000206953
0.000201908
0.000196868
0.000191832
0.0001868
0.000181773
0.00017675
0.000171731
0.000166715
0.000161704
0.000156695
0.00015169
0.000146689
0.00014169
0.000136695
0.000131702
0.000126712
0.000121725
0.000116741
0.000111758
0.000106778
0.0001018
9.68243e-05
9.18503e-05
8.68781e-05
8.19076e-05
7.69386e-05
7.19711e-05
6.7005e-05
6.20401e-05
5.70763e-05
5.21137e-05
4.71519e-05
4.21911e-05
3.72309e-05
3.22715e-05
2.73126e-05
2.23543e-05
1.73963e-05
1.24376e-05
7.47771e-06
2.49531e-06
0.000586215
0.000584046
0.000581398
0.000578449
0.000575224
0.000571722
0.000568018
0.000564148
0.000560129
0.000555975
0.000551703
0.000547328
0.000542863
0.000538318
0.000533703
0.000529025
0.000524292
0.000519509
0.00051468
0.000509809
0.000504901
0.000499959
0.000494986
0.000489983
0.000484954
0.000479902
0.000474828
0.000469734
0.000464622
0.000459494
0.000454352
0.000449198
0.000444032
0.000438856
0.000433672
0.000428481
0.000423283
0.000418081
0.000412874
0.000407665
0.000402453
0.00039724
0.000392027
0.000386813
0.000381601
0.000376389
0.00037118
0.000365973
0.000360769
0.000355568
0.000350371
0.000345177
0.000339988
0.000334803
0.000329624
0.000324449
0.000319279
0.000314115
0.000308956
0.000303802
0.000298655
0.000293512
0.000288376
0.000283245
0.00027812
0.000273001
0.000267888
0.00026278
0.000257678
0.000252582
0.000247491
0.000242406
0.000237326
0.000232251
0.000227182
0.000222117
0.000217058
0.000212004
0.000206954
0.00020191
0.000196869
0.000191834
0.000186802
0.000181775
0.000176752
0.000171732
0.000166717
0.000161705
0.000156697
0.000151692
0.00014669
0.000141692
0.000136696
0.000131703
0.000126714
0.000121726
0.000116742
0.000111759
0.000106779
0.000101801
9.68251e-05
9.18511e-05
8.68788e-05
8.19082e-05
7.69392e-05
7.19717e-05
6.70055e-05
6.20406e-05
5.70768e-05
5.21141e-05
4.71523e-05
4.21914e-05
3.72313e-05
3.22718e-05
2.73129e-05
2.23545e-05
1.73964e-05
1.24377e-05
7.47777e-06
2.49533e-06
0.000574823
0.000574167
0.000573179
0.000571773
0.000569885
0.000567521
0.00056474
0.000561599
0.000558149
0.000554438
0.00055051
0.000546401
0.000542141
0.000537755
0.000533262
0.00052868
0.00052402
0.000519294
0.00051451
0.000509674
0.000504794
0.000499873
0.000494916
0.000489927
0.000484909
0.000479865
0.000474798
0.000469709
0.000464602
0.000459478
0.000454339
0.000449187
0.000444023
0.000438849
0.000433666
0.000428476
0.00042328
0.000418078
0.000412872
0.000407664
0.000402452
0.00039724
0.000392027
0.000386814
0.000381602
0.000376391
0.000371181
0.000365975
0.000360771
0.00035557
0.000350373
0.00034518
0.000339991
0.000334806
0.000329627
0.000324452
0.000319282
0.000314118
0.000308959
0.000303805
0.000298658
0.000293516
0.000288379
0.000283248
0.000278124
0.000273004
0.000267891
0.000262783
0.000257681
0.000252585
0.000247494
0.000242408
0.000237329
0.000232254
0.000227184
0.00022212
0.000217061
0.000212007
0.000206957
0.000201912
0.000196872
0.000191836
0.000186804
0.000181777
0.000176754
0.000171734
0.000166719
0.000161707
0.000156699
0.000151694
0.000146692
0.000141693
0.000136698
0.000131705
0.000126715
0.000121728
0.000116743
0.00011176
0.00010678
0.000101802
9.68262e-05
9.18521e-05
8.68798e-05
8.19091e-05
7.69401e-05
7.19725e-05
6.70062e-05
6.20412e-05
5.70774e-05
5.21146e-05
4.71528e-05
4.21919e-05
3.72317e-05
3.22721e-05
2.73131e-05
2.23547e-05
1.73966e-05
1.24379e-05
7.47784e-06
2.49529e-06
0.000564105
0.000564806
0.000565469
0.000565593
0.000564997
0.000563699
0.000561769
0.000559295
0.000556363
0.000553053
0.000549434
0.000545564
0.000541488
0.000537244
0.000532861
0.000528364
0.00052377
0.000519095
0.000514351
0.000509547
0.000504692
0.00049979
0.000494849
0.000489872
0.000484864
0.000479828
0.000474767
0.000469684
0.000464581
0.000459461
0.000454325
0.000449175
0.000444013
0.000438841
0.00043366
0.000428471
0.000423275
0.000418075
0.00041287
0.000407662
0.000402452
0.00039724
0.000392027
0.000386815
0.000381603
0.000376392
0.000371183
0.000365977
0.000360773
0.000355573
0.000350376
0.000345183
0.000339994
0.000334809
0.00032963
0.000324455
0.000319286
0.000314121
0.000308963
0.000303809
0.000298661
0.000293519
0.000288383
0.000283252
0.000278127
0.000273008
0.000267895
0.000262787
0.000257685
0.000252588
0.000247497
0.000242412
0.000237332
0.000232257
0.000227188
0.000222123
0.000217064
0.00021201
0.00020696
0.000201915
0.000196875
0.000191839
0.000186807
0.00018178
0.000176756
0.000171737
0.000166721
0.000161709
0.000156701
0.000151696
0.000146694
0.000141695
0.0001367
0.000131707
0.000126717
0.000121729
0.000116744
0.000111762
0.000106782
0.000101804
9.68275e-05
9.18533e-05
8.68809e-05
8.19102e-05
7.69411e-05
7.19734e-05
6.70071e-05
6.2042e-05
5.70781e-05
5.21153e-05
4.71534e-05
4.21924e-05
3.72321e-05
3.22725e-05
2.73135e-05
2.23549e-05
1.73967e-05
1.2438e-05
7.47792e-06
2.49528e-06
0.000553983
0.000556029
0.000558524
0.000560218
0.000560848
0.000560505
0.000559313
0.000557404
0.000554902
0.000551922
0.000548555
0.000544877
0.00054095
0.000536821
0.000532527
0.000528098
0.000523558
0.000518926
0.000514215
0.000509437
0.000504602
0.000499717
0.000494789
0.000489823
0.000484823
0.000479794
0.000474739
0.00046966
0.000464561
0.000459444
0.00045431
0.000449163
0.000444003
0.000438833
0.000433653
0.000428465
0.000423271
0.000418071
0.000412867
0.00040766
0.00040245
0.000397239
0.000392027
0.000386815
0.000381604
0.000376393
0.000371185
0.000365979
0.000360776
0.000355575
0.000350379
0.000345186
0.000339997
0.000334813
0.000329634
0.000324459
0.00031929
0.000314125
0.000308967
0.000303813
0.000298666
0.000293524
0.000288387
0.000283257
0.000278132
0.000273012
0.000267899
0.000262791
0.000257689
0.000252593
0.000247502
0.000242416
0.000237336
0.000232261
0.000227192
0.000222127
0.000217068
0.000212013
0.000206964
0.000201919
0.000196878
0.000191842
0.00018681
0.000181783
0.000176759
0.00017174
0.000166724
0.000161712
0.000156703
0.000151698
0.000146696
0.000141697
0.000136702
0.000131709
0.000126719
0.000121731
0.000116746
0.000111764
0.000106783
0.000101805
9.68289e-05
9.18546e-05
8.68822e-05
8.19114e-05
7.69422e-05
7.19744e-05
6.7008e-05
6.20429e-05
5.7079e-05
5.2116e-05
4.71541e-05
4.2193e-05
3.72326e-05
3.22729e-05
2.73138e-05
2.23552e-05
1.73969e-05
1.2438e-05
7.47797e-06
2.49532e-06
0.00054387
0.000547652
0.000552581
0.000555948
0.000557701
0.000558162
0.000557554
0.000556068
0.000553879
0.00055113
0.000547938
0.000544393
0.000540567
0.000536516
0.000532282
0.000527901
0.000523399
0.000518796
0.000514109
0.00050935
0.00050453
0.000499657
0.000494739
0.000489781
0.000484788
0.000479764
0.000474714
0.000469639
0.000464543
0.000459428
0.000454297
0.000449152
0.000443994
0.000438824
0.000433646
0.00042846
0.000423266
0.000418068
0.000412865
0.000407658
0.000402449
0.000397238
0.000392027
0.000386816
0.000381605
0.000376395
0.000371187
0.000365981
0.000360778
0.000355578
0.000350381
0.000345189
0.000340001
0.000334817
0.000329637
0.000324463
0.000319294
0.000314129
0.000308971
0.000303818
0.00029867
0.000293528
0.000288391
0.000283261
0.000278136
0.000273017
0.000267903
0.000262795
0.000257693
0.000252597
0.000247506
0.00024242
0.00023734
0.000232265
0.000227195
0.000222131
0.000217071
0.000212017
0.000206967
0.000201922
0.000196881
0.000191845
0.000186813
0.000181786
0.000176762
0.000171743
0.000166727
0.000161715
0.000156706
0.000151701
0.000146699
0.0001417
0.000136704
0.000131711
0.000126721
0.000121733
0.000116748
0.000111765
0.000106785
0.000101807
9.68304e-05
9.1856e-05
8.68835e-05
8.19126e-05
7.69433e-05
7.19755e-05
6.7009e-05
6.20438e-05
5.70798e-05
5.21168e-05
4.71548e-05
4.21936e-05
3.72331e-05
3.22734e-05
2.73142e-05
2.23554e-05
1.7397e-05
1.24378e-05
7.47795e-06
2.49542e-06
0.000532123
0.000540262
0.000548576
0.00055333
0.00055586
0.000556853
0.000556606
0.000555367
0.000553349
0.000550721
0.000547617
0.000544137
0.000540361
0.000536349
0.000532148
0.000527792
0.000523308
0.00051872
0.000514044
0.000509296
0.000504484
0.000499618
0.000494706
0.000489753
0.000484764
0.000479744
0.000474696
0.000469624
0.00046453
0.000459417
0.000454287
0.000449143
0.000443986
0.000438818
0.000433641
0.000428455
0.000423263
0.000418065
0.000412862
0.000407657
0.000402448
0.000397238
0.000392027
0.000386816
0.000381605
0.000376396
0.000371188
0.000365982
0.00036078
0.00035558
0.000350384
0.000345191
0.000340003
0.000334819
0.00032964
0.000324466
0.000319297
0.000314133
0.000308974
0.000303821
0.000298673
0.000293531
0.000288395
0.000283264
0.000278139
0.00027302
0.000267906
0.000262799
0.000257696
0.0002526
0.000247509
0.000242423
0.000237343
0.000232268
0.000227198
0.000222134
0.000217074
0.00021202
0.00020697
0.000201925
0.000196884
0.000191848
0.000186816
0.000181788
0.000176765
0.000171745
0.000166729
0.000161717
0.000156708
0.000151702
0.0001467
0.000141701
0.000136706
0.000131713
0.000126722
0.000121735
0.000116749
0.000111767
0.000106786
0.000101808
9.68315e-05
9.18571e-05
8.68845e-05
8.19135e-05
7.69442e-05
7.19763e-05
6.70098e-05
6.20445e-05
5.70804e-05
5.21174e-05
4.71553e-05
4.2194e-05
3.72335e-05
3.22737e-05
2.73144e-05
2.23556e-05
1.7397e-05
1.24378e-05
7.47769e-06
2.49525e-06
)
;

boundaryField
{
    frontWall
    {
        type            empty;
    }
    backWall
    {
        type            empty;
    }
    sideWall
    {
        type            zeroGradient;
    }
    outlet
    {
        type            fixedValue;
        value           uniform 0;
    }
    inlet
    {
        type            zeroGradient;
    }
}


// ************************************************************************* //
