/*--------------------------------*- C++ -*----------------------------------*\
  =========                 |
  \\      /  F ield         | OpenFOAM: The Open Source CFD Toolbox
   \\    /   O peration     | Website:  https://openfoam.org
    \\  /    A nd           | Version:  13
     \\/     M anipulation  |
\*---------------------------------------------------------------------------*/
FoamFile
{
    format      ascii;
    class       volScalarField;
    location    "26";
    object      p;
}
// * * * * * * * * * * * * * * * * * * * * * * * * * * * * * * * * * * * * * //

dimensions      [0 2 -2 0 0 0 0];

internalField   nonuniform List<scalar> 
6440
(
0.000814194
0.000814242
0.00081436
0.000814537
0.000814769
0.000815041
0.000815325
0.000815599
0.000815838
0.000816016
0.000816106
0.000816085
0.000815937
0.00081565
0.000815223
0.000814665
0.000813995
0.000813225
0.000812385
0.000811502
0.000810582
0.000809634
0.00080868
0.000807718
0.000806867
0.000813859
0.000813911
0.000814032
0.000814217
0.000814459
0.000814745
0.000815062
0.000815385
0.000815691
0.000815954
0.000816146
0.000816239
0.000816205
0.000816022
0.000815675
0.000815155
0.000814458
0.000813589
0.000812556
0.000811372
0.000810046
0.000808607
0.000807107
0.000805582
0.000804186
0.000813336
0.000813407
0.000813551
0.000813767
0.000814051
0.000814387
0.000814764
0.000815167
0.000815573
0.000815943
0.000816247
0.000816452
0.000816522
0.000816425
0.00081613
0.000815613
0.000814856
0.00081385
0.000812604
0.000811123
0.000809421
0.000807558
0.000805609
0.000803683
0.000802001
0.000812631
0.000812724
0.000812899
0.000813159
0.000813498
0.000813901
0.000814354
0.000814838
0.000815329
0.000815805
0.000816216
0.000816522
0.000816683
0.000816658
0.000816406
0.00081589
0.000815084
0.000813968
0.000812548
0.000810816
0.000808816
0.000806616
0.000804309
0.000802059
0.000800148
0.000811715
0.000811828
0.000812035
0.000812339
0.000812735
0.000813205
0.000813735
0.000814302
0.000814881
0.000815443
0.000815959
0.000816366
0.000816622
0.000816681
0.000816491
0.000816009
0.000815195
0.000814025
0.000812492
0.000810574
0.000808345
0.000805867
0.000803246
0.00080069
0.00079854
0.000810569
0.000810702
0.000810939
0.000811286
0.000811735
0.000812271
0.000812874
0.000813522
0.000814187
0.00081484
0.000815447
0.00081596
0.000816321
0.00081648
0.000816382
0.000815973
0.000815205
0.00081404
0.000812456
0.000810425
0.000808019
0.000805303
0.000802393
0.000799538
0.000797141
0.000809192
0.000809341
0.000809607
0.000809996
0.000810498
0.000811096
0.00081177
0.000812495
0.000813243
0.000813983
0.00081468
0.000815301
0.000815775
0.00081605
0.000816068
0.000815769
0.000815092
0.000813988
0.000812417
0.000810344
0.000807804
0.00080488
0.000801699
0.000798548
0.000795903
0.000807588
0.000807753
0.000808046
0.000808475
0.000809027
0.000809685
0.000810428
0.000811228
0.000812059
0.000812886
0.000813678
0.000814401
0.000814988
0.000815388
0.00081554
0.000815377
0.000814831
0.000813837
0.000812333
0.000810282
0.00080765
0.000804553
0.000801117
0.000797676
0.000794786
0.000805768
0.000805948
0.000806266
0.000806731
0.000807331
0.000808047
0.000808855
0.00080973
0.000810641
0.000811555
0.000812438
0.000813255
0.00081396
0.000814489
0.000814783
0.000814775
0.000814388
0.000813543
0.000812153
0.000810169
0.000807534
0.000804294
0.000800625
0.000796902
0.000793773
0.000803748
0.000803941
0.00080428
0.000804778
0.000805421
0.000806189
0.000807061
0.000808006
0.000808996
0.000809996
0.000810968
0.000811877
0.000812703
0.000813359
0.000813795
0.000813946
0.000813733
0.000813064
0.000811833
0.000809969
0.000807412
0.000804084
0.000800218
0.000796234
0.000792877
0.000801547
0.000801748
0.000802105
0.00080263
0.000803309
0.000804124
0.000805052
0.000806064
0.000807128
0.000808211
0.000809278
0.000810291
0.000811223
0.000811999
0.000812573
0.000812882
0.000812847
0.000812366
0.000811331
0.000809643
0.000807207
0.000803938
0.000799913
0.000795692
0.000792118
0.000799187
0.000799393
0.000799761
0.000800303
0.000801008
0.000801858
0.000802831
0.000803899
0.000805032
0.000806194
0.000807349
0.000808462
0.000809492
0.000810409
0.000811124
0.000811585
0.000811721
0.00081143
0.000810624
0.000809169
0.000806933
0.000803799
0.000799736
0.000795312
0.000791527
0.000796695
0.000796901
0.00079727
0.000797818
0.000798532
0.000799398
0.000800398
0.000801506
0.000802693
0.000803926
0.000805167
0.000806376
0.000807527
0.000808586
0.000809446
0.000810061
0.000810366
0.000810269
0.000809717
0.00080855
0.00080659
0.000803672
0.000799729
0.000795159
0.000791195
0.000794102
0.000794301
0.000794662
0.000795198
0.000795902
0.000796761
0.000797761
0.000798882
0.000800097
0.000801379
0.000802692
0.000803998
0.000805263
0.000806472
0.0008075
0.000808294
0.000808786
0.000808913
0.000808634
0.000807795
0.000806192
0.000803601
0.000799876
0.000795337
0.000791217
0.000791444
0.000791632
0.000791971
0.000792478
0.000793148
0.000793971
0.000794937
0.000796032
0.000797235
0.000798524
0.000799873
0.000801249
0.000802609
0.00080393
0.000805195
0.000806221
0.000806949
0.000807353
0.000807371
0.000806895
0.00080574
0.000803626
0.000800276
0.000795949
0.00079172
0.000788763
0.000788932
0.000789238
0.000789698
0.000790307
0.000791062
0.000791954
0.000792975
0.000794113
0.000795353
0.000796678
0.000798067
0.000799493
0.000800924
0.000802402
0.000803705
0.00080478
0.000805528
0.000805923
0.000805924
0.000805353
0.000803891
0.000801123
0.000797143
0.000792909
0.000786102
0.000786245
0.000786506
0.000786899
0.000787423
0.000788075
0.000788852
0.000789747
0.000790757
0.000791876
0.000793097
0.000794411
0.00079581
0.000797276
0.00079883
0.000800438
0.000801915
0.000803143
0.000804138
0.000804858
0.00080511
0.000804542
0.000802615
0.000799203
0.000795008
0.000783503
0.000783617
0.000783822
0.000784132
0.000784546
0.000785064
0.000785683
0.000786402
0.000787221
0.000788142
0.000789165
0.000790295
0.000791537
0.000792894
0.000794362
0.000796134
0.000797924
0.000799726
0.000801464
0.000803142
0.000804546
0.000805282
0.000804671
0.000802383
0.000798623
0.000781011
0.000781091
0.000781233
0.000781449
0.000781737
0.000782096
0.000782528
0.000783031
0.000783608
0.000784266
0.000785011
0.000785854
0.000786811
0.000787901
0.000789145
0.000790643
0.00079258
0.000794792
0.000797197
0.000799903
0.000802735
0.000805328
0.00080688
0.000806992
0.000805299
0.000778659
0.000778707
0.00077879
0.000778913
0.000779077
0.00077928
0.000779525
0.000779811
0.000780144
0.00078053
0.00078098
0.00078151
0.000782139
0.000782897
0.000783826
0.000784969
0.000786619
0.000788861
0.000791594
0.000794908
0.000798838
0.000803375
0.000808155
0.00081284
0.000817112
0.000776476
0.000776514
0.000776569
0.000776646
0.000776746
0.000776868
0.000777013
0.000777183
0.000777382
0.000777617
0.0007779
0.000778246
0.000778677
0.000779222
0.000779924
0.00078084
0.00078204
0.000783877
0.000786501
0.000789583
0.000793381
0.000798176
0.000804628
0.000814691
0.000832714
0.000774406
0.000774445
0.000774502
0.000774578
0.000774676
0.000774797
0.000774941
0.00077511
0.000775309
0.000775546
0.000775832
0.000776183
0.000776623
0.000777183
0.000777905
0.000778855
0.000780123
0.000781855
0.000784162
0.000787038
0.000790659
0.000795366
0.000801831
0.000811238
0.000824542
0.00077245
0.000772494
0.000772558
0.000772643
0.000772752
0.000772886
0.000773046
0.000773234
0.000773454
0.000773715
0.000774027
0.000774406
0.000774876
0.000775467
0.000776219
0.000777188
0.000778448
0.000780092
0.000782201
0.000784844
0.000788167
0.000792403
0.000797922
0.000805097
0.000813602
0.000770604
0.000770653
0.000770723
0.000770816
0.000770934
0.000771079
0.000771251
0.000771453
0.000771688
0.000771963
0.000772289
0.000772681
0.000773159
0.000773751
0.000774492
0.000775426
0.000776608
0.000778103
0.000779974
0.000782282
0.000785111
0.000788571
0.00079276
0.000797614
0.000802516
0.000768866
0.000768918
0.000768992
0.000769089
0.000769212
0.000769362
0.000769538
0.000769743
0.000769981
0.000770256
0.000770578
0.000770959
0.000771418
0.000771976
0.000772662
0.000773509
0.000774556
0.000775844
0.000777412
0.000779294
0.000781517
0.000784089
0.00078695
0.000789911
0.000792419
0.000767233
0.000767287
0.000767363
0.000767461
0.000767584
0.000767732
0.000767906
0.000768106
0.000768335
0.000768597
0.000768898
0.00076925
0.000769666
0.000770163
0.000770761
0.000771485
0.000772357
0.000773401
0.000774631
0.000776054
0.000777655
0.000779389
0.000781146
0.000782664
0.000783592
0.000765705
0.000765759
0.000765834
0.00076593
0.000766049
0.000766191
0.000766356
0.000766543
0.000766754
0.000766991
0.00076726
0.000767567
0.000767922
0.000768338
0.000768827
0.000769403
0.000770079
0.000770861
0.000771747
0.000772721
0.000773745
0.000774744
0.000775592
0.000776082
0.000775949
0.000764278
0.000764332
0.000764404
0.000764495
0.000764607
0.000764738
0.000764888
0.000765056
0.000765241
0.000765445
0.00076567
0.000765921
0.000766204
0.000766525
0.000766892
0.000767311
0.000767783
0.000768305
0.000768862
0.000769425
0.000769942
0.000770335
0.000770484
0.000770226
0.000769366
0.000762951
0.000763003
0.000763071
0.000763155
0.000763256
0.000763373
0.000763504
0.000763647
0.0007638
0.000763964
0.000764139
0.000764326
0.000764529
0.000764749
0.00076499
0.000765249
0.000765523
0.000765798
0.000766055
0.000766255
0.000766347
0.000766253
0.000765872
0.000765075
0.000763718
0.000761722
0.000761771
0.000761834
0.000761909
0.000761997
0.000762096
0.000762204
0.000762319
0.000762437
0.000762556
0.000762676
0.000762796
0.000762915
0.000763033
0.000763147
0.000763252
0.000763339
0.000763391
0.000763382
0.000763274
0.000763017
0.000762541
0.000761762
0.000760581
0.00075889
0.00076059
0.000760635
0.000760691
0.000760756
0.000760829
0.000760908
0.000760992
0.000761075
0.000761154
0.000761227
0.00076129
0.000761341
0.000761377
0.000761394
0.000761388
0.00076135
0.000761267
0.00076112
0.000760883
0.000760519
0.000759981
0.000759211
0.00075814
0.000756689
0.000754778
0.000759552
0.000759594
0.000759642
0.000759695
0.000759752
0.000759811
0.000759868
0.000759918
0.000759958
0.000759983
0.000759989
0.000759972
0.000759927
0.000759849
0.000759731
0.000759562
0.000759329
0.000759011
0.000758582
0.00075801
0.000757252
0.000756259
0.000754975
0.00075334
0.000751293
0.000758608
0.000758646
0.000758686
0.000758726
0.000758767
0.000758803
0.000758833
0.00075885
0.000758851
0.000758828
0.000758779
0.000758697
0.000758576
0.000758411
0.000758191
0.000757907
0.000757543
0.00075708
0.000756494
0.000755755
0.000754827
0.000753669
0.000752236
0.000750481
0.000748357
0.000757757
0.00075779
0.000757821
0.000757849
0.000757872
0.000757887
0.000757889
0.000757874
0.000757836
0.000757768
0.000757666
0.000757523
0.000757333
0.000757088
0.000756779
0.000756394
0.000755919
0.000755337
0.000754624
0.000753754
0.000752698
0.000751422
0.000749889
0.000748062
0.000745906
0.000756995
0.000757024
0.000757047
0.000757062
0.000757068
0.000757061
0.000757037
0.00075699
0.000756915
0.000756805
0.000756654
0.000756455
0.000756202
0.000755887
0.0007555
0.00075503
0.000754463
0.000753783
0.00075297
0.000752002
0.000750852
0.000749494
0.000747899
0.000746037
0.000743882
0.000756323
0.000756346
0.000756361
0.000756364
0.000756354
0.000756326
0.000756277
0.0007562
0.00075609
0.00075594
0.000755745
0.000755496
0.000755188
0.000754812
0.000754358
0.000753817
0.000753175
0.000752418
0.000751529
0.000750488
0.000749274
0.000747864
0.000746236
0.000744367
0.000742237
0.000755737
0.000755756
0.000755763
0.000755754
0.000755728
0.000755681
0.000755608
0.000755503
0.000755361
0.000755175
0.00075494
0.000754647
0.000754291
0.000753863
0.000753354
0.000752755
0.000752054
0.000751238
0.000750293
0.000749201
0.000747945
0.000746508
0.00074487
0.000743015
0.000740927
0.000755236
0.000755251
0.000755251
0.000755231
0.00075519
0.000755124
0.000755029
0.000754899
0.000754728
0.00075451
0.00075424
0.000753909
0.000753512
0.000753041
0.000752487
0.000751842
0.000751096
0.000750237
0.000749252
0.000748127
0.000746849
0.000745403
0.000743774
0.000741949
0.000739916
0.000754818
0.000754829
0.000754822
0.000754791
0.000754736
0.000754654
0.000754539
0.000754386
0.000754189
0.000753944
0.000753643
0.00075328
0.000752849
0.000752343
0.000751754
0.000751074
0.000750295
0.000749405
0.000748396
0.000747254
0.000745969
0.000744529
0.000742922
0.000741139
0.000739171
0.000754481
0.000754488
0.000754474
0.000754434
0.000754367
0.000754269
0.000754136
0.000753962
0.000753744
0.000753474
0.000753147
0.000752757
0.000752299
0.000751765
0.00075115
0.000750445
0.000749643
0.000748735
0.000747713
0.000746567
0.000745287
0.000743865
0.000742291
0.000740559
0.000738661
0.000754221
0.000754225
0.000754204
0.000754156
0.000754078
0.000753966
0.000753817
0.000753626
0.000753388
0.000753098
0.00075275
0.000752339
0.000751859
0.000751305
0.00075067
0.000749948
0.000749133
0.000748217
0.000747192
0.000746051
0.000744787
0.000743392
0.00074186
0.000740184
0.000738362
0.000754036
0.000754037
0.000754011
0.000753955
0.000753867
0.000753743
0.000753581
0.000753375
0.00075312
0.000752813
0.000752448
0.00075202
0.000751525
0.000750956
0.000750309
0.000749577
0.000748757
0.00074784
0.000746821
0.000745694
0.000744453
0.000743093
0.000741608
0.000739994
0.00073825
0.000753923
0.000753921
0.000753891
0.000753828
0.000753731
0.000753597
0.000753423
0.000753204
0.000752937
0.000752616
0.000752238
0.000751798
0.000751291
0.000750713
0.000750059
0.000749325
0.000748505
0.000747595
0.000746589
0.000745483
0.000744271
0.000742951
0.000741517
0.000739968
0.000738303
0.00075388
0.000753875
0.00075384
0.000753772
0.000753668
0.000753525
0.000753341
0.000753112
0.000752834
0.000752503
0.000752115
0.000751666
0.000751152
0.00075057
0.000749915
0.000749183
0.00074837
0.000747471
0.000746484
0.000745403
0.000744226
0.00074295
0.000741571
0.000740089
0.000738503
0.000753902
0.000753895
0.000753857
0.000753783
0.000753673
0.000753523
0.000753331
0.000753094
0.000752807
0.000752469
0.000752074
0.00075162
0.000751104
0.000750521
0.000749869
0.000749144
0.000748342
0.00074746
0.000746496
0.000745445
0.000744306
0.000743076
0.000741754
0.000740339
0.000738832
0.000753986
0.000753978
0.000753936
0.000753859
0.000753743
0.000753587
0.000753389
0.000753146
0.000752853
0.00075251
0.000752112
0.000751656
0.00075114
0.000750561
0.000749915
0.0007492
0.000748413
0.000747552
0.000746613
0.000745596
0.000744497
0.000743316
0.000742052
0.000740705
0.000739276
0.00075413
0.00075412
0.000754076
0.000753995
0.000753875
0.000753715
0.000753512
0.000753264
0.000752968
0.000752622
0.000752222
0.000751767
0.000751255
0.000750681
0.000750045
0.000749344
0.000748575
0.000747737
0.000746828
0.000745846
0.000744789
0.000743658
0.000742453
0.000741173
0.00073982
0.00075433
0.000754318
0.000754272
0.000754188
0.000754065
0.000753902
0.000753696
0.000753445
0.000753146
0.000752799
0.000752401
0.000751949
0.000751442
0.000750878
0.000750254
0.000749569
0.00074882
0.000748008
0.000747129
0.000746184
0.000745171
0.000744091
0.000742943
0.000741729
0.000740451
0.000754582
0.000754568
0.000754521
0.000754435
0.00075431
0.000754144
0.000753936
0.000753683
0.000753385
0.000753039
0.000752643
0.000752197
0.000751697
0.000751144
0.000750534
0.000749867
0.000749141
0.000748355
0.000747509
0.000746602
0.000745633
0.000744603
0.000743513
0.000742364
0.000741158
0.000754882
0.000754868
0.000754819
0.000754732
0.000754605
0.000754438
0.000754228
0.000753976
0.000753679
0.000753335
0.000752944
0.000752504
0.000752014
0.000751473
0.000750879
0.000750232
0.00074953
0.000748772
0.00074796
0.000747091
0.000746166
0.000745187
0.000744153
0.000743067
0.000741931
0.000755228
0.000755213
0.000755163
0.000755075
0.000754947
0.000754779
0.00075457
0.000754319
0.000754024
0.000753684
0.000753299
0.000752867
0.000752388
0.00075186
0.000751284
0.000750657
0.00074998
0.000749252
0.000748472
0.000747642
0.000746762
0.000745832
0.000744853
0.000743828
0.000742759
0.000755616
0.0007556
0.00075555
0.000755461
0.000755333
0.000755165
0.000754957
0.000754707
0.000754416
0.000754081
0.000753703
0.00075328
0.000752813
0.0007523
0.000751742
0.000751137
0.000750485
0.000749786
0.000749041
0.000748249
0.000747412
0.00074653
0.000745605
0.00074464
0.000743635
0.000756042
0.000756026
0.000755975
0.000755886
0.000755758
0.000755591
0.000755385
0.000755138
0.000754851
0.000754522
0.000754151
0.000753739
0.000753285
0.000752788
0.000752248
0.000751665
0.000751039
0.00075037
0.000749658
0.000748904
0.00074811
0.000747275
0.000746402
0.000745493
0.000744551
0.000756504
0.000756487
0.000756436
0.000756347
0.00075622
0.000756055
0.000755851
0.000755607
0.000755324
0.000755002
0.000754641
0.000754239
0.000753798
0.000753318
0.000752797
0.000752236
0.000751636
0.000750997
0.000750318
0.000749602
0.000748848
0.00074806
0.000747237
0.000746383
0.000745499
0.000756997
0.000756979
0.000756929
0.00075684
0.000756715
0.000756551
0.00075635
0.000756111
0.000755834
0.000755519
0.000755166
0.000754776
0.000754349
0.000753885
0.000753384
0.000752846
0.000752271
0.000751661
0.000751015
0.000750335
0.000749622
0.000748877
0.000748103
0.000747301
0.000746474
0.000757519
0.000757501
0.000757451
0.000757363
0.000757239
0.000757078
0.00075688
0.000756645
0.000756374
0.000756067
0.000755724
0.000755346
0.000754933
0.000754486
0.000754004
0.000753488
0.000752939
0.000752358
0.000751744
0.000751099
0.000750425
0.000749723
0.000748995
0.000748242
0.000747469
0.000758066
0.000758048
0.000757998
0.000757912
0.00075779
0.000757632
0.000757437
0.000757207
0.000756943
0.000756644
0.000756311
0.000755945
0.000755546
0.000755116
0.000754653
0.00075416
0.000753636
0.000753082
0.000752499
0.000751889
0.000751252
0.000750591
0.000749907
0.000749202
0.000748479
0.000758636
0.000758618
0.000758569
0.000758484
0.000758364
0.000758209
0.000758018
0.000757794
0.000757536
0.000757245
0.000756922
0.000756568
0.000756184
0.00075577
0.000755327
0.000754855
0.000754356
0.000753829
0.000753277
0.0007527
0.000752099
0.000751477
0.000750835
0.000750175
0.0007495
0.000759226
0.000759208
0.00075916
0.000759076
0.000758958
0.000758806
0.00075862
0.000758401
0.00075815
0.000757868
0.000757555
0.000757214
0.000756844
0.000756446
0.000756022
0.000755572
0.000755096
0.000754596
0.000754073
0.000753527
0.000752961
0.000752376
0.000751774
0.000751158
0.000750528
0.000759832
0.000759815
0.000759767
0.000759686
0.00075957
0.000759421
0.00075924
0.000759027
0.000758782
0.000758509
0.000758207
0.000757877
0.000757521
0.00075714
0.000756734
0.000756305
0.000755852
0.000755378
0.000754882
0.000754368
0.000753835
0.000753285
0.000752721
0.000752145
0.000751558
0.000760453
0.000760436
0.000760389
0.00076031
0.000760197
0.000760051
0.000759875
0.000759667
0.00075943
0.000759165
0.000758873
0.000758556
0.000758214
0.000757849
0.000757461
0.000757051
0.000756621
0.000756171
0.000755703
0.000755217
0.000754716
0.0007542
0.000753672
0.000753134
0.000752588
0.000761085
0.000761069
0.000761023
0.000760945
0.000760835
0.000760694
0.000760522
0.00076032
0.00076009
0.000759834
0.000759552
0.000759246
0.000758918
0.000758568
0.000758198
0.000757808
0.000757399
0.000756973
0.00075653
0.000756073
0.000755601
0.000755118
0.000754624
0.000754122
0.000753614
0.000761727
0.000761711
0.000761667
0.000761591
0.000761484
0.000761346
0.000761178
0.000760983
0.00076076
0.000760512
0.00076024
0.000759946
0.000759632
0.000759297
0.000758943
0.000758572
0.000758184
0.00075778
0.000757362
0.000756931
0.000756488
0.000756035
0.000755574
0.000755106
0.000754633
0.000762375
0.00076236
0.000762317
0.000762243
0.000762139
0.000762005
0.000761843
0.000761653
0.000761437
0.000761198
0.000760936
0.000760653
0.000760351
0.000760031
0.000759694
0.00075934
0.000758972
0.00075859
0.000758196
0.00075779
0.000757374
0.00075695
0.000756519
0.000756083
0.000755644
0.000763028
0.000763013
0.000762972
0.000762901
0.0007628
0.00076267
0.000762512
0.000762328
0.000762119
0.000761888
0.000761636
0.000761364
0.000761075
0.000760768
0.000760447
0.000760111
0.000759762
0.0007594
0.000759028
0.000758646
0.000758256
0.000757859
0.000757456
0.00075705
0.000756643
0.000763683
0.00076367
0.00076363
0.000763561
0.000763463
0.000763337
0.000763184
0.000763006
0.000762804
0.000762581
0.000762338
0.000762077
0.0007618
0.000761507
0.0007612
0.000760881
0.00076055
0.000760208
0.000759857
0.000759498
0.000759131
0.00075876
0.000758384
0.000758007
0.000757629
0.000764339
0.000764326
0.000764289
0.000764222
0.000764128
0.000764005
0.000763857
0.000763685
0.00076349
0.000763275
0.000763041
0.00076279
0.000762524
0.000762244
0.000761952
0.000761648
0.000761334
0.000761011
0.00076068
0.000760342
0.000759999
0.000759651
0.000759301
0.00075895
0.0007586
0.000764993
0.000764982
0.000764946
0.000764882
0.000764791
0.000764673
0.00076453
0.000764363
0.000764174
0.000763967
0.000763742
0.000763501
0.000763246
0.000762979
0.0007627
0.000762411
0.000762114
0.000761808
0.000761496
0.000761178
0.000760856
0.000760531
0.000760205
0.000759879
0.000759554
0.000765644
0.000765635
0.000765601
0.00076554
0.000765452
0.000765338
0.000765199
0.000765038
0.000764856
0.000764656
0.000764439
0.000764208
0.000763963
0.000763708
0.000763442
0.000763168
0.000762885
0.000762597
0.000762302
0.000762003
0.000761702
0.000761398
0.000761094
0.000760791
0.00076049
0.00076629
0.000766282
0.000766251
0.000766193
0.000766108
0.000765998
0.000765864
0.000765708
0.000765533
0.00076534
0.000765131
0.000764909
0.000764675
0.00076443
0.000764177
0.000763916
0.000763648
0.000763375
0.000763097
0.000762816
0.000762533
0.00076225
0.000761966
0.000761685
0.000761406
0.00076693
0.000766924
0.000766895
0.00076684
0.000766759
0.000766653
0.000766523
0.000766373
0.000766204
0.000766017
0.000765816
0.000765603
0.000765378
0.000765145
0.000764903
0.000764654
0.0007644
0.000764142
0.00076388
0.000763616
0.00076335
0.000763085
0.000762821
0.00076256
0.000762302
0.000767562
0.000767558
0.000767532
0.00076748
0.000767402
0.0007673
0.000767176
0.00076703
0.000766867
0.000766687
0.000766493
0.000766288
0.000766073
0.000765849
0.000765618
0.000765382
0.00076514
0.000764896
0.000764648
0.0007644
0.000764151
0.000763903
0.000763657
0.000763415
0.000763176
0.000768185
0.000768183
0.00076816
0.000768111
0.000768037
0.000767939
0.000767819
0.000767679
0.000767521
0.000767348
0.000767161
0.000766964
0.000766757
0.000766542
0.000766322
0.000766096
0.000765867
0.000765635
0.000765401
0.000765167
0.000764934
0.000764702
0.000764473
0.000764248
0.000764028
0.000768797
0.000768798
0.000768778
0.000768733
0.000768663
0.000768569
0.000768453
0.000768318
0.000768166
0.000767998
0.000767818
0.000767628
0.000767429
0.000767223
0.000767012
0.000766797
0.000766579
0.000766359
0.000766138
0.000765918
0.000765698
0.000765482
0.000765268
0.000765059
0.000764856
0.000769398
0.000769402
0.000769386
0.000769344
0.000769278
0.000769188
0.000769077
0.000768947
0.000768799
0.000768638
0.000768464
0.00076828
0.000768089
0.000767891
0.000767689
0.000767483
0.000767275
0.000767066
0.000766857
0.000766649
0.000766443
0.00076624
0.000766041
0.000765847
0.000765659
0.000769986
0.000769994
0.000769982
0.000769944
0.000769882
0.000769796
0.00076969
0.000769564
0.000769421
0.000769265
0.000769097
0.000768919
0.000768735
0.000768544
0.00076835
0.000768153
0.000767954
0.000767756
0.000767557
0.000767361
0.000767167
0.000766977
0.000766791
0.000766611
0.000766437
0.000770561
0.000770572
0.000770565
0.000770532
0.000770474
0.000770393
0.00077029
0.000770169
0.000770031
0.000769879
0.000769716
0.000769545
0.000769366
0.000769182
0.000768995
0.000768806
0.000768616
0.000768426
0.000768238
0.000768052
0.000767869
0.00076769
0.000767517
0.00076735
0.00076719
0.000771121
0.000771138
0.000771136
0.000771107
0.000771053
0.000770977
0.000770878
0.000770761
0.000770628
0.00077048
0.000770322
0.000770155
0.000769982
0.000769804
0.000769623
0.000769441
0.000769259
0.000769077
0.000768898
0.000768721
0.000768548
0.00076838
0.000768218
0.000768063
0.000767915
0.000771668
0.000771689
0.000771693
0.000771669
0.00077162
0.000771548
0.000771454
0.000771341
0.000771211
0.000771067
0.000770913
0.00077075
0.000770582
0.000770409
0.000770234
0.000770058
0.000769882
0.000769708
0.000769536
0.000769368
0.000769204
0.000769046
0.000768894
0.00076875
0.000768613
0.000772199
0.000772227
0.000772237
0.000772219
0.000772175
0.000772107
0.000772017
0.000771907
0.00077178
0.00077164
0.000771489
0.00077133
0.000771165
0.000770996
0.000770826
0.000770655
0.000770485
0.000770317
0.000770152
0.000769991
0.000769836
0.000769686
0.000769544
0.000769409
0.000769282
0.000772715
0.00077275
0.000772767
0.000772756
0.000772717
0.000772653
0.000772567
0.00077246
0.000772336
0.000772198
0.00077205
0.000771893
0.000771731
0.000771565
0.000771398
0.000771231
0.000771066
0.000770903
0.000770744
0.00077059
0.000770442
0.0007703
0.000770166
0.00077004
0.000769923
0.000773216
0.00077326
0.000773285
0.00077328
0.000773247
0.000773187
0.000773104
0.000773
0.000772878
0.000772742
0.000772595
0.000772439
0.000772279
0.000772116
0.000771951
0.000771787
0.000771625
0.000771467
0.000771313
0.000771164
0.000771022
0.000770887
0.000770761
0.000770643
0.000770534
0.000773703
0.000773756
0.000773791
0.000773793
0.000773766
0.00077371
0.00077363
0.000773528
0.000773407
0.000773271
0.000773124
0.000772969
0.000772809
0.000772646
0.000772483
0.000772321
0.000772162
0.000772006
0.000771856
0.000771712
0.000771575
0.000771447
0.000771326
0.000771216
0.000771115
0.000774175
0.00077424
0.000774286
0.000774297
0.000774275
0.000774223
0.000774145
0.000774043
0.000773922
0.000773785
0.000773637
0.000773481
0.00077332
0.000773157
0.000772993
0.000772832
0.000772674
0.000772521
0.000772373
0.000772233
0.000772101
0.000771977
0.000771862
0.000771758
0.000771665
0.000774635
0.000774713
0.000774773
0.000774792
0.000774776
0.000774728
0.00077465
0.000774548
0.000774425
0.000774285
0.000774134
0.000773975
0.000773812
0.000773646
0.000773482
0.00077332
0.000773162
0.000773009
0.000772864
0.000772726
0.000772597
0.000772477
0.000772368
0.000772269
0.000772182
0.000775083
0.000775179
0.000775253
0.000775282
0.000775272
0.000775225
0.000775147
0.000775042
0.000774915
0.000774771
0.000774615
0.000774451
0.000774283
0.000774114
0.000773946
0.000773782
0.000773623
0.000773471
0.000773326
0.00077319
0.000773063
0.000772947
0.000772842
0.000772748
0.000772666
0.000775524
0.000775639
0.000775731
0.00077577
0.000775765
0.000775719
0.000775639
0.000775528
0.000775394
0.000775243
0.000775079
0.000774908
0.000774734
0.000774559
0.000774387
0.000774219
0.000774058
0.000773904
0.000773759
0.000773624
0.000773499
0.000773385
0.000773283
0.000773194
0.000773117
0.00077596
0.000776099
0.000776211
0.000776262
0.00077626
0.000776213
0.000776126
0.000776007
0.000775863
0.000775701
0.000775527
0.000775346
0.000775163
0.00077498
0.000774802
0.000774629
0.000774464
0.000774308
0.000774162
0.000774026
0.000773902
0.00077379
0.000773691
0.000773605
0.000773533
0.000776397
0.000776566
0.000776702
0.000776764
0.000776763
0.00077671
0.000776612
0.00077648
0.000776321
0.000776144
0.000775956
0.000775762
0.000775568
0.000775376
0.000775189
0.00077501
0.00077484
0.000774681
0.000774532
0.000774396
0.000774272
0.000774161
0.000774064
0.000773981
0.000773913
0.000776844
0.00077705
0.000777213
0.000777285
0.00077728
0.000777215
0.000777101
0.000776948
0.000776769
0.000776573
0.000776366
0.000776156
0.000775948
0.000775744
0.000775548
0.000775361
0.000775185
0.000775021
0.00077487
0.000774732
0.000774607
0.000774497
0.000774402
0.000774322
0.000774257
0.000777313
0.000777565
0.000777759
0.000777836
0.000777821
0.000777734
0.000777593
0.000777413
0.000777206
0.000776984
0.000776755
0.000776526
0.0007763
0.000776083
0.000775875
0.000775679
0.000775496
0.000775327
0.000775172
0.000775032
0.000774907
0.000774797
0.000774703
0.000774625
0.000774563
0.000777826
0.000778133
0.00077836
0.000778434
0.000778394
0.000778273
0.000778093
0.000777874
0.000777631
0.000777376
0.00077712
0.000776866
0.000776622
0.000776388
0.000776168
0.000775963
0.000775772
0.000775598
0.000775439
0.000775296
0.00077517
0.00077506
0.000774967
0.00077489
0.00077483
0.000778418
0.000778789
0.000779046
0.000779099
0.000779013
0.000778836
0.000778599
0.000778328
0.000778038
0.000777745
0.000777455
0.000777175
0.000776909
0.000776658
0.000776425
0.000776209
0.000776011
0.00077583
0.000775668
0.000775523
0.000775395
0.000775285
0.000775192
0.000775117
0.000775059
0.00077915
0.000779586
0.000779856
0.000779855
0.000779688
0.000779425
0.00077911
0.000778769
0.000778422
0.000778082
0.000777755
0.000777445
0.000777156
0.000776888
0.000776641
0.000776415
0.00077621
0.000776024
0.000775858
0.00077571
0.000775581
0.000775471
0.000775379
0.000775304
0.000775249
0.000780138
0.000780612
0.000780847
0.000780731
0.000780428
0.000780039
0.000779616
0.000779188
0.000778772
0.000778378
0.000778011
0.000777671
0.000777359
0.000777074
0.000776814
0.000776579
0.000776367
0.000776177
0.000776007
0.000775858
0.000775728
0.000775617
0.000775526
0.000775453
0.000775398
0.000781587
0.000781999
0.000782092
0.000781754
0.000781232
0.000780662
0.000780098
0.000779564
0.000779071
0.000778621
0.000778213
0.000777844
0.000777511
0.000777211
0.000776941
0.000776698
0.000776481
0.000776287
0.000776116
0.000775965
0.000775835
0.000775724
0.000775633
0.000775561
0.000775508
0.000783851
0.000783942
0.000783663
0.000782928
0.000782076
0.00078126
0.000780525
0.000779873
0.0007793
0.000778795
0.00077835
0.000777956
0.000777607
0.000777296
0.000777018
0.000776771
0.00077655
0.000776355
0.000776182
0.000776032
0.000775902
0.000775792
0.000775702
0.000775631
0.000775579
0.000787853
0.000786854
0.000785615
0.000784187
0.000782871
0.000781758
0.000780835
0.000780068
0.000779423
0.000778876
0.000778405
0.000777996
0.000777638
0.000777322
0.000777042
0.000776793
0.000776573
0.000776378
0.000776206
0.000776057
0.000775928
0.000775819
0.00077573
0.00077566
0.000775609
0.000796796
0.000791651
0.000787883
0.000785322
0.000783435
0.000782013
0.000780929
0.000780082
0.000779401
0.000778837
0.00077836
0.000777951
0.000777595
0.000777282
0.000777006
0.000776762
0.000776545
0.000776353
0.000776185
0.000776038
0.000775911
0.000775804
0.000775716
0.000775648
0.000775597
0.000814614
0.000798148
0.000789967
0.000786075
0.000783655
0.000781999
0.000780826
0.000779954
0.000779272
0.000778717
0.000778252
0.000777855
0.000777509
0.000777206
0.000776938
0.0007767
0.000776489
0.000776302
0.000776137
0.000775993
0.000775869
0.000775765
0.000775679
0.000775611
0.000775562
-0.0414695
-0.0404244
-0.0386169
-0.0360957
-0.0330541
-0.0296936
-0.0261501
-0.0225674
-0.0191014
-0.0159016
-0.0130627
-0.0106206
-0.00856962
-0.00688576
-0.00553696
-0.00446405
-0.00362325
-0.0029729
-0.00247313
-0.00209119
-0.00180124
-0.00158391
-0.00142451
-0.00130875
-0.00123465
-0.0364629
-0.0350089
-0.0324719
-0.0290973
-0.0254428
-0.0218116
-0.0183279
-0.0150821
-0.0121648
-0.00965972
-0.00760081
-0.00597978
-0.00472793
-0.00375411
-0.00304827
-0.00251773
-0.00210675
-0.00179683
-0.00156282
-0.00138531
-0.00124964
-0.00114695
-0.00107192
-0.00101729
-0.000980514
-0.0278385
-0.0262797
-0.02367
-0.0203741
-0.017042
-0.0139389
-0.0111306
-0.00865392
-0.00659458
-0.00500168
-0.00381796
-0.0029582
-0.00234108
-0.00189598
-0.00157911
-0.00135708
-0.00120446
-0.00108706
-0.000987196
-0.000905268
-0.000848004
-0.000810626
-0.000786466
-0.000773101
-0.000765928
-0.0189803
-0.0173492
-0.0149219
-0.0121552
-0.00957053
-0.0074245
-0.00566319
-0.00423596
-0.00313773
-0.00234774
-0.00181695
-0.00146171
-0.00122066
-0.00105277
-0.00093037
-0.00083783
-0.000766267
-0.00071175
-0.000667037
-0.000629421
-0.000601107
-0.000583881
-0.000578706
-0.000584807
-0.000594376
-0.012031
-0.0102935
-0.00807283
-0.00598338
-0.00432019
-0.00308103
-0.00219522
-0.00159716
-0.00121616
-0.000974172
-0.000844033
-0.00075954
-0.000699708
-0.000650586
-0.000604868
-0.000561064
-0.000520097
-0.000483656
-0.000452678
-0.000428762
-0.000413244
-0.00040751
-0.000411909
-0.00042572
-0.000441072
-0.0074368
-0.00582938
-0.00391087
-0.00224316
-0.00119046
-0.000607996
-0.000332418
-0.000243303
-0.000250398
-0.000297126
-0.000342049
-0.000374834
-0.000392283
-0.000394868
-0.000385019
-0.000366435
-0.000343704
-0.000320509
-0.000299894
-0.000284261
-0.000275442
-0.000274299
-0.000281071
-0.000294852
-0.000309387
-0.00423785
-0.00303954
-0.00161296
-0.000443595
0.000258704
0.000558027
0.000564065
0.00040808
0.000229131
6.94502e-05
-4.92666e-05
-0.000129483
-0.000179178
-0.000205625
-0.000214945
-0.000213505
-0.00020508
-0.000193342
-0.000181678
-0.000172754
-0.000168347
-0.000169203
-0.000175448
-0.000186384
-0.000197581
-0.00188194
-0.00105859
-9.55153e-05
0.0006233
0.000998891
0.00109176
0.000987226
0.000775021
0.000539857
0.000338675
0.000186172
7.74837e-05
4.08333e-06
-4.22285e-05
-6.95624e-05
-8.34451e-05
-8.7726e-05
-8.65008e-05
-8.29889e-05
-7.98113e-05
-7.87858e-05
-8.08289e-05
-8.61384e-05
-9.43818e-05
-0.000102719
-0.000375915
0.000160034
0.000765784
0.00117685
0.00135239
0.0013362
0.0011901
0.000975656
0.000745916
0.00053991
0.000375342
0.000253014
0.000165489
0.000103337
6.0787e-05
3.37809e-05
1.77523e-05
9.16455e-06
4.92827e-06
2.59547e-06
3.12152e-07
-3.02917e-06
-7.87894e-06
-1.42945e-05
-2.05436e-05
0.000479267
0.000814899
0.00117264
0.00137554
0.00142452
0.00135865
0.00121799
0.00103837
0.000847398
0.000666302
0.000511759
0.000390086
0.000296011
0.000226739
0.00017513
0.000138134
0.000112694
9.58678e-05
8.49251e-05
7.76154e-05
7.21035e-05
6.71814e-05
6.22011e-05
5.68103e-05
5.19657e-05
0.000908545
0.00112039
0.00131851
0.00140064
0.00138172
0.00129362
0.00116571
0.00101936
0.000868531
0.000723406
0.000592595
0.000481873
0.000393118
0.000322286
0.000267636
0.000226048
0.000195074
0.00017268
0.000156883
0.000145678
0.000137431
0.000130965
0.000125559
0.000120709
0.000116827
0.0011015
0.0012334
0.0013328
0.00135219
0.00130369
0.00121161
0.00109791
0.000976641
0.000855608
0.000739647
0.000632732
0.000538545
0.000459383
0.000393019
0.000339065
0.000296607
0.000263848
0.000238867
0.000220222
0.000206499
0.000196336
0.000188688
0.000182877
0.000178379
0.000175229
0.00117293
0.00125001
0.00129211
0.00127969
0.00122176
0.00113516
0.00103578
0.000933539
0.000833521
0.000738346
0.000649962
0.000570375
0.000501383
0.000442837
0.000393138
0.000352255
0.000319602
0.000294633
0.000274958
0.000260058
0.000248885
0.000240575
0.000234566
0.000230409
0.000227894
0.00117674
0.00122
0.00123069
0.00120393
0.00114665
0.00106972
0.000984025
0.000896879
0.000812189
0.000731851
0.000657122
0.000589256
0.000529515
0.0004782
0.000433827
0.000396322
0.000365506
0.000340911
0.000321698
0.000306794
0.000295411
0.000286956
0.000281011
0.000277259
0.000275349
0.00114717
0.00117023
0.0011651
0.00113341
0.00108112
0.00101486
0.000941777
0.000867206
0.000794417
0.0007252
0.000660701
0.000601932
0.000549852
0.000504789
0.000465453
0.000431708
0.000403445
0.000380356
0.00036192
0.000347448
0.00033646
0.0003283
0.000322627
0.000319366
0.000318059
0.0011047
0.00111538
0.00110282
0.00107109
0.00102503
0.000968658
0.00090664
0.000842814
0.000779905
0.000719664
0.000663282
0.000611694
0.00056578
0.000526344
0.000491206
0.000460974
0.000435383
0.000414185
0.000396999
0.000383364
0.000372857
0.000365081
0.00035981
0.000357171
0.000356475
0.00105938
0.00106221
0.00104679
0.0010172
0.000977195
0.000929296
0.000876667
0.000822095
0.000767764
0.000715258
0.000665734
0.000620092
0.000579009
0.000542845
0.000512484
0.00048572
0.000462759
0.000443531
0.000427765
0.000415141
0.000405338
0.000398108
0.000393346
0.000391086
0.000390946
0.00101611
0.00101342
0.000997548
0.000970801
0.00093618
0.000895453
0.000850847
0.000804363
0.000757653
0.000712037
0.000668579
0.000628167
0.000591522
0.000559177
0.000531466
0.000507347
0.000486643
0.00046925
0.000454905
0.000443371
0.000434397
0.0004278
0.000423559
0.000421771
0.000421998
0.000974592
0.000970843
0.000954901
0.000930712
0.000900942
0.000866635
0.000829208
0.000789978
0.000750107
0.000710632
0.000672499
0.000636581
0.000603636
0.00057431
0.000549045
0.000527037
0.000508143
0.00049233
0.000479234
0.000468682
0.000460479
0.000454498
0.000450774
0.000449467
0.000450071
0.000927357
0.000929101
0.000915421
0.000894984
0.000870124
0.000841634
0.000810629
0.000778025
0.000744602
0.000711095
0.000678238
0.000646768
0.000617395
0.000590839
0.00056793
0.000547223
0.000529435
0.000514497
0.000502059
0.000492005
0.000484205
0.00047859
0.000475249
0.000474397
0.000475424
0.000875614
0.000888594
0.000882522
0.000868497
0.000849083
0.000825728
0.00079941
0.000770935
0.000741086
0.000710689
0.000680606
0.000651702
0.000624753
0.000600256
0.000578191
0.000560915
0.000545457
0.000532386
0.000521634
0.00051303
0.000506396
0.000501625
0.00049877
0.00049806
0.000498936
0.000842094
0.000850364
0.000848121
0.000838288
0.000823252
0.000804509
0.000783044
0.000759605
0.000734858
0.000709461
0.000684089
0.000659427
0.000636128
0.000614822
0.00059622
0.000579111
0.000564476
0.000552077
0.000541774
0.000533456
0.000527019
0.000522412
0.000519734
0.000519234
0.000520307
0.000821404
0.000825488
0.000823546
0.000816037
0.0008041
0.000788778
0.000770901
0.000751142
0.000730094
0.000708326
0.000686412
0.000664934
0.000644455
0.000625498
0.00060849
0.000593306
0.000580042
0.000568706
0.000559256
0.000551621
0.000545728
0.00054155
0.000539192
0.000538898
0.000540084
0.000806065
0.000807313
0.000804875
0.000798507
0.000788623
0.000775828
0.000760719
0.000743842
0.000725715
0.000706845
0.000687749
0.000668941
0.000650916
0.00063412
0.000618898
0.000605324
0.000593395
0.000583169
0.00057465
0.000567797
0.000562559
0.000558918
0.000556972
0.000556942
0.000558251
0.000793703
0.000793193
0.000790168
0.000784323
0.000775766
0.00076482
0.000751883
0.000737374
0.000721716
0.000705345
0.000688707
0.000672246
0.00065639
0.000641526
0.000627959
0.000615798
0.000605088
0.000595908
0.000588291
0.000582222
0.000577671
0.000574622
0.00057316
0.00057348
0.000574983
0.000783454
0.000781864
0.000778411
0.000772865
0.000765228
0.000755668
0.000744446
0.000731871
0.000718281
0.000704036
0.000689509
0.000675078
0.000661108
0.000647937
0.000635838
0.000624945
0.000615339
0.00060712
0.000600348
0.000595037
0.000591176
0.000588759
0.000587864
0.000588661
0.000590487
0.000774888
0.000772631
0.000768926
0.000763615
0.000756671
0.000748185
0.00073833
0.000727333
0.00071546
0.000703001
0.000690266
0.000677572
0.00066523
0.000653531
0.000642722
0.00063295
0.000624324
0.000616963
0.000610951
0.000606334
0.000603134
0.000601366
0.000601128
0.000602599
0.000604952
0.000767699
0.000765037
0.000761215
0.000756127
0.000749745
0.000742121
0.000733375
0.000723676
0.00071323
0.000702272
0.000691055
0.000679843
0.000668899
0.000658473
0.000648785
0.000639988
0.000632209
0.00062558
0.000620207
0.000616174
0.000613546
0.000612389
0.000612895
0.000615433
0.000618894
0.000761658
0.000758762
0.000754919
0.000750056
0.000744153
0.000737244
0.000729415
0.000720795
0.000711544
0.00070185
0.00069192
0.000681972
0.000672226
0.000662895
0.000654172
0.000646209
0.000639138
0.000633096
0.000628206
0.000624582
0.000622335
0.000621609
0.000622806
0.000627147
0.000634077
0.000756583
0.000753569
0.00074977
0.000745137
0.000739657
0.000733356
0.0007263
0.000718586
0.000710341
0.000701717
0.000692881
0.000684012
0.000675292
0.000666901
0.000659005
0.000651742
0.000645244
0.000639638
0.000635042
0.000631572
0.000629345
0.000628535
0.000629742
0.000634995
0.00064691
0.000752329
0.000749276
0.000745565
0.000741164
0.000736066
0.000730293
0.000723896
0.000716953
0.000709563
0.00070185
0.000693947
0.000686
0.000678161
0.000670577
0.000663386
0.00065671
0.000650667
0.000645358
0.000640873
0.000637273
0.000634575
0.000632732
0.000631826
0.00063213
0.000631216
0.000748775
0.000745737
0.000742144
0.000737975
0.000733226
0.000727918
0.000722092
0.00071581
0.000709154
0.00070222
0.000695117
0.000687965
0.000680884
0.000673994
0.000667408
0.00066123
0.000655554
0.000650457
0.000645992
0.000642174
0.000638957
0.000636202
0.000633689
0.00063107
0.000626944
0.000745822
0.000742838
0.000739382
0.00073544
0.000731013
0.00072612
0.000720794
0.000715086
0.000709062
0.000702801
0.00069639
0.000689923
0.000683498
0.00067721
0.000671151
0.000665404
0.000660039
0.000655108
0.000650636
0.000646608
0.000642949
0.000639496
0.000635983
0.00063203
0.000626902
0.000743389
0.000740485
0.000737177
0.000733456
0.000729327
0.000724806
0.000719922
0.000714718
0.000709245
0.000703568
0.000697758
0.000691887
0.000686035
0.000680277
0.000674683
0.000669317
0.000664227
0.000659444
0.00065497
0.000650769
0.000646757
0.000642776
0.000638593
0.000633912
0.000628342
0.00074141
0.000738602
0.000735447
0.00073194
0.000728087
0.000723903
0.000719413
0.000714652
0.000709664
0.000704499
0.000699213
0.000693867
0.000688522
0.000683234
0.000678059
0.000673038
0.000668204
0.000663567
0.000659112
0.000654791
0.00065051
0.00064613
0.000641459
0.000636285
0.000630426
0.000739827
0.000737126
0.000734125
0.000730823
0.000727227
0.00072335
0.000719213
0.000714847
0.000710287
0.000705574
0.000700753
0.000695873
0.000690979
0.000686116
0.000681322
0.000676625
0.000672038
0.000667558
0.000663156
0.00065877
0.000654304
0.000649627
0.00064458
0.000639018
0.000632851
0.000738594
0.000736005
0.000733157
0.000730051
0.000726693
0.000723096
0.000719279
0.000715267
0.000711089
0.000706779
0.000702374
0.000697911
0.000693425
0.00068895
0.00068451
0.000680122
0.000675785
0.000671484
0.000667175
0.000662789
0.000658221
0.000653337
0.00064799
0.000642057
0.0006355
0.000737667
0.000735194
0.000732497
0.000729577
0.000726442
0.000723102
0.000719576
0.000715883
0.000712049
0.000708101
0.00070407
0.000699984
0.000695871
0.000691755
0.000687651
0.000683566
0.000679491
0.000675398
0.000671236
0.000666925
0.000662347
0.000657355
0.000651783
0.000645489
0.000638418
0.000737011
0.000734656
0.000732106
0.000729363
0.000726435
0.000723333
0.000720072
0.000716669
0.000713147
0.000709528
0.000705836
0.000702095
0.000698327
0.000694547
0.000690767
0.000686986
0.000683189
0.000679344
0.000675394
0.000671249
0.00066678
0.000661811
0.000656131
0.000649525
0.000641811
0.000736595
0.000734357
0.000731949
0.000729375
0.000726642
0.00072376
0.000720742
0.000717605
0.000714366
0.000711046
0.000707665
0.000704242
0.000700794
0.000697335
0.00069387
0.000690397
0.000686901
0.00068335
0.000679687
0.000675823
0.000671619
0.000666868
0.000661293
0.000654545
0.0006461
0.00073639
0.000734268
0.000731998
0.000729584
0.000727033
0.000724355
0.000721562
0.000718669
0.000715691
0.000712646
0.00070955
0.000706422
0.000703275
0.00070012
0.000696964
0.000693806
0.000690633
0.000687422
0.000684128
0.000680678
0.000676949
0.000672728
0.00066769
0.000661327
0.000652243
0.000736373
0.000734364
0.000732226
0.000729964
0.000727585
0.000725097
0.000722513
0.000719844
0.000717106
0.000714314
0.000711483
0.000708628
0.000705764
0.0007029
0.000700045
0.000697202
0.000694369
0.000691535
0.000688683
0.000685785
0.000682776
0.000679539
0.000675924
0.000671722
0.000663983
0.00073652
0.000734622
0.000732612
0.000730494
0.000728276
0.000725966
0.000723574
0.000721114
0.000718597
0.000716039
0.000713452
0.000710853
0.000708253
0.000705665
0.0007031
0.000700566
0.000698071
0.000695624
0.000693243
0.00069096
0.000688834
0.000686986
0.000685886
0.000687344
0.000694046
0.000736813
0.000735022
0.000733134
0.000731153
0.000729086
0.000726943
0.000724731
0.000722463
0.000720152
0.000717809
0.00071545
0.000713087
0.000710734
0.000708404
0.000706111
0.000703867
0.00070169
0.000699601
0.000697636
0.000695856
0.000694365
0.00069334
0.000693256
0.000695288
0.000699608
0.000737234
0.000735547
0.000733775
0.000731924
0.00073
0.000728011
0.000725967
0.000723879
0.000721757
0.000719615
0.000717465
0.00071532
0.000713196
0.000711105
0.000709062
0.000707085
0.000705193
0.000703414
0.000701791
0.000700386
0.000699293
0.000698656
0.000698752
0.000700008
0.000701868
0.000737766
0.000736179
0.000734519
0.000732791
0.000731001
0.000729158
0.00072727
0.000725347
0.000723401
0.000721444
0.000719487
0.000717545
0.00071563
0.000713757
0.000711942
0.000710203
0.000708561
0.000707046
0.000705696
0.000704566
0.00070373
0.000703284
0.000703373
0.000704152
0.00070524
0.000738396
0.000736905
0.000735351
0.000733739
0.000732076
0.000730369
0.000728626
0.000726858
0.000725075
0.000723288
0.000721509
0.000719751
0.000718028
0.000716353
0.000714743
0.000713214
0.000711788
0.000710491
0.000709358
0.000708431
0.000707763
0.000707414
0.000707457
0.000707948
0.000708656
0.000739111
0.000737712
0.000736259
0.000734757
0.000733212
0.000731632
0.000730025
0.0007284
0.000726767
0.000725137
0.000723522
0.000721933
0.000720384
0.000718887
0.000717459
0.000716115
0.000714873
0.000713758
0.000712796
0.00071202
0.000711464
0.000711163
0.000711151
0.000711442
0.000711885
0.000739898
0.000738587
0.00073723
0.000735832
0.000734398
0.000732937
0.000731456
0.000729964
0.00072847
0.000726984
0.000725519
0.000724084
0.000722692
0.000721356
0.000720088
0.000718905
0.000717822
0.000716857
0.000716032
0.00071537
0.000714892
0.000714618
0.00071456
0.000714715
0.000714986
0.000740747
0.00073952
0.000738254
0.000736954
0.000735625
0.000734275
0.000732911
0.000731542
0.000730176
0.000728824
0.000727494
0.000726199
0.000724949
0.000723756
0.000722631
0.000721588
0.00072064
0.000719801
0.000719087
0.000718514
0.000718095
0.000717839
0.000717749
0.000717818
0.000717981
0.00074165
0.000740502
0.000739322
0.000738114
0.000736883
0.000735637
0.000734382
0.000733126
0.000731879
0.000730648
0.000729443
0.000728275
0.000727153
0.000726087
0.000725089
0.000724168
0.000723336
0.000722603
0.000721981
0.00072148
0.000721108
0.000720868
0.000720759
0.000720773
0.000720869
0.000742596
0.000741524
0.000740425
0.000739304
0.000738165
0.000737015
0.000735861
0.000734711
0.000733572
0.000732452
0.000731361
0.000730308
0.000729301
0.000728349
0.000727462
0.000726649
0.000725916
0.000725274
0.000724729
0.000724288
0.000723956
0.000723732
0.000723613
0.000723594
0.000723647
0.000743578
0.000742579
0.000741556
0.000740516
0.000739463
0.000738403
0.000737343
0.00073629
0.000735251
0.000734233
0.000733246
0.000732296
0.000731393
0.000730543
0.000729755
0.000729035
0.00072839
0.000727825
0.000727346
0.000726957
0.000726659
0.000726451
0.00072633
0.000726291
0.000726315
0.00074459
0.000743658
0.000742708
0.000741744
0.000740771
0.000739796
0.000738822
0.000737859
0.000736911
0.000735987
0.000735094
0.000734238
0.000733428
0.000732669
0.000731969
0.000731332
0.000730763
0.000730266
0.000729844
0.0007295
0.000729233
0.000729041
0.000728922
0.000728871
0.000728877
0.000745625
0.000744757
0.000743875
0.000742983
0.000742085
0.000741187
0.000740294
0.000739413
0.00073855
0.000737711
0.000736903
0.000736133
0.000735407
0.00073473
0.000734107
0.000733543
0.000733041
0.000732603
0.000732232
0.000731927
0.000731688
0.000731513
0.000731398
0.000731341
0.000731336
0.000746677
0.00074587
0.000745052
0.000744226
0.000743398
0.000742572
0.000741754
0.000740949
0.000740163
0.000739402
0.000738673
0.00073798
0.000737329
0.000736725
0.000736172
0.000735673
0.00073523
0.000734845
0.000734517
0.000734248
0.000734035
0.000733876
0.000733767
0.000733708
0.000733695
0.000747741
0.000746991
0.000746233
0.00074547
0.000744707
0.000743948
0.000743199
0.000742464
0.000741749
0.00074106
0.000740401
0.000739778
0.000739195
0.000738657
0.000738166
0.000737725
0.000737335
0.000736996
0.000736708
0.00073647
0.000736281
0.000736137
0.000736036
0.000735977
0.000735958
0.000748813
0.000748117
0.000747414
0.00074671
0.000746007
0.000745311
0.000744625
0.000743955
0.000743305
0.000742681
0.000742087
0.000741527
0.000741006
0.000740527
0.000740092
0.000739702
0.000739359
0.000739062
0.000738809
0.0007386
0.000738432
0.000738303
0.00073821
0.000738152
0.00073813
0.000749889
0.000749243
0.000748593
0.000747943
0.000747296
0.000746658
0.000746031
0.00074542
0.00074483
0.000744266
0.00074373
0.000743228
0.000742763
0.000742337
0.000741952
0.000741609
0.000741307
0.000741047
0.000740826
0.000740642
0.000740494
0.000740379
0.000740294
0.000740238
0.000740214
0.000750964
0.000750365
0.000749764
0.000749165
0.000748571
0.000747986
0.000747413
0.000746858
0.000746323
0.000745812
0.000745331
0.000744881
0.000744466
0.000744088
0.000743748
0.000743446
0.000743183
0.000742955
0.000742763
0.000742603
0.000742473
0.00074237
0.000742292
0.000742239
0.000742214
0.000752036
0.000751481
0.000750927
0.000750375
0.000749829
0.000749293
0.000748771
0.000748266
0.000747781
0.000747321
0.000746888
0.000746486
0.000746116
0.000745782
0.000745482
0.000745218
0.000744988
0.00074479
0.000744623
0.000744484
0.000744371
0.00074428
0.00074421
0.000744159
0.000744134
0.000753102
0.000752589
0.000752076
0.000751569
0.000751068
0.000750578
0.000750102
0.000749643
0.000749205
0.00074879
0.000748402
0.000748043
0.000747715
0.000747419
0.000747157
0.000746926
0.000746726
0.000746556
0.000746412
0.000746292
0.000746193
0.000746113
0.00074605
0.000746002
0.000745976
0.000754159
0.000753684
0.000753212
0.000752745
0.000752286
0.000751839
0.000751405
0.000750989
0.000750593
0.00075022
0.000749872
0.000749553
0.000749262
0.000749002
0.000748773
0.000748572
0.0007484
0.000748254
0.00074813
0.000748027
0.000747942
0.000747873
0.000747816
0.000747771
0.000747745
0.000755204
0.000754765
0.00075433
0.000753902
0.000753482
0.000753073
0.000752679
0.000752302
0.000751945
0.00075161
0.0007513
0.000751016
0.00075076
0.000750532
0.000750332
0.000750159
0.000750012
0.000749887
0.000749782
0.000749695
0.000749622
0.000749561
0.00074951
0.000749468
0.000749443
0.000756236
0.000755831
0.00075543
0.000755037
0.000754653
0.000754281
0.000753923
0.000753582
0.000753261
0.000752961
0.000752684
0.000752433
0.000752208
0.000752009
0.000751837
0.000751689
0.000751563
0.000751458
0.00075137
0.000751296
0.000751235
0.000751182
0.000751136
0.000751097
0.000751072
0.000757252
0.000756879
0.000756511
0.00075615
0.000755799
0.000755461
0.000755136
0.000754829
0.00075454
0.000754272
0.000754027
0.000753805
0.000753608
0.000753436
0.000753288
0.000753162
0.000753056
0.000752969
0.000752896
0.000752835
0.000752783
0.000752738
0.000752697
0.00075266
0.000752636
0.000758251
0.000757907
0.000757569
0.000757239
0.000756919
0.000756612
0.000756318
0.000756041
0.000755783
0.000755544
0.000755327
0.000755132
0.000754961
0.000754813
0.000754687
0.000754581
0.000754494
0.000754422
0.000754362
0.000754313
0.00075427
0.000754231
0.000754195
0.00075416
0.000754135
0.000759232
0.000758915
0.000758605
0.000758303
0.000758012
0.000757733
0.000757468
0.000757219
0.000756988
0.000756776
0.000756585
0.000756415
0.000756267
0.000756141
0.000756035
0.000755947
0.000755876
0.000755819
0.000755771
0.000755732
0.000755697
0.000755664
0.000755631
0.000755598
0.000755573
0.000760193
0.000759901
0.000759617
0.000759342
0.000759077
0.000758824
0.000758586
0.000758363
0.000758157
0.00075797
0.000757802
0.000757655
0.000757528
0.000757421
0.000757334
0.000757263
0.000757206
0.000757161
0.000757125
0.000757094
0.000757066
0.000757039
0.000757009
0.000756977
0.000756952
0.000761132
0.000760865
0.000760604
0.000760353
0.000760113
0.000759885
0.00075967
0.000759471
0.000759289
0.000759124
0.000758978
0.000758852
0.000758744
0.000758655
0.000758584
0.000758528
0.000758485
0.000758451
0.000758424
0.000758402
0.00075838
0.000758357
0.00075833
0.000758299
0.000758274
0.00076205
0.000761804
0.000761566
0.000761338
0.00076112
0.000760914
0.000760722
0.000760545
0.000760384
0.00076024
0.000760114
0.000760006
0.000759916
0.000759844
0.000759787
0.000759745
0.000759713
0.00075969
0.000759672
0.000759656
0.00075964
0.000759621
0.000759596
0.000759566
0.00075954
0.000762944
0.000762719
0.000762501
0.000762294
0.000762097
0.000761912
0.000761741
0.000761584
0.000761443
0.000761318
0.00076121
0.000761119
0.000761046
0.000760988
0.000760945
0.000760914
0.000760894
0.00076088
0.000760869
0.00076086
0.000760848
0.000760832
0.000760809
0.000760779
0.000760752
0.000763814
0.000763608
0.000763409
0.000763221
0.000763044
0.000762878
0.000762726
0.000762588
0.000762465
0.000762357
0.000762266
0.000762192
0.000762133
0.000762089
0.000762058
0.000762038
0.000762027
0.000762022
0.000762018
0.000762014
0.000762006
0.000761992
0.000761971
0.000761941
0.000761912
0.000764659
0.00076447
0.00076429
0.00076412
0.00076396
0.000763812
0.000763678
0.000763557
0.000763451
0.00076336
0.000763284
0.000763224
0.000763178
0.000763147
0.000763128
0.000763118
0.000763116
0.000763117
0.00076312
0.00076312
0.000763115
0.000763104
0.000763082
0.000763052
0.000763022
0.000765479
0.000765306
0.000765142
0.000764988
0.000764845
0.000764714
0.000764596
0.000764491
0.000764401
0.000764325
0.000764263
0.000764217
0.000764184
0.000764164
0.000764155
0.000764154
0.00076416
0.000764168
0.000764175
0.00076418
0.000764178
0.000764167
0.000764146
0.000764114
0.000764082
0.000766271
0.000766114
0.000765965
0.000765827
0.0007657
0.000765584
0.000765481
0.000765391
0.000765315
0.000765253
0.000765205
0.000765171
0.00076515
0.00076514
0.00076514
0.000765148
0.000765161
0.000765175
0.000765187
0.000765195
0.000765195
0.000765185
0.000765163
0.00076513
0.000765095
0.000767037
0.000766893
0.000766759
0.000766635
0.000766522
0.000766421
0.000766332
0.000766257
0.000766194
0.000766145
0.00076611
0.000766087
0.000766077
0.000766077
0.000766086
0.000766102
0.000766121
0.00076614
0.000766156
0.000766166
0.000766168
0.000766158
0.000766136
0.000766099
0.000766062
0.000767775
0.000767644
0.000767523
0.000767413
0.000767313
0.000767226
0.00076715
0.000767088
0.000767038
0.000767001
0.000766977
0.000766966
0.000766965
0.000766975
0.000766992
0.000767015
0.00076704
0.000767064
0.000767084
0.000767096
0.000767099
0.000767089
0.000767064
0.000767025
0.000766984
0.000768485
0.000768366
0.000768257
0.000768159
0.000768072
0.000767997
0.000767934
0.000767884
0.000767846
0.000767821
0.000767809
0.000767807
0.000767817
0.000767835
0.000767861
0.00076789
0.000767921
0.000767949
0.000767972
0.000767986
0.000767989
0.000767978
0.000767951
0.000767908
0.000767862
0.000769165
0.000769057
0.00076896
0.000768874
0.000768799
0.000768735
0.000768684
0.000768646
0.00076862
0.000768606
0.000768604
0.000768613
0.000768632
0.000768659
0.000768692
0.000768728
0.000768764
0.000768796
0.000768822
0.000768838
0.000768841
0.000768828
0.000768799
0.00076875
0.000768699
0.000769816
0.000769718
0.000769632
0.000769556
0.000769492
0.00076944
0.000769401
0.000769373
0.000769358
0.000769355
0.000769364
0.000769382
0.000769411
0.000769446
0.000769487
0.000769529
0.000769571
0.000769608
0.000769636
0.000769653
0.000769655
0.000769641
0.000769607
0.000769553
0.000769495
0.000770436
0.000770348
0.000770271
0.000770206
0.000770153
0.000770112
0.000770083
0.000770066
0.000770062
0.000770069
0.000770088
0.000770117
0.000770154
0.000770198
0.000770247
0.000770296
0.000770343
0.000770384
0.000770416
0.000770434
0.000770435
0.000770418
0.00077038
0.000770319
0.000770253
0.000771025
0.000770946
0.000770878
0.000770823
0.00077078
0.000770749
0.00077073
0.000770724
0.00077073
0.000770748
0.000770777
0.000770816
0.000770863
0.000770916
0.000770973
0.000771029
0.000771083
0.000771128
0.000771163
0.000771182
0.000771183
0.000771163
0.000771119
0.000771049
0.000770975
0.000771582
0.000771511
0.000771452
0.000771406
0.000771372
0.000771351
0.000771343
0.000771347
0.000771364
0.000771392
0.000771432
0.000771481
0.000771538
0.0007716
0.000771666
0.00077173
0.00077179
0.000771842
0.00077188
0.0007719
0.0007719
0.000771877
0.000771827
0.000771747
0.000771661
0.000772106
0.000772043
0.000771992
0.000771955
0.00077193
0.000771918
0.00077192
0.000771935
0.000771962
0.000772001
0.000772051
0.000772111
0.000772178
0.000772251
0.000772326
0.0007724
0.000772468
0.000772526
0.000772569
0.000772592
0.000772591
0.000772564
0.000772506
0.000772415
0.000772316
0.000772597
0.000772541
0.000772498
0.000772468
0.000772452
0.00077245
0.000772461
0.000772486
0.000772524
0.000772574
0.000772635
0.000772706
0.000772785
0.00077287
0.000772956
0.00077304
0.000773118
0.000773184
0.000773233
0.000773259
0.000773259
0.000773228
0.000773162
0.000773056
0.000772941
0.000773054
0.000773004
0.000772968
0.000772946
0.000772938
0.000772945
0.000772966
0.000773001
0.000773049
0.00077311
0.000773184
0.000773267
0.000773359
0.000773456
0.000773555
0.000773652
0.000773741
0.000773817
0.000773875
0.000773906
0.000773908
0.000773873
0.000773798
0.000773676
0.000773541
0.000773475
0.000773431
0.000773401
0.000773387
0.000773387
0.000773402
0.000773433
0.000773478
0.000773537
0.00077361
0.000773696
0.000773792
0.000773898
0.000774009
0.000774123
0.000774235
0.000774339
0.000774429
0.000774497
0.000774538
0.000774543
0.000774506
0.000774421
0.000774279
0.00077412
0.000773859
0.000773821
0.000773798
0.00077379
0.000773798
0.000773822
0.000773861
0.000773917
0.000773987
0.000774072
0.000774171
0.000774281
0.000774402
0.00077453
0.000774661
0.000774791
0.000774913
0.000775021
0.000775105
0.000775158
0.000775171
0.000775134
0.000775039
0.000774874
0.000774686
0.000774207
0.000774173
0.000774156
0.000774155
0.00077417
0.000774202
0.00077425
0.000774316
0.000774397
0.000774494
0.000774607
0.000774733
0.00077487
0.000775017
0.000775168
0.000775319
0.000775464
0.000775595
0.000775701
0.000775773
0.000775799
0.000775767
0.000775663
0.000775471
0.000775247
0.000774517
0.000774488
0.000774475
0.00077448
0.000774502
0.000774542
0.000774599
0.000774674
0.000774766
0.000774876
0.000775003
0.000775144
0.0007753
0.000775467
0.000775642
0.000775819
0.000775992
0.000776153
0.000776289
0.000776389
0.000776437
0.000776418
0.000776309
0.000776087
0.000775817
0.000774788
0.000774762
0.000774755
0.000774765
0.000774793
0.00077484
0.000774905
0.00077499
0.000775093
0.000775215
0.000775356
0.000775515
0.00077569
0.00077588
0.000776081
0.000776289
0.000776496
0.000776694
0.000776872
0.000777012
0.000777097
0.000777103
0.000776998
0.000776743
0.000776418
0.000775019
0.000774997
0.000774994
0.000775009
0.000775043
0.000775096
0.000775169
0.000775262
0.000775375
0.000775509
0.000775664
0.00077584
0.000776035
0.00077625
0.00077648
0.000776723
0.000776972
0.000777219
0.00077745
0.000777648
0.000777789
0.000777842
0.000777758
0.000777475
0.000777085
0.000775211
0.000775192
0.000775192
0.000775211
0.00077525
0.000775309
0.000775388
0.000775489
0.000775611
0.000775756
0.000775925
0.000776117
0.000776333
0.000776572
0.000776834
0.000777116
0.000777414
0.00077772
0.000778021
0.000778299
0.000778527
0.000778662
0.000778633
0.000778336
0.000777882
0.000775363
0.000775346
0.000775349
0.000775371
0.000775414
0.000775477
0.000775562
0.000775669
0.000775799
0.000775954
0.000776134
0.000776341
0.000776577
0.000776841
0.000777136
0.00077746
0.000777812
0.000778187
0.000778577
0.000778964
0.000779319
0.000779591
0.000779678
0.000779416
0.000778923
0.000775474
0.00077546
0.000775464
0.000775489
0.000775535
0.000775601
0.00077569
0.000775802
0.000775938
0.0007761
0.00077629
0.00077651
0.000776762
0.000777049
0.000777374
0.00077774
0.00077815
0.000778604
0.0007791
0.00077963
0.000780166
0.000780656
0.000780965
0.000780845
0.000780415
0.000775546
0.000775533
0.000775539
0.000775565
0.000775612
0.000775681
0.000775772
0.000775887
0.000776027
0.000776194
0.00077639
0.000776619
0.000776883
0.000777188
0.000777539
0.000777943
0.000778408
0.000778944
0.000779559
0.000780259
0.000781042
0.000781864
0.00078257
0.000782822
0.000782712
0.000775577
0.000775564
0.000775571
0.000775598
0.000775646
0.000775715
0.000775806
0.000775922
0.000776063
0.000776231
0.000776429
0.000776662
0.000776933
0.000777247
0.000777615
0.000778045
0.000778554
0.000779161
0.000779892
0.000780781
0.000781861
0.000783147
0.000784545
0.000785758
0.000786739
0.000775566
0.000775554
0.000775561
0.000775587
0.000775634
0.000775702
0.000775791
0.000775905
0.000776043
0.000776208
0.000776404
0.000776633
0.000776901
0.000777214
0.000777582
0.000778019
0.000778545
0.00077919
0.000780001
0.000781051
0.000782441
0.000784298
0.000786829
0.000790571
0.000795697
0.00077553
0.000775518
0.000775524
0.000775549
0.000775594
0.00077566
0.000775747
0.000775856
0.00077599
0.00077615
0.00077634
0.000776561
0.00077682
0.000777123
0.00077748
0.000777905
0.000778422
0.000779068
0.000779905
0.000781044
0.000782668
0.000785057
0.00078892
0.000797076
0.000813524
0.000612924
0.00060573
0.000602483
0.000598684
0.00059454
0.000590233
0.000585756
0.000581121
0.000576358
0.000571497
0.00056656
0.000561564
0.000556522
0.000551445
0.00054634
0.000541214
0.000536072
0.00053092
0.00052576
0.000520596
0.00051543
0.000510265
0.000505101
0.000499939
0.000494782
0.000489628
0.000484478
0.000479333
0.000474191
0.000469054
0.00046392
0.000458789
0.000453661
0.000448536
0.000443413
0.000438292
0.000433172
0.000428053
0.000422934
0.000417816
0.000412698
0.00040758
0.000402462
0.000397342
0.000392222
0.0003871
0.000381978
0.000376853
0.000371727
0.000366599
0.000361469
0.000356338
0.000351204
0.000346067
0.000340929
0.000335787
0.000330644
0.000325498
0.000320349
0.000315198
0.000310045
0.000304888
0.000299729
0.000294568
0.000289404
0.000284237
0.000279067
0.000273896
0.000268721
0.000263544
0.000258365
0.000253183
0.000247999
0.000242812
0.000237623
0.000232432
0.000227238
0.000222043
0.000216845
0.000211645
0.000206444
0.00020124
0.000196034
0.000190827
0.000185618
0.000180407
0.000175194
0.00016998
0.000164764
0.000159547
0.000154328
0.000149108
0.000143887
0.000138664
0.00013344
0.000128215
0.000122989
0.000117762
0.000112533
0.000107304
0.000102074
9.68433e-05
9.16117e-05
8.63793e-05
8.11462e-05
7.59124e-05
7.06781e-05
6.54432e-05
6.02077e-05
5.49719e-05
4.97356e-05
4.44989e-05
3.92618e-05
3.40245e-05
2.8787e-05
2.35492e-05
1.83113e-05
1.30732e-05
7.83493e-06
2.60902e-06
0.00061688
0.000609213
0.000604425
0.000600033
0.000595545
0.00059097
0.000586297
0.000581523
0.00057666
0.000571725
0.000566733
0.000561694
0.00055662
0.000551517
0.000546393
0.000541252
0.000536099
0.000530939
0.000525773
0.000520604
0.000515435
0.000510268
0.000505102
0.00049994
0.000494782
0.000489628
0.000484478
0.000479332
0.000474191
0.000469053
0.000463919
0.000458789
0.000453661
0.000448536
0.000443413
0.000438291
0.000433171
0.000428053
0.000422934
0.000417816
0.000412699
0.00040758
0.000402462
0.000397343
0.000392222
0.000387101
0.000381978
0.000376854
0.000371728
0.0003666
0.00036147
0.000356338
0.000351204
0.000346068
0.000340929
0.000335788
0.000330645
0.000325499
0.00032035
0.000315199
0.000310045
0.000304889
0.00029973
0.000294568
0.000289404
0.000284237
0.000279068
0.000273896
0.000268722
0.000263545
0.000258365
0.000253183
0.000247999
0.000242813
0.000237624
0.000232432
0.000227239
0.000222043
0.000216846
0.000211646
0.000206444
0.00020124
0.000196035
0.000190827
0.000185618
0.000180407
0.000175194
0.00016998
0.000164764
0.000159547
0.000154328
0.000149108
0.000143887
0.000138664
0.00013344
0.000128215
0.000122989
0.000117762
0.000112534
0.000107304
0.000102074
9.68435e-05
9.16118e-05
8.63794e-05
8.11463e-05
7.59126e-05
7.06782e-05
6.54433e-05
6.02079e-05
5.4972e-05
4.97356e-05
4.44989e-05
3.92619e-05
3.40246e-05
2.8787e-05
2.35492e-05
1.83112e-05
1.3073e-05
7.8346e-06
2.60896e-06
0.000619242
0.000612324
0.000606823
0.000601798
0.000596869
0.000591966
0.000587049
0.000582095
0.000577099
0.000572064
0.000566994
0.000561897
0.000556776
0.000551637
0.000546484
0.000541321
0.000536151
0.000530977
0.000525801
0.000520625
0.00051545
0.000510278
0.00050511
0.000499945
0.000494785
0.00048963
0.000484479
0.000479333
0.000474191
0.000469054
0.00046392
0.000458789
0.000453661
0.000448536
0.000443413
0.000438292
0.000433172
0.000428053
0.000422934
0.000417817
0.000412699
0.000407581
0.000402462
0.000397343
0.000392223
0.000387101
0.000381978
0.000376854
0.000371728
0.0003666
0.000361471
0.000356339
0.000351205
0.000346068
0.00034093
0.000335789
0.000330645
0.000325499
0.000320351
0.000315199
0.000310046
0.000304889
0.00029973
0.000294569
0.000289405
0.000284238
0.000279069
0.000273897
0.000268722
0.000263545
0.000258366
0.000253184
0.000248
0.000242813
0.000237624
0.000232433
0.000227239
0.000222044
0.000216846
0.000211646
0.000206444
0.000201241
0.000196035
0.000190828
0.000185618
0.000180407
0.000175195
0.00016998
0.000164765
0.000159547
0.000154329
0.000149108
0.000143887
0.000138664
0.00013344
0.000128215
0.000122989
0.000117762
0.000112534
0.000107305
0.000102075
9.68437e-05
9.1612e-05
8.63796e-05
8.11464e-05
7.59127e-05
7.06783e-05
6.54434e-05
6.02079e-05
5.4972e-05
4.97357e-05
4.4499e-05
3.92619e-05
3.40246e-05
2.8787e-05
2.35492e-05
1.83112e-05
1.30729e-05
7.8345e-06
2.60889e-06
0.000621501
0.000614916
0.000609043
0.000603564
0.000598264
0.000593062
0.000587906
0.000582766
0.000577626
0.000572479
0.000567322
0.000562155
0.000556979
0.000551796
0.000546608
0.000541417
0.000536225
0.000531034
0.000525844
0.000520658
0.000515475
0.000510297
0.000505123
0.000499955
0.000494793
0.000489636
0.000484483
0.000479336
0.000474194
0.000469055
0.000463921
0.00045879
0.000453662
0.000448537
0.000443413
0.000438292
0.000433172
0.000428053
0.000422935
0.000417817
0.000412699
0.000407581
0.000402462
0.000397343
0.000392223
0.000387101
0.000381979
0.000376854
0.000371728
0.000366601
0.000361471
0.000356339
0.000351205
0.000346069
0.00034093
0.000335789
0.000330645
0.000325499
0.000320351
0.0003152
0.000310046
0.00030489
0.000299731
0.000294569
0.000289405
0.000284238
0.000279069
0.000273897
0.000268722
0.000263545
0.000258366
0.000253184
0.000248
0.000242813
0.000237624
0.000232433
0.00022724
0.000222044
0.000216846
0.000211646
0.000206445
0.000201241
0.000196035
0.000190828
0.000185618
0.000180407
0.000175195
0.000169981
0.000164765
0.000159547
0.000154329
0.000149109
0.000143887
0.000138664
0.000133441
0.000128215
0.000122989
0.000117762
0.000112534
0.000107305
0.000102075
9.68437e-05
9.1612e-05
8.63796e-05
8.11465e-05
7.59127e-05
7.06783e-05
6.54434e-05
6.02079e-05
5.4972e-05
4.97357e-05
4.4499e-05
3.92619e-05
3.40246e-05
2.8787e-05
2.35492e-05
1.83111e-05
1.30729e-05
7.83448e-06
2.60887e-06
0.000623843
0.000617292
0.000611133
0.000605299
0.000599684
0.000594212
0.000588827
0.000583502
0.000578216
0.000572952
0.000567701
0.000562459
0.000557221
0.000551989
0.000546761
0.000541537
0.000536319
0.000531107
0.0005259
0.000520701
0.000515508
0.000510322
0.000505142
0.00049997
0.000494804
0.000489644
0.00048449
0.000479341
0.000474197
0.000469058
0.000463923
0.000458792
0.000453663
0.000448538
0.000443414
0.000438293
0.000433172
0.000428053
0.000422935
0.000417817
0.000412699
0.000407581
0.000402462
0.000397343
0.000392223
0.000387101
0.000381979
0.000376854
0.000371728
0.0003666
0.000361471
0.000356339
0.000351205
0.000346068
0.00034093
0.000335789
0.000330645
0.000325499
0.000320351
0.000315199
0.000310046
0.000304889
0.00029973
0.000294569
0.000289405
0.000284238
0.000279069
0.000273897
0.000268722
0.000263545
0.000258366
0.000253184
0.000248
0.000242813
0.000237624
0.000232433
0.000227239
0.000222044
0.000216846
0.000211646
0.000206444
0.000201241
0.000196035
0.000190828
0.000185618
0.000180407
0.000175195
0.00016998
0.000164765
0.000159547
0.000154329
0.000149108
0.000143887
0.000138664
0.00013344
0.000128215
0.000122989
0.000117762
0.000112534
0.000107305
0.000102075
9.68436e-05
9.16119e-05
8.63795e-05
8.11464e-05
7.59126e-05
7.06782e-05
6.54433e-05
6.02079e-05
5.4972e-05
4.97356e-05
4.44989e-05
3.92619e-05
3.40245e-05
2.87869e-05
2.35491e-05
1.83111e-05
1.30729e-05
7.83448e-06
2.60886e-06
0.000626177
0.000619476
0.000613051
0.000606925
0.000601048
0.000595344
0.00058975
0.000584255
0.000578831
0.000573454
0.00056811
0.00056279
0.000557489
0.000552203
0.000546932
0.000541673
0.000536426
0.00053119
0.000525965
0.000520751
0.000515547
0.000510352
0.000505165
0.000499987
0.000494817
0.000489654
0.000484498
0.000479347
0.000474202
0.000469062
0.000463926
0.000458794
0.000453665
0.000448539
0.000443415
0.000438293
0.000433173
0.000428054
0.000422935
0.000417817
0.000412699
0.000407581
0.000402462
0.000397343
0.000392223
0.000387101
0.000381978
0.000376854
0.000371728
0.0003666
0.00036147
0.000356338
0.000351204
0.000346068
0.000340929
0.000335788
0.000330645
0.000325499
0.00032035
0.000315199
0.000310045
0.000304889
0.00029973
0.000294568
0.000289404
0.000284237
0.000279068
0.000273896
0.000268722
0.000263545
0.000258365
0.000253183
0.000247999
0.000242812
0.000237624
0.000232432
0.000227239
0.000222043
0.000216846
0.000211646
0.000206444
0.00020124
0.000196035
0.000190827
0.000185618
0.000180407
0.000175194
0.00016998
0.000164764
0.000159547
0.000154328
0.000149108
0.000143887
0.000138664
0.00013344
0.000128215
0.000122989
0.000117762
0.000112533
0.000107304
0.000102074
9.68434e-05
9.16117e-05
8.63793e-05
8.11462e-05
7.59125e-05
7.06781e-05
6.54432e-05
6.02077e-05
5.49718e-05
4.97355e-05
4.44988e-05
3.92618e-05
3.40245e-05
2.87869e-05
2.35491e-05
1.8311e-05
1.30728e-05
7.83446e-06
2.60885e-06
0.000628462
0.000621441
0.000614738
0.000608377
0.000602273
0.000596364
0.000590612
0.000584981
0.000579437
0.000573956
0.000568524
0.000563128
0.000557764
0.000552425
0.000547109
0.000541814
0.000536538
0.000531278
0.000526034
0.000520805
0.000515588
0.000510384
0.00050519
0.000500007
0.000494832
0.000489666
0.000484507
0.000479354
0.000474207
0.000469066
0.000463929
0.000458796
0.000453667
0.000448541
0.000443416
0.000438294
0.000433174
0.000428054
0.000422936
0.000417817
0.000412699
0.000407581
0.000402462
0.000397342
0.000392222
0.0003871
0.000381978
0.000376853
0.000371727
0.000366599
0.000361469
0.000356337
0.000351203
0.000346067
0.000340928
0.000335787
0.000330643
0.000325497
0.000320349
0.000315198
0.000310044
0.000304888
0.000299729
0.000294567
0.000289403
0.000284236
0.000279067
0.000273895
0.000268721
0.000263544
0.000258364
0.000253182
0.000247998
0.000242812
0.000237623
0.000232431
0.000227238
0.000222042
0.000216845
0.000211645
0.000206443
0.00020124
0.000196034
0.000190826
0.000185617
0.000180406
0.000175194
0.000169979
0.000164764
0.000159546
0.000154328
0.000149108
0.000143886
0.000138664
0.00013344
0.000128215
0.000122988
0.000117761
0.000112533
0.000107304
0.000102074
9.68431e-05
9.16114e-05
8.6379e-05
8.11459e-05
7.59122e-05
7.06779e-05
6.5443e-05
6.02075e-05
5.49717e-05
4.97354e-05
4.44987e-05
3.92616e-05
3.40243e-05
2.87868e-05
2.3549e-05
1.8311e-05
1.30728e-05
7.83443e-06
2.60884e-06
0.000630713
0.00062319
0.00061617
0.000609575
0.000603295
0.000597249
0.00059138
0.000585642
0.00058
0.00057443
0.000568919
0.000563454
0.00055803
0.000552641
0.000547283
0.000541953
0.000536648
0.000531365
0.000526102
0.000520858
0.00051563
0.000510416
0.000505215
0.000500026
0.000494847
0.000489678
0.000484516
0.000479361
0.000474213
0.000469071
0.000463933
0.000458799
0.000453669
0.000448542
0.000443418
0.000438295
0.000433174
0.000428055
0.000422936
0.000417817
0.000412699
0.00040758
0.000402461
0.000397342
0.000392221
0.0003871
0.000381977
0.000376852
0.000371726
0.000366598
0.000361468
0.000356336
0.000351202
0.000346065
0.000340927
0.000335786
0.000330642
0.000325496
0.000320347
0.000315196
0.000310043
0.000304886
0.000299727
0.000294566
0.000289402
0.000284235
0.000279066
0.000273894
0.000268719
0.000263542
0.000258363
0.000253181
0.000247997
0.00024281
0.000237621
0.00023243
0.000227237
0.000222041
0.000216844
0.000211644
0.000206442
0.000201239
0.000196033
0.000190826
0.000185616
0.000180405
0.000175193
0.000169979
0.000164763
0.000159546
0.000154327
0.000149107
0.000143886
0.000138663
0.000133439
0.000128214
0.000122988
0.000117761
0.000112533
0.000107303
0.000102073
9.68427e-05
9.1611e-05
8.63787e-05
8.11456e-05
7.59119e-05
7.06775e-05
6.54427e-05
6.02073e-05
5.49714e-05
4.97351e-05
4.44985e-05
3.92615e-05
3.40242e-05
2.87866e-05
2.35489e-05
1.83109e-05
1.30727e-05
7.8344e-06
2.60884e-06
0.000632977
0.000624693
0.000617324
0.000610538
0.000604127
0.000597984
0.000592032
0.000586214
0.000580494
0.000574851
0.000569272
0.000563747
0.000558271
0.000552837
0.000547441
0.000542079
0.000536748
0.000531444
0.000526165
0.000520907
0.000515668
0.000510446
0.000505239
0.000500045
0.000494862
0.000489689
0.000484525
0.000479369
0.000474219
0.000469076
0.000463937
0.000458803
0.000453672
0.000448544
0.000443419
0.000438296
0.000433175
0.000428055
0.000422936
0.000417817
0.000412699
0.00040758
0.000402461
0.000397341
0.00039222
0.000387099
0.000381975
0.000376851
0.000371725
0.000366597
0.000361467
0.000356334
0.0003512
0.000346064
0.000340925
0.000335784
0.00033064
0.000325494
0.000320346
0.000315195
0.000310041
0.000304885
0.000299726
0.000294564
0.0002894
0.000284233
0.000279064
0.000273892
0.000268718
0.000263541
0.000258361
0.00025318
0.000247995
0.000242809
0.00023762
0.000232429
0.000227235
0.00022204
0.000216842
0.000211643
0.000206441
0.000201237
0.000196032
0.000190824
0.000185615
0.000180404
0.000175192
0.000169978
0.000164762
0.000159545
0.000154326
0.000149106
0.000143885
0.000138662
0.000133438
0.000128213
0.000122987
0.00011776
0.000112532
0.000107303
0.000102073
9.68421e-05
9.16105e-05
8.63782e-05
8.11452e-05
7.59115e-05
7.06772e-05
6.54423e-05
6.0207e-05
5.49711e-05
4.97349e-05
4.44982e-05
3.92613e-05
3.4024e-05
2.87865e-05
2.35488e-05
1.83108e-05
1.30727e-05
7.83435e-06
2.60883e-06
0.000635225
0.000625794
0.00061812
0.000611229
0.000604753
0.000598564
0.000592565
0.000586692
0.000580913
0.00057521
0.000569574
0.000563998
0.000558476
0.000553003
0.000547574
0.000542185
0.000536832
0.000531511
0.000526217
0.000520948
0.000515701
0.000510472
0.000505259
0.000500061
0.000494875
0.0004897
0.000484534
0.000479376
0.000474225
0.00046908
0.000463941
0.000458806
0.000453675
0.000448546
0.000443421
0.000438298
0.000433176
0.000428056
0.000422936
0.000417817
0.000412699
0.00040758
0.00040246
0.00039734
0.00039222
0.000387098
0.000381974
0.00037685
0.000371723
0.000366595
0.000361465
0.000356333
0.000351199
0.000346062
0.000340923
0.000335782
0.000330639
0.000325492
0.000320344
0.000315193
0.000310039
0.000304883
0.000299724
0.000294562
0.000289398
0.000284231
0.000279062
0.00027389
0.000268716
0.000263539
0.00025836
0.000253178
0.000247994
0.000242807
0.000237618
0.000232427
0.000227234
0.000222038
0.000216841
0.000211641
0.00020644
0.000201236
0.00019603
0.000190823
0.000185614
0.000180403
0.000175191
0.000169976
0.000164761
0.000159544
0.000154325
0.000149105
0.000143884
0.000138661
0.000133437
0.000128212
0.000122986
0.000117759
0.000112531
0.000107302
0.000102072
9.68415e-05
9.161e-05
8.63777e-05
8.11447e-05
7.5911e-05
7.06768e-05
6.54419e-05
6.02066e-05
5.49708e-05
4.97346e-05
4.4498e-05
3.9261e-05
3.40238e-05
2.87863e-05
2.35486e-05
1.83107e-05
1.30726e-05
7.83433e-06
2.60884e-06
0.000636768
0.00062584
0.000618308
0.000611562
0.000605151
0.000598994
0.000592992
0.000587089
0.000581264
0.000575511
0.000569825
0.000564203
0.000558641
0.000553134
0.000547678
0.000542267
0.000536896
0.000531561
0.000526256
0.000520979
0.000515725
0.000510491
0.000505275
0.000500073
0.000494885
0.000489708
0.000484541
0.000479382
0.00047423
0.000469085
0.000463944
0.000458809
0.000453677
0.000448549
0.000443423
0.000438299
0.000433177
0.000428056
0.000422937
0.000417817
0.000412698
0.000407579
0.00040246
0.00039734
0.000392219
0.000387097
0.000381973
0.000376848
0.000371722
0.000366594
0.000361463
0.000356331
0.000351197
0.00034606
0.000340922
0.00033578
0.000330637
0.000325491
0.000320342
0.000315191
0.000310037
0.000304881
0.000299722
0.00029456
0.000289396
0.000284229
0.00027906
0.000273888
0.000268714
0.000263537
0.000258358
0.000253176
0.000247992
0.000242805
0.000237617
0.000232426
0.000227232
0.000222037
0.000216839
0.00021164
0.000206438
0.000201235
0.000196029
0.000190822
0.000185613
0.000180402
0.000175189
0.000169975
0.00016476
0.000159543
0.000154324
0.000149104
0.000143883
0.00013866
0.000133437
0.000128212
0.000122986
0.000117759
0.000112531
0.000107302
0.000102072
9.6841e-05
9.16094e-05
8.63772e-05
8.11442e-05
7.59106e-05
7.06763e-05
6.54415e-05
6.02063e-05
5.49705e-05
4.97343e-05
4.44977e-05
3.92608e-05
3.40236e-05
2.87862e-05
2.35485e-05
1.83107e-05
1.30727e-05
7.83439e-06
2.60889e-06
0.000635694
0.000624472
0.000618119
0.00061166
0.000605359
0.000599276
0.000593297
0.000587381
0.000581524
0.000575731
0.000570006
0.000564348
0.000558755
0.000553223
0.000547746
0.000542318
0.000536935
0.000531591
0.000526279
0.000520997
0.000515739
0.000510502
0.000505284
0.000500081
0.000494892
0.000489714
0.000484546
0.000479386
0.000474234
0.000469088
0.000463947
0.000458811
0.000453679
0.00044855
0.000443424
0.0004383
0.000433178
0.000428057
0.000422937
0.000417818
0.000412698
0.000407579
0.000402459
0.000397339
0.000392218
0.000387096
0.000381972
0.000376847
0.000371721
0.000366592
0.000361462
0.00035633
0.000351196
0.000346059
0.00034092
0.000335779
0.000330635
0.000325489
0.00032034
0.000315189
0.000310036
0.000304879
0.00029972
0.000294559
0.000289395
0.000284228
0.000279059
0.000273887
0.000268712
0.000263536
0.000258356
0.000253175
0.000247991
0.000242804
0.000237615
0.000232424
0.000227231
0.000222036
0.000216838
0.000211639
0.000206437
0.000201233
0.000196028
0.000190821
0.000185612
0.000180401
0.000175188
0.000169974
0.000164759
0.000159542
0.000154323
0.000149103
0.000143882
0.00013866
0.000133436
0.000128211
0.000122985
0.000117758
0.00011253
0.000107301
0.000102071
9.68405e-05
9.1609e-05
8.63767e-05
8.11438e-05
7.59102e-05
7.0676e-05
6.54412e-05
6.0206e-05
5.49702e-05
4.97341e-05
4.44975e-05
3.92606e-05
3.40235e-05
2.87861e-05
2.35484e-05
1.83107e-05
1.30728e-05
7.8347e-06
2.60895e-06
)
;

boundaryField
{
    frontWall
    {
        type            empty;
    }
    backWall
    {
        type            empty;
    }
    sideWall
    {
        type            zeroGradient;
    }
    outlet
    {
        type            fixedValue;
        value           uniform 0;
    }
    inlet
    {
        type            zeroGradient;
    }
}


// ************************************************************************* //
