/*--------------------------------*- C++ -*----------------------------------*\
  =========                 |
  \\      /  F ield         | OpenFOAM: The Open Source CFD Toolbox
   \\    /   O peration     | Website:  https://openfoam.org
    \\  /    A nd           | Version:  13
     \\/     M anipulation  |
\*---------------------------------------------------------------------------*/
FoamFile
{
    format      ascii;
    class       volScalarField;
    location    "6";
    object      p;
}
// * * * * * * * * * * * * * * * * * * * * * * * * * * * * * * * * * * * * * //

dimensions      [0 2 -2 0 0 0 0];

internalField   nonuniform List<scalar> 
6440
(
0.000521435
0.000521402
0.000521326
0.000521212
0.000521062
0.000520886
0.0005207
0.000520516
0.000520349
0.000520216
0.000520133
0.000520111
0.00052016
0.000520284
0.000520486
0.000520755
0.000521081
0.00052145
0.00052185
0.000522269
0.000522705
0.00052316
0.000523627
0.000524116
0.000524565
0.000521636
0.000521601
0.000521521
0.000521398
0.000521234
0.00052104
0.000520822
0.000520592
0.000520367
0.000520161
0.000519995
0.000519882
0.000519837
0.000519872
0.000519994
0.00052021
0.000520522
0.000520932
0.000521441
0.000522039
0.000522718
0.000523474
0.000524276
0.000525103
0.000525867
0.00052195
0.000521905
0.00052181
0.000521663
0.000521468
0.00052123
0.000520962
0.000520671
0.000520373
0.000520084
0.000519825
0.000519614
0.000519472
0.000519418
0.00051947
0.000519645
0.000519958
0.000520424
0.000521037
0.000521794
0.000522682
0.000523682
0.000524746
0.000525807
0.000526736
0.000522379
0.00052232
0.000522205
0.000522029
0.000521795
0.000521512
0.000521188
0.000520832
0.000520459
0.000520089
0.000519742
0.000519443
0.000519216
0.000519084
0.000519077
0.000519221
0.000519532
0.000520029
0.000520718
0.00052159
0.000522631
0.000523811
0.000525072
0.000526319
0.000527383
0.000522937
0.000522865
0.000522728
0.000522522
0.000522248
0.000521915
0.000521535
0.000521118
0.000520676
0.000520231
0.000519803
0.000519421
0.000519115
0.000518911
0.00051884
0.00051893
0.00051921
0.000519712
0.000520439
0.000521383
0.000522525
0.000523842
0.000525271
0.000526689
0.000527893
0.000523637
0.000523551
0.000523393
0.000523157
0.000522845
0.000522466
0.000522031
0.000521551
0.000521044
0.000520526
0.000520026
0.000519568
0.000519182
0.000518898
0.00051875
0.000518772
0.000518997
0.000519454
0.000520181
0.000521159
0.000522374
0.000523802
0.000525381
0.000526965
0.000528315
0.00052448
0.000524381
0.000524203
0.000523936
0.000523587
0.000523163
0.000522677
0.000522142
0.000521574
0.000520992
0.00052042
0.000519883
0.000519413
0.000519042
0.000518806
0.000518743
0.000518892
0.000519285
0.000519959
0.000520942
0.000522203
0.000523725
0.000525445
0.000527197
0.000528697
0.000525463
0.000525353
0.000525155
0.000524859
0.000524474
0.000524008
0.000523473
0.000522886
0.000522261
0.000521615
0.000520972
0.00052036
0.000519806
0.000519344
0.000519012
0.000518851
0.000518903
0.00051921
0.000519812
0.000520765
0.000522048
0.000523646
0.000525498
0.000527418
0.000529074
0.000526582
0.000526461
0.000526245
0.000525923
0.000525503
0.000524998
0.00052442
0.000523782
0.0005231
0.000522392
0.000521682
0.000520994
0.000520359
0.000519807
0.000519376
0.000519107
0.000519049
0.00051925
0.00051976
0.00052065
0.000521931
0.000523588
0.000525562
0.000527658
0.000529473
0.000527827
0.000527698
0.000527468
0.000527127
0.000526679
0.000526137
0.000525515
0.000524827
0.00052409
0.000523322
0.000522545
0.000521786
0.000521071
0.000520431
0.000519901
0.000519523
0.000519345
0.000519424
0.000519821
0.000520623
0.00052187
0.000523563
0.000525652
0.000527914
0.000529898
0.000529187
0.000529052
0.000528811
0.000528453
0.000527984
0.000527411
0.000526751
0.000526019
0.000525232
0.000524407
0.000523566
0.000522737
0.000521945
0.00052122
0.000520595
0.000520107
0.000519805
0.000519751
0.000520019
0.000520708
0.000521877
0.000523574
0.000525762
0.000528194
0.000530349
0.000530649
0.000530511
0.000530263
0.000529893
0.000529408
0.000528815
0.000528127
0.00052736
0.00052653
0.000525656
0.000524756
0.000523857
0.000522987
0.000522181
0.000521463
0.000520865
0.000520441
0.000520252
0.000520378
0.000520911
0.000521969
0.000523626
0.000525883
0.000528476
0.000530806
0.000532197
0.000532059
0.00053181
0.000531437
0.000530946
0.000530344
0.000529644
0.000528858
0.000527999
0.000527087
0.000526137
0.000525171
0.000524223
0.000523323
0.000522503
0.000521797
0.000521252
0.000520926
0.000520899
0.000521274
0.000522173
0.000523719
0.000526008
0.000528738
0.000531231
0.000533811
0.000533679
0.000533435
0.000533069
0.000532585
0.000531994
0.000531296
0.000530513
0.000529644
0.00052871
0.000527725
0.000526703
0.000525674
0.000524676
0.000523745
0.000522921
0.000522245
0.000521774
0.000521582
0.000521777
0.000522505
0.000523918
0.000526103
0.00052892
0.000531534
0.000535472
0.00053535
0.000535118
0.000534767
0.000534304
0.000533748
0.000533081
0.000532315
0.000531464
0.000530537
0.000529541
0.000528488
0.000527392
0.000526292
0.000525241
0.000524277
0.00052345
0.000522816
0.000522446
0.000522445
0.000522958
0.000524159
0.000526176
0.000528911
0.000531539
0.000537152
0.000537042
0.000536832
0.000536513
0.000536095
0.000535564
0.000534928
0.000534197
0.000533379
0.00053248
0.000531509
0.000530475
0.000529388
0.000528253
0.000527079
0.000525949
0.00052494
0.000524105
0.00052352
0.000523283
0.000523524
0.000524371
0.000526053
0.000528459
0.000530972
0.00053883
0.000538738
0.00053856
0.000538284
0.000537904
0.000537423
0.000536847
0.00053618
0.000535427
0.00053459
0.000533675
0.000532686
0.000531626
0.000530502
0.000529323
0.00052808
0.000526866
0.00052579
0.000524921
0.000524372
0.000524207
0.000524472
0.000525429
0.000527242
0.000529542
0.000540482
0.000540414
0.000540271
0.00054004
0.000539719
0.000539311
0.000538819
0.000538246
0.000537594
0.000536863
0.000536052
0.000535162
0.000534189
0.000533133
0.000531997
0.000530772
0.000529418
0.000528092
0.000526849
0.000525783
0.000524767
0.000524054
0.000524021
0.000524921
0.000526887
0.000542086
0.000542042
0.000541939
0.000541761
0.000541512
0.000541192
0.000540804
0.00054035
0.000539829
0.00053924
0.00053858
0.000537845
0.000537028
0.00053612
0.000535109
0.000533989
0.000532723
0.000531192
0.000529544
0.000527745
0.000525726
0.000523754
0.000522237
0.000521477
0.000522665
0.00054362
0.000543599
0.000543533
0.00054341
0.000543232
0.000543002
0.00054272
0.000542387
0.000542005
0.000541569
0.000541075
0.000540518
0.000539888
0.000539171
0.000538349
0.000537395
0.000536278
0.000534881
0.000533012
0.000530644
0.000527763
0.000524361
0.000520501
0.000516357
0.000513705
0.000545073
0.000545067
0.000545027
0.000544939
0.000544806
0.000544628
0.000544407
0.000544144
0.000543836
0.000543482
0.000543075
0.000542608
0.000542068
0.000541439
0.000540695
0.000539801
0.000538701
0.000537319
0.000535483
0.000532861
0.000529684
0.000525537
0.000519795
0.00051067
0.000493854
0.000546486
0.000546485
0.00054645
0.00054637
0.000546244
0.000546074
0.000545862
0.000545606
0.000545304
0.000544954
0.000544549
0.000544081
0.000543534
0.00054289
0.00054212
0.000541188
0.000540035
0.000538579
0.000536703
0.000534249
0.000530981
0.000526698
0.000520778
0.000512096
0.000499415
0.000547863
0.000547865
0.000547833
0.000547755
0.00054763
0.00054746
0.000547246
0.000546986
0.000546678
0.000546318
0.000545901
0.000545415
0.000544847
0.000544176
0.000543374
0.000542403
0.000541211
0.000539726
0.000537852
0.000535468
0.000532413
0.000528492
0.000523385
0.000516742
0.000508634
0.000549207
0.000549211
0.000549182
0.000549105
0.000548982
0.000548814
0.000548599
0.000548338
0.000548028
0.000547665
0.000547243
0.000546752
0.000546179
0.000545504
0.000544701
0.000543738
0.000542569
0.00054114
0.000539381
0.00053721
0.000534535
0.000531255
0.000527284
0.000522663
0.000517822
0.000550517
0.000550523
0.000550497
0.000550425
0.000550306
0.000550141
0.000549932
0.000549676
0.000549372
0.000549016
0.000548603
0.000548124
0.000547567
0.000546915
0.000546147
0.000545238
0.000544153
0.000542854
0.000541298
0.000539442
0.000537249
0.000534702
0.000531844
0.000528846
0.000526123
0.000551794
0.000551803
0.000551781
0.000551713
0.000551601
0.000551445
0.000551244
0.000551
0.000550709
0.00055037
0.000549978
0.000549525
0.000549003
0.000548397
0.000547694
0.000546872
0.000545912
0.00054479
0.000543486
0.000541988
0.000540298
0.000538451
0.00053654
0.000534756
0.000533416
0.000553038
0.00055305
0.000553033
0.000552972
0.000552868
0.000552723
0.000552536
0.000552308
0.000552038
0.000551724
0.000551362
0.000550948
0.000550475
0.000549934
0.000549314
0.000548604
0.000547793
0.000546871
0.000545836
0.000544696
0.000543479
0.000542241
0.000541089
0.000540189
0.000539773
0.00055425
0.000554265
0.000554253
0.0005542
0.000554107
0.000553976
0.000553806
0.000553599
0.000553355
0.000553072
0.00055275
0.000552384
0.000551972
0.000551507
0.000550984
0.000550398
0.000549746
0.00054903
0.000548258
0.000547452
0.00054665
0.000545918
0.000545353
0.00054509
0.000545297
0.000555429
0.000555447
0.000555442
0.000555398
0.000555318
0.000555202
0.000555053
0.000554871
0.000554657
0.000554411
0.000554133
0.000553822
0.000553477
0.000553095
0.000552675
0.000552218
0.000551726
0.000551208
0.000550681
0.000550171
0.000549722
0.000549395
0.000549275
0.000549468
0.000550095
0.000556575
0.000556597
0.000556598
0.000556564
0.000556498
0.0005564
0.000556273
0.000556119
0.000555938
0.000555733
0.000555503
0.000555251
0.000554977
0.000554681
0.000554365
0.000554034
0.000553695
0.000553361
0.000553052
0.000552797
0.000552638
0.000552631
0.000552844
0.00055336
0.000554266
0.000557687
0.000557713
0.000557721
0.000557698
0.000557646
0.000557568
0.000557465
0.00055734
0.000557195
0.000557031
0.000556853
0.000556661
0.000556458
0.000556247
0.000556033
0.000555821
0.000555624
0.000555455
0.000555335
0.000555294
0.00055537
0.000555609
0.000556069
0.000556811
0.0005579
0.000558765
0.000558794
0.000558809
0.000558797
0.000558761
0.000558703
0.000558625
0.00055853
0.000558421
0.000558301
0.000558173
0.000558041
0.000557908
0.000557779
0.00055766
0.000557559
0.000557489
0.000557464
0.000557506
0.000557641
0.000557903
0.000558331
0.00055897
0.000559867
0.00056107
0.000559807
0.000559839
0.000559862
0.000559861
0.000559841
0.000559803
0.000559751
0.000559686
0.000559614
0.000559536
0.000559458
0.000559383
0.000559317
0.000559264
0.000559233
0.000559232
0.000559273
0.000559373
0.000559549
0.000559827
0.000560234
0.000560804
0.000561571
0.000562571
0.00056384
0.000560812
0.000560848
0.000560878
0.000560889
0.000560884
0.000560867
0.000560839
0.000560805
0.000560768
0.000560731
0.000560701
0.000560681
0.000560676
0.000560694
0.000560742
0.000560829
0.000560967
0.00056117
0.000561457
0.000561849
0.000562368
0.000563042
0.000563898
0.000564963
0.000566262
0.000561781
0.00056182
0.000561857
0.000561879
0.000561889
0.000561891
0.000561888
0.000561883
0.00056188
0.000561883
0.000561897
0.000561927
0.000561979
0.000562061
0.000562178
0.000562342
0.000562562
0.000562852
0.000563229
0.000563709
0.000564312
0.00056506
0.000565975
0.000567076
0.000568382
0.000562711
0.000562754
0.000562797
0.00056283
0.000562855
0.000562876
0.000562896
0.000562918
0.000562947
0.000562986
0.000563042
0.000563118
0.000563222
0.000563359
0.000563537
0.000563766
0.000564055
0.000564416
0.000564863
0.000565411
0.000566077
0.000566876
0.000567826
0.000568943
0.000570237
0.000563603
0.000563649
0.000563698
0.000563741
0.00056378
0.000563819
0.000563861
0.000563909
0.000563967
0.00056404
0.000564133
0.000564251
0.000564399
0.000564586
0.000564816
0.0005651
0.000565445
0.000565863
0.000566365
0.000566964
0.000567673
0.000568505
0.000569473
0.000570589
0.000571861
0.000564456
0.000564505
0.00056456
0.000564612
0.000564664
0.000564719
0.000564781
0.000564853
0.000564938
0.000565042
0.000565168
0.000565323
0.000565511
0.000565739
0.000566014
0.000566343
0.000566734
0.000567196
0.00056774
0.000568375
0.000569113
0.000569963
0.000570936
0.00057204
0.00057328
0.00056527
0.000565321
0.000565381
0.000565442
0.000565506
0.000565577
0.000565657
0.00056575
0.00056586
0.00056599
0.000566146
0.000566333
0.000566555
0.000566819
0.00056713
0.000567496
0.000567923
0.000568419
0.000568993
0.000569653
0.000570407
0.000571265
0.000572232
0.000573315
0.000574518
0.000566045
0.000566098
0.000566162
0.000566231
0.000566306
0.00056639
0.000566487
0.000566599
0.000566731
0.000566885
0.000567067
0.000567281
0.000567532
0.000567825
0.000568166
0.000568561
0.000569016
0.000569537
0.000570131
0.000570806
0.000571568
0.000572423
0.000573378
0.000574434
0.000575596
0.00056678
0.000566835
0.000566904
0.000566979
0.000567063
0.00056716
0.000567272
0.000567401
0.000567552
0.000567727
0.000567931
0.000568168
0.000568443
0.00056876
0.000569125
0.000569542
0.000570017
0.000570555
0.000571162
0.000571844
0.000572606
0.000573453
0.000574388
0.000575414
0.000576532
0.000567477
0.000567533
0.000567605
0.000567686
0.000567779
0.000567887
0.000568011
0.000568156
0.000568322
0.000568515
0.000568738
0.000568995
0.000569289
0.000569625
0.000570008
0.000570442
0.00057093
0.000571479
0.000572093
0.000572776
0.000573531
0.000574364
0.000575276
0.000576269
0.000577342
0.000568135
0.000568192
0.000568267
0.000568353
0.000568454
0.000568571
0.000568707
0.000568863
0.000569044
0.000569252
0.00056949
0.000569763
0.000570072
0.000570423
0.000570819
0.000571264
0.000571762
0.000572316
0.00057293
0.000573609
0.000574354
0.000575168
0.000576054
0.000577011
0.00057804
0.000568756
0.000568813
0.00056889
0.000568981
0.000569088
0.000569213
0.000569358
0.000569525
0.000569718
0.000569938
0.000570189
0.000570473
0.000570795
0.000571157
0.000571562
0.000572014
0.000572516
0.000573071
0.000573682
0.000574351
0.000575082
0.000575876
0.000576733
0.000577654
0.000578638
0.000569339
0.000569397
0.000569476
0.00056957
0.000569682
0.000569813
0.000569966
0.000570143
0.000570345
0.000570575
0.000570835
0.000571129
0.00057146
0.000571829
0.000572239
0.000572695
0.000573197
0.000573749
0.000574353
0.000575011
0.000575725
0.000576495
0.000577323
0.000578207
0.000579147
0.000569886
0.000569944
0.000570024
0.000570121
0.000570237
0.000570374
0.000570534
0.000570717
0.000570926
0.000571164
0.000571432
0.000571733
0.000572069
0.000572442
0.000572856
0.000573311
0.000573811
0.000574357
0.000574951
0.000575595
0.000576289
0.000577035
0.000577832
0.00057868
0.000579577
0.000570398
0.000570456
0.000570537
0.000570636
0.000570755
0.000570896
0.000571061
0.00057125
0.000571465
0.000571708
0.000571981
0.000572287
0.000572626
0.000573001
0.000573414
0.000573867
0.000574362
0.0005749
0.000575482
0.000576109
0.000576783
0.000577503
0.000578269
0.000579081
0.000579936
0.000570876
0.000570933
0.000571014
0.000571115
0.000571236
0.000571381
0.000571549
0.000571742
0.000571961
0.000572209
0.000572485
0.000572793
0.000573134
0.000573508
0.000573919
0.000574368
0.000574855
0.000575382
0.000575951
0.000576561
0.000577213
0.000577906
0.000578642
0.000579418
0.000580232
0.000571321
0.000571377
0.000571458
0.00057156
0.000571683
0.00057183
0.000572
0.000572196
0.000572418
0.000572668
0.000572946
0.000573255
0.000573594
0.000573967
0.000574374
0.000574816
0.000575294
0.000575809
0.000576363
0.000576954
0.000577584
0.000578251
0.000578956
0.000579697
0.000580472
0.000571734
0.000571789
0.00057187
0.000571972
0.000572096
0.000572244
0.000572416
0.000572614
0.000572837
0.000573088
0.000573366
0.000573674
0.000574012
0.00057438
0.000574781
0.000575216
0.000575684
0.000576186
0.000576723
0.000577295
0.000577902
0.000578544
0.000579218
0.000579925
0.000580663
0.000572116
0.000572171
0.000572251
0.000572352
0.000572477
0.000572625
0.000572799
0.000572997
0.000573221
0.000573471
0.000573748
0.000574054
0.000574388
0.000574752
0.000575146
0.000575571
0.000576027
0.000576516
0.000577036
0.000577589
0.000578173
0.000578788
0.000579434
0.000580108
0.000580809
0.00057247
0.000572523
0.000572602
0.000572703
0.000572827
0.000572976
0.000573149
0.000573347
0.00057357
0.000573819
0.000574094
0.000574397
0.000574726
0.000575084
0.00057547
0.000575885
0.000576329
0.000576803
0.000577307
0.00057784
0.000578401
0.000578991
0.000579607
0.00058025
0.000580916
0.000572796
0.000572848
0.000572925
0.000573025
0.000573149
0.000573296
0.000573469
0.000573666
0.000573888
0.000574135
0.000574407
0.000574705
0.000575029
0.000575379
0.000575757
0.000576161
0.000576593
0.000577052
0.000577538
0.000578051
0.00057859
0.000579155
0.000579744
0.000580355
0.000580988
0.000573095
0.000573145
0.000573221
0.00057332
0.000573442
0.000573589
0.00057376
0.000573956
0.000574175
0.000574419
0.000574688
0.000574981
0.000575299
0.000575641
0.00057601
0.000576403
0.000576822
0.000577266
0.000577734
0.000578228
0.000578745
0.000579285
0.000579847
0.000580429
0.00058103
0.000573369
0.000573418
0.000573492
0.000573589
0.00057371
0.000573855
0.000574025
0.000574218
0.000574435
0.000574675
0.000574939
0.000575227
0.000575538
0.000575873
0.000576231
0.000576613
0.000577018
0.000577447
0.000577899
0.000578373
0.000578868
0.000579384
0.00057992
0.000580474
0.000581045
0.000573619
0.000573666
0.000573739
0.000573834
0.000573954
0.000574097
0.000574264
0.000574455
0.000574668
0.000574905
0.000575164
0.000575445
0.000575749
0.000576075
0.000576424
0.000576794
0.000577186
0.000577599
0.000578034
0.000578489
0.000578963
0.000579457
0.000579968
0.000580495
0.000581037
0.000573846
0.000573892
0.000573963
0.000574057
0.000574174
0.000574315
0.00057448
0.000574667
0.000574877
0.000575109
0.000575363
0.000575638
0.000575934
0.000576252
0.00057659
0.000576948
0.000577327
0.000577726
0.000578143
0.00057858
0.000579034
0.000579505
0.000579992
0.000580493
0.000581008
0.000574053
0.000574097
0.000574166
0.000574258
0.000574373
0.000574512
0.000574673
0.000574857
0.000575063
0.000575291
0.000575539
0.000575807
0.000576096
0.000576404
0.000576732
0.000577079
0.000577444
0.000577828
0.00057823
0.000578648
0.000579082
0.000579532
0.000579996
0.000580473
0.000580961
0.000574239
0.000574282
0.000574349
0.000574439
0.000574552
0.000574688
0.000574846
0.000575027
0.000575229
0.000575451
0.000575694
0.000575955
0.000576236
0.000576535
0.000576853
0.000577188
0.00057754
0.000577909
0.000578295
0.000578696
0.000579111
0.00057954
0.000579982
0.000580435
0.000580899
0.000574407
0.000574448
0.000574514
0.000574601
0.000574712
0.000574845
0.000575001
0.000575177
0.000575375
0.000575592
0.000575828
0.000576083
0.000576356
0.000576646
0.000576953
0.000577277
0.000577617
0.000577972
0.000578342
0.000578726
0.000579123
0.000579532
0.000579953
0.000580384
0.000580823
0.000574558
0.000574597
0.000574661
0.000574746
0.000574854
0.000574985
0.000575137
0.00057531
0.000575503
0.000575715
0.000575945
0.000576193
0.000576458
0.000576739
0.000577036
0.000577349
0.000577676
0.000578017
0.000578372
0.00057874
0.000579119
0.00057951
0.000579911
0.00058032
0.000580737
0.000574692
0.00057473
0.000574792
0.000574875
0.000574981
0.000575109
0.000575258
0.000575427
0.000575615
0.000575822
0.000576046
0.000576287
0.000576544
0.000576816
0.000577103
0.000577405
0.00057772
0.000578048
0.000578388
0.00057874
0.000579103
0.000579475
0.000579857
0.000580246
0.000580642
0.000574811
0.000574848
0.000574908
0.000574989
0.000575093
0.000575218
0.000575363
0.000575528
0.000575712
0.000575914
0.000576132
0.000576366
0.000576615
0.000576879
0.000577156
0.000577447
0.00057775
0.000578065
0.000578391
0.000578728
0.000579075
0.00057943
0.000579793
0.000580163
0.000580539
0.000574916
0.000574952
0.00057501
0.00057509
0.000575191
0.000575313
0.000575455
0.000575617
0.000575796
0.000575992
0.000576204
0.000576432
0.000576673
0.000576928
0.000577196
0.000577476
0.000577768
0.00057807
0.000578383
0.000578706
0.000579037
0.000579376
0.000579722
0.000580074
0.00058043
0.000575009
0.000575044
0.0005751
0.000575178
0.000575277
0.000575396
0.000575535
0.000575693
0.000575867
0.000576059
0.000576265
0.000576486
0.00057672
0.000576966
0.000577225
0.000577495
0.000577775
0.000578066
0.000578366
0.000578675
0.000578991
0.000579315
0.000579644
0.000579978
0.000580317
0.000575089
0.000575124
0.000575179
0.000575255
0.000575351
0.000575468
0.000575604
0.000575758
0.000575928
0.000576114
0.000576315
0.000576529
0.000576756
0.000576994
0.000577244
0.000577504
0.000577774
0.000578053
0.000578341
0.000578636
0.000578939
0.000579247
0.000579561
0.000579879
0.0005802
0.000575159
0.000575193
0.000575247
0.000575321
0.000575416
0.00057553
0.000575663
0.000575813
0.000575979
0.00057616
0.000576355
0.000576563
0.000576783
0.000577013
0.000577254
0.000577505
0.000577765
0.000578033
0.000578309
0.000578592
0.000578881
0.000579175
0.000579474
0.000579776
0.000580082
0.00057522
0.000575253
0.000575306
0.000575379
0.000575472
0.000575583
0.000575713
0.00057586
0.000576022
0.000576198
0.000576388
0.000576589
0.000576802
0.000577025
0.000577258
0.000577499
0.000577749
0.000578007
0.000578271
0.000578542
0.000578818
0.000579099
0.000579384
0.000579672
0.000579962
0.000575271
0.000575304
0.000575356
0.000575428
0.000575519
0.000575629
0.000575756
0.000575899
0.000576057
0.000576229
0.000576413
0.000576609
0.000576815
0.000577031
0.000577255
0.000577488
0.000577728
0.000577976
0.00057823
0.000578489
0.000578753
0.000579021
0.000579292
0.000579566
0.000579842
0.000575315
0.000575347
0.0005754
0.00057547
0.00057556
0.000575667
0.000575792
0.000575932
0.000576086
0.000576254
0.000576433
0.000576623
0.000576822
0.000577031
0.000577248
0.000577472
0.000577703
0.000577941
0.000578184
0.000578433
0.000578685
0.000578941
0.0005792
0.000579461
0.000579723
0.000575352
0.000575384
0.000575436
0.000575507
0.000575595
0.000575701
0.000575823
0.00057596
0.00057611
0.000576273
0.000576448
0.000576632
0.000576825
0.000577027
0.000577236
0.000577453
0.000577675
0.000577903
0.000578137
0.000578375
0.000578616
0.000578861
0.000579108
0.000579356
0.000579605
0.000575382
0.000575416
0.000575468
0.000575538
0.000575625
0.000575729
0.000575849
0.000575983
0.00057613
0.000576289
0.000576459
0.000576638
0.000576825
0.00057702
0.000577222
0.000577431
0.000577645
0.000577864
0.000578088
0.000578316
0.000578547
0.00057878
0.000579016
0.000579252
0.000579489
0.000575408
0.000575442
0.000575495
0.000575564
0.000575651
0.000575754
0.000575872
0.000576003
0.000576147
0.000576302
0.000576467
0.000576641
0.000576822
0.000577011
0.000577206
0.000577407
0.000577613
0.000577824
0.000578038
0.000578257
0.000578478
0.000578701
0.000578926
0.000579151
0.000579377
0.000575429
0.000575465
0.000575518
0.000575588
0.000575674
0.000575776
0.000575892
0.000576021
0.000576162
0.000576313
0.000576474
0.000576642
0.000576818
0.000577
0.000577189
0.000577382
0.00057758
0.000577783
0.000577989
0.000578198
0.000578409
0.000578623
0.000578837
0.000579052
0.000579267
0.000575447
0.000575485
0.00057554
0.00057561
0.000575696
0.000575797
0.000575911
0.000576038
0.000576176
0.000576323
0.000576479
0.000576643
0.000576813
0.00057699
0.000577171
0.000577358
0.000577548
0.000577743
0.00057794
0.00057814
0.000578343
0.000578547
0.000578752
0.000578957
0.000579162
0.000575463
0.000575502
0.000575559
0.000575631
0.000575717
0.000575817
0.00057593
0.000576055
0.00057619
0.000576334
0.000576486
0.000576644
0.000576809
0.000576979
0.000577154
0.000577334
0.000577517
0.000577703
0.000577893
0.000578085
0.000578278
0.000578473
0.000578669
0.000578865
0.00057906
0.000575477
0.000575519
0.000575578
0.000575651
0.000575738
0.000575838
0.00057595
0.000576073
0.000576205
0.000576345
0.000576493
0.000576647
0.000576806
0.00057697
0.000577139
0.000577311
0.000577487
0.000577666
0.000577848
0.000578031
0.000578216
0.000578403
0.00057859
0.000578777
0.000578963
0.00057549
0.000575536
0.000575598
0.000575673
0.000575761
0.000575861
0.000575972
0.000576093
0.000576222
0.000576359
0.000576502
0.000576651
0.000576805
0.000576963
0.000577125
0.000577291
0.00057746
0.000577631
0.000577805
0.00057798
0.000578157
0.000578336
0.000578514
0.000578693
0.000578871
0.000575504
0.000575554
0.00057562
0.000575698
0.000575787
0.000575887
0.000575997
0.000576116
0.000576243
0.000576376
0.000576515
0.000576659
0.000576807
0.000576959
0.000577114
0.000577273
0.000577434
0.000577598
0.000577764
0.000577932
0.000578102
0.000578272
0.000578442
0.000578613
0.000578783
0.000575519
0.000575574
0.000575645
0.000575726
0.000575817
0.000575917
0.000576027
0.000576144
0.000576268
0.000576397
0.000576531
0.00057667
0.000576812
0.000576958
0.000577107
0.000577258
0.000577412
0.000577569
0.000577727
0.000577888
0.000578049
0.000578212
0.000578375
0.000578538
0.0005787
0.000575536
0.000575598
0.000575675
0.000575759
0.000575852
0.000575954
0.000576063
0.000576178
0.000576298
0.000576424
0.000576553
0.000576686
0.000576822
0.000576961
0.000577103
0.000577247
0.000577394
0.000577543
0.000577694
0.000577846
0.000578
0.000578155
0.000578311
0.000578467
0.000578623
0.000575558
0.000575627
0.000575711
0.0005758
0.000575896
0.000575998
0.000576106
0.000576219
0.000576336
0.000576457
0.000576581
0.000576707
0.000576837
0.000576969
0.000577103
0.00057724
0.000577379
0.00057752
0.000577663
0.000577808
0.000577955
0.000578103
0.000578252
0.000578401
0.00057855
0.000575585
0.000575663
0.000575755
0.00057585
0.000575949
0.000576052
0.000576159
0.000576269
0.000576382
0.000576497
0.000576615
0.000576735
0.000576857
0.000576981
0.000577108
0.000577236
0.000577367
0.000577501
0.000577636
0.000577774
0.000577913
0.000578054
0.000578196
0.000578338
0.000578481
0.00057562
0.000575709
0.00057581
0.000575911
0.000576014
0.000576118
0.000576223
0.00057633
0.000576438
0.000576547
0.000576657
0.000576769
0.000576883
0.000576999
0.000577117
0.000577237
0.00057736
0.000577485
0.000577613
0.000577743
0.000577875
0.000578008
0.000578143
0.00057828
0.000578417
0.000575664
0.000575766
0.000575879
0.000575987
0.000576093
0.000576198
0.000576301
0.000576403
0.000576505
0.000576606
0.000576708
0.000576811
0.000576916
0.000577022
0.000577131
0.000577242
0.000577356
0.000577472
0.000577592
0.000577714
0.000577839
0.000577966
0.000578094
0.000578225
0.000578356
0.00057572
0.000575838
0.000575965
0.000576082
0.000576191
0.000576295
0.000576395
0.000576491
0.000576584
0.000576677
0.000576768
0.000576861
0.000576955
0.00057705
0.000577149
0.00057725
0.000577355
0.000577463
0.000577574
0.000577688
0.000577806
0.000577926
0.000578048
0.000578173
0.000578299
0.000575792
0.000575929
0.000576073
0.000576199
0.000576311
0.000576414
0.000576508
0.000576595
0.000576678
0.000576759
0.000576838
0.000576918
0.000577
0.000577084
0.000577171
0.000577262
0.000577357
0.000577455
0.000577558
0.000577664
0.000577774
0.000577888
0.000578004
0.000578123
0.000578244
0.000575884
0.000576045
0.000576209
0.000576344
0.000576459
0.000576557
0.000576643
0.000576718
0.000576788
0.000576854
0.000576919
0.000576984
0.000577052
0.000577123
0.000577197
0.000577277
0.000577361
0.00057745
0.000577543
0.000577642
0.000577744
0.000577851
0.000577962
0.000578075
0.000578192
0.000576004
0.000576194
0.00057638
0.000576525
0.00057664
0.00057673
0.000576803
0.000576862
0.000576914
0.000576962
0.000577009
0.000577057
0.000577108
0.000577165
0.000577226
0.000577293
0.000577366
0.000577445
0.000577529
0.00057762
0.000577715
0.000577815
0.00057792
0.000578029
0.000578141
0.000576159
0.000576385
0.000576599
0.000576752
0.000576862
0.000576938
0.000576992
0.000577029
0.000577058
0.000577083
0.000577108
0.000577136
0.000577169
0.000577209
0.000577255
0.000577309
0.000577371
0.000577439
0.000577515
0.000577597
0.000577685
0.000577779
0.000577879
0.000577983
0.000578091
0.000576364
0.000576635
0.000576879
0.000577037
0.000577134
0.000577188
0.000577213
0.00057722
0.000577219
0.000577215
0.000577214
0.000577219
0.000577232
0.000577254
0.000577284
0.000577325
0.000577374
0.000577432
0.000577499
0.000577573
0.000577654
0.000577742
0.000577836
0.000577936
0.000578041
0.00057664
0.000576966
0.000577242
0.000577396
0.000577467
0.000577485
0.000577469
0.000577436
0.000577396
0.000577357
0.000577326
0.000577304
0.000577294
0.000577296
0.000577311
0.000577337
0.000577374
0.000577422
0.000577479
0.000577546
0.000577621
0.000577704
0.000577793
0.000577889
0.00057799
0.000577022
0.000577412
0.000577717
0.00057785
0.000577874
0.000577835
0.000577761
0.000577673
0.000577585
0.000577505
0.000577438
0.000577387
0.000577352
0.000577334
0.000577331
0.000577343
0.000577369
0.000577407
0.000577456
0.000577516
0.000577585
0.000577662
0.000577747
0.000577839
0.000577938
0.000577573
0.000578029
0.000578346
0.000578424
0.000578366
0.00057824
0.000578086
0.000577928
0.00057778
0.000577651
0.000577545
0.000577462
0.000577402
0.000577363
0.000577343
0.000577342
0.000577357
0.000577386
0.000577427
0.000577481
0.000577544
0.000577617
0.000577699
0.000577788
0.000577883
0.000578409
0.000578903
0.000579185
0.000579148
0.000578952
0.000578699
0.000578436
0.000578189
0.000577971
0.000577787
0.000577638
0.000577522
0.000577437
0.000577379
0.000577344
0.00057733
0.000577335
0.000577356
0.000577392
0.00057744
0.000577499
0.000577569
0.000577647
0.000577733
0.000577827
0.000579736
0.000580167
0.000580308
0.000580047
0.000579633
0.000579199
0.000578793
0.000578439
0.000578142
0.0005779
0.000577708
0.000577561
0.000577453
0.000577377
0.000577329
0.000577306
0.000577303
0.000577318
0.000577349
0.000577393
0.000577449
0.000577515
0.000577591
0.000577675
0.000577767
0.000581906
0.000582019
0.000581788
0.00058113
0.000580385
0.000579703
0.000579125
0.000578652
0.000578272
0.000577974
0.000577744
0.00057757
0.000577443
0.000577354
0.000577297
0.000577266
0.000577259
0.00057727
0.000577297
0.000577339
0.000577393
0.000577458
0.000577532
0.000577615
0.000577706
0.000585849
0.000584871
0.000583679
0.000582329
0.000581119
0.000580139
0.000579372
0.000578781
0.000578329
0.000577986
0.000577728
0.000577537
0.000577399
0.000577303
0.000577242
0.000577209
0.000577199
0.000577209
0.000577236
0.000577277
0.00057733
0.000577394
0.000577468
0.00057755
0.00057764
0.000594762
0.000589647
0.000585919
0.000583433
0.000581653
0.000580362
0.000579433
0.00057876
0.000578268
0.000577907
0.000577641
0.000577448
0.00057731
0.000577216
0.000577158
0.000577127
0.00057712
0.000577132
0.00057716
0.000577203
0.000577257
0.000577322
0.000577396
0.000577478
0.000577568
0.000612503
0.000596143
0.000587995
0.000584175
0.000581862
0.000580337
0.000579318
0.000578617
0.000578123
0.000577769
0.000577513
0.00057733
0.000577202
0.000577116
0.000577064
0.00057704
0.000577037
0.000577053
0.000577085
0.00057713
0.000577187
0.000577253
0.000577328
0.000577411
0.0005775
0.0222376
0.0215805
0.0206469
0.0194501
0.0180272
0.0164385
0.0147246
0.0129702
0.0112646
0.00963886
0.00816462
0.00686604
0.00570908
0.00471208
0.00387294
0.00319012
0.00264776
0.00222706
0.00190794
0.00167176
0.00150058
0.00138168
0.00130781
0.00127127
0.00126133
0.0201835
0.019253
0.0178277
0.0160207
0.0140762
0.0122178
0.0104586
0.00881609
0.00735993
0.00611257
0.00506466
0.00417291
0.00341128
0.00281951
0.00235865
0.0019931
0.0017148
0.00150804
0.00136289
0.00126652
0.00120284
0.00116123
0.0011381
0.0011317
0.00113638
0.0165447
0.0154352
0.0136964
0.0115909
0.00956779
0.00778187
0.0063058
0.00508802
0.00409634
0.00331725
0.0027214
0.00225791
0.00188034
0.00157128
0.0013318
0.0011598
0.0010488
0.000975514
0.000945584
0.000934841
0.000934235
0.000937532
0.000940583
0.000943172
0.000944509
0.012338
0.0112602
0.00956357
0.00757714
0.00582276
0.00441715
0.00337178
0.00264791
0.00211713
0.0017405
0.00147889
0.00129091
0.00114826
0.00103703
0.000950611
0.000883463
0.000832675
0.000799743
0.000786109
0.000786786
0.000794006
0.000800118
0.00080075
0.000794764
0.000784502
0.00877448
0.00782008
0.00636355
0.00473575
0.00334922
0.00233646
0.00165644
0.00125068
0.00101444
0.000882645
0.000815907
0.00078694
0.000774018
0.00076578
0.000757646
0.00074944
0.000741506
0.000736303
0.000734539
0.000734698
0.000734556
0.000731318
0.00072272
0.00070824
0.000691988
0.00591688
0.0051858
0.00407485
0.00287349
0.00186776
0.00116477
0.000747307
0.000528614
0.000450828
0.000439867
0.000464655
0.000506204
0.000550742
0.000590974
0.000623857
0.00064896
0.000667055
0.000679496
0.000687377
0.000690869
0.000689693
0.000683548
0.000672379
0.000657159
0.000641952
0.0037493
0.00324361
0.00247816
0.0016803
0.00104276
0.000602139
0.000339066
0.00023678
0.000223369
0.000256553
0.000312062
0.000374475
0.000434993
0.000489157
0.000535132
0.000572522
0.000601645
0.000623123
0.000637565
0.000645405
0.000647044
0.000643137
0.000634668
0.00062316
0.000611962
0.0022049
0.00187564
0.00138888
0.000929089
0.000583925
0.000360296
0.000239561
0.000196111
0.000193179
0.00023203
0.000284545
0.000340448
0.00039497
0.000444949
0.000488866
0.000526124
0.000556545
0.000580163
0.000597136
0.000607711
0.00061232
0.000611725
0.000607002
0.000599633
0.000592286
0.00119943
0.000992528
0.000725793
0.000495973
0.000347208
0.000268726
0.000238922
0.000240458
0.000259332
0.000287501
0.000322743
0.000361915
0.000401533
0.000439662
0.00047487
0.000506138
0.000532818
0.000554483
0.000570925
0.000582111
0.000588295
0.000590059
0.000588264
0.00058407
0.000579547
0.000607071
0.000479317
0.000351114
0.000266847
0.000240914
0.000251034
0.000276431
0.000304814
0.000331036
0.000354634
0.000377712
0.00040213
0.000427928
0.000454232
0.000479943
0.00050398
0.000525407
0.00054355
0.000557901
0.000568287
0.000574783
0.000577743
0.000577758
0.000575631
0.00057297
0.00029723
0.000221317
0.000172785
0.000168299
0.00020577
0.000260453
0.000313558
0.000355714
0.000385684
0.000406994
0.000423742
0.000440017
0.000457242
0.000475369
0.00049388
0.000511877
0.000528492
0.000542993
0.000554857
0.000563842
0.000569897
0.000573221
0.000574192
0.000573336
0.000571903
0.000161588
0.000120821
0.000116091
0.000150115
0.000213505
0.000283937
0.000345547
0.000391312
0.000422133
0.000442454
0.000457054
0.000470081
0.000483439
0.000496997
0.000511062
0.000524822
0.000537714
0.000549132
0.000558704
0.000566156
0.000571426
0.000574634
0.000576028
0.000575963
0.000575402
0.000124415
0.000106929
0.000124473
0.000174398
0.00024484
0.000316934
0.000377394
0.000421482
0.000450852
0.000470038
0.000483637
0.000494929
0.00050659
0.000518152
0.000529558
0.000540326
0.000550491
0.000559456
0.000567018
0.000573006
0.000577376
0.000580224
0.000581741
0.000582201
0.000582323
0.000139309
0.000135557
0.000162277
0.000215546
0.000284069
0.000352645
0.000409917
0.000451605
0.000479282
0.000497242
0.00050955
0.000518385
0.000529177
0.000539157
0.000548577
0.000557333
0.000565296
0.000572109
0.000577961
0.000582633
0.000586089
0.000588478
0.000589963
0.000590799
0.000591492
0.000178554
0.000181933
0.000210454
0.000260297
0.000322369
0.000385262
0.000439307
0.000479833
0.000507293
0.00052513
0.000537421
0.000547502
0.000553869
0.000561053
0.000568153
0.000574743
0.000580688
0.000585849
0.000590204
0.000593713
0.00059621
0.00059815
0.000599537
0.000600655
0.000601839
0.000226306
0.000232647
0.000259637
0.000303224
0.000356798
0.000412546
0.000462764
0.000502543
0.00053081
0.000549461
0.000561662
0.000570392
0.000576418
0.000581815
0.000586915
0.000591617
0.000595813
0.000599449
0.000602497
0.000604953
0.000606834
0.000608313
0.00060956
0.000610864
0.000612474
0.000274461
0.000281806
0.00030581
0.000342579
0.000387448
0.000435389
0.0004807
0.000518862
0.000547776
0.000567845
0.000581064
0.000589884
0.000595804
0.000599849
0.000603548
0.000606807
0.000609635
0.000612063
0.000614084
0.000615714
0.000617008
0.000618106
0.000619239
0.000620762
0.000622735
0.000319671
0.000327076
0.000347588
0.000378044
0.000415031
0.000455335
0.000494935
0.000530128
0.000558528
0.00057952
0.000593979
0.00060358
0.000609833
0.000613811
0.000616851
0.000619321
0.00062131
0.000622954
0.000624291
0.000625358
0.000626232
0.000627061
0.000628108
0.000629775
0.000632021
0.000361208
0.000367711
0.000384538
0.000409283
0.000439329
0.00047263
0.000506407
0.000537826
0.000564659
0.000585778
0.000601231
0.000611928
0.00061903
0.000623544
0.000626742
0.000629056
0.000630737
0.000631979
0.000632886
0.000633549
0.000634094
0.000634702
0.000635675
0.000637456
0.000639932
0.000400264
0.000403713
0.000415687
0.000433937
0.000457077
0.000483813
0.000512231
0.000540204
0.000565731
0.000587343
0.000604367
0.000616923
0.000625681
0.000631533
0.000635104
0.000637409
0.000638834
0.000639647
0.000640055
0.000640234
0.000640366
0.000640685
0.000641547
0.000643449
0.00064618
0.000456137
0.00044687
0.000451989
0.000464902
0.000482658
0.000503387
0.000525438
0.000547208
0.000567318
0.000584828
0.000599321
0.000610846
0.000619734
0.000626405
0.000631368
0.000635162
0.000638064
0.000640293
0.000642012
0.000643346
0.000644436
0.000645467
0.000646738
0.000648734
0.000651283
0.000482939
0.000475968
0.000477882
0.000486485
0.000499681
0.000515882
0.000533713
0.000551877
0.000569224
0.000584878
0.000598326
0.000609421
0.000618297
0.00062525
0.00063061
0.00063479
0.000638131
0.000640812
0.000642977
0.00064475
0.000646264
0.000647697
0.000649343
0.00065167
0.000654433
0.000500747
0.000496852
0.000498363
0.000504724
0.000514836
0.000527587
0.000541906
0.000556777
0.000571293
0.000584732
0.00059663
0.000606793
0.000615248
0.00062217
0.000627819
0.000632495
0.000636419
0.000639729
0.000642536
0.000644936
0.000647035
0.000648978
0.000651021
0.000653585
0.000656417
0.00051393
0.000512418
0.000514275
0.000519516
0.000527621
0.000537863
0.000549458
0.000561635
0.000573702
0.00058511
0.000595486
0.000604647
0.000612564
0.000619318
0.000625073
0.00063003
0.000634345
0.000638117
0.000641427
0.000644345
0.000646949
0.000649344
0.000651744
0.000654509
0.000657369
0.000524372
0.000524336
0.000526564
0.000531175
0.000537923
0.000546349
0.000555901
0.000566012
0.000576163
0.000585929
0.000595011
0.000603239
0.000610559
0.000617
0.00062266
0.000627681
0.000632172
0.000636208
0.000639846
0.000643139
0.000646136
0.000648912
0.000651635
0.000654612
0.000657535
0.000532951
0.000533793
0.000536262
0.000540453
0.000546239
0.000553326
0.000561334
0.00056985
0.000578485
0.00058691
0.000594884
0.000602257
0.000608963
0.000615005
0.000620443
0.000625376
0.000629884
0.000634025
0.000637847
0.000641386
0.00064468
0.000647778
0.00065082
0.000654071
0.000657153
0.000540117
0.000541488
0.000544075
0.000547942
0.00055301
0.000559087
0.000565904
0.000573165
0.000580578
0.000587889
0.000594905
0.000601497
0.0006076
0.000613201
0.000618337
0.000623075
0.000627479
0.000631595
0.000635466
0.00063913
0.000642621
0.000645985
0.000649361
0.000653008
0.000656387
0.000546157
0.000547837
0.000550454
0.000554043
0.000558551
0.000563842
0.000569727
0.000575988
0.000582406
0.000588788
0.000594977
0.000600865
0.000606391
0.000611534
0.000616315
0.00062078
0.000624978
0.00062895
0.000632739
0.000636391
0.000639954
0.000643501
0.000647242
0.000651588
0.000655678
0.000551279
0.000553129
0.000555715
0.000559055
0.000563106
0.000567772
0.000572912
0.000578366
0.00058397
0.000589571
0.000595046
0.000600304
0.000605287
0.000609972
0.000614367
0.000618502
0.000622411
0.000626128
0.000629696
0.000633167
0.000636613
0.000640151
0.000644198
0.000649926
0.000657258
0.000555649
0.000557577
0.000560094
0.000563204
0.000566873
0.000571027
0.000575562
0.000580357
0.000585285
0.000590228
0.000595085
0.000599779
0.00060426
0.000608498
0.000612493
0.000616259
0.000619813
0.000623175
0.000626373
0.000629444
0.000632446
0.000635459
0.000639006
0.000645092
0.000656336
0.000559395
0.000561341
0.000563764
0.000566661
0.000570003
0.000573731
0.000577766
0.000582013
0.000586376
0.000590759
0.00059508
0.000599273
0.000603291
0.000607104
0.000610701
0.000614078
0.000617235
0.00062017
0.000622872
0.000625316
0.000627433
0.00062912
0.000630255
0.000630813
0.000627632
0.000562619
0.000564544
0.00056686
0.000569559
0.000572615
0.000575982
0.000579596
0.000583384
0.000587268
0.000591172
0.000595027
0.000598776
0.000602374
0.00060579
0.000609003
0.000611995
0.000614748
0.000617238
0.000619423
0.000621231
0.000622531
0.0006231
0.000622587
0.00062044
0.000615012
0.000565404
0.000567283
0.000569484
0.000571998
0.000574803
0.000577858
0.000581114
0.000584512
0.000587987
0.000591479
0.000594928
0.000598285
0.000601507
0.000604559
0.000607413
0.000610041
0.000612411
0.000614482
0.000616193
0.000617447
0.000618095
0.000617907
0.000616551
0.000613577
0.000608252
0.000567815
0.000569632
0.000571718
0.000574061
0.000576641
0.000579426
0.000582373
0.000585435
0.00058856
0.000591695
0.00059479
0.000597802
0.000600687
0.000603411
0.000605938
0.000608235
0.00061026
0.000611962
0.000613268
0.000614076
0.00061424
0.00061356
0.000611783
0.000608618
0.000603749
0.000569905
0.000571653
0.000573624
0.000575809
0.000578188
0.000580735
0.000583414
0.000586186
0.000589007
0.000591832
0.000594619
0.000597325
0.000599913
0.000602345
0.000604583
0.000606589
0.000608316
0.000609705
0.000610682
0.000611146
0.000610965
0.000609971
0.000607978
0.000604807
0.000600353
0.00057172
0.000573392
0.000575253
0.000577291
0.00057949
0.000581827
0.000584271
0.00058679
0.000589346
0.000591901
0.000594417
0.000596857
0.000599183
0.00060136
0.000603347
0.000605104
0.000606582
0.00060772
0.000608442
0.000608652
0.000608231
0.000607039
0.000604931
0.000601799
0.000597618
0.000573294
0.00057489
0.000576644
0.000578547
0.000580584
0.000582733
0.000584971
0.000587268
0.000589592
0.000591911
0.000594191
0.000596398
0.000598497
0.000600453
0.000602228
0.000603779
0.000605057
0.000606001
0.000606538
0.000606574
0.000606
0.000604688
0.000602516
0.000599397
0.000595334
0.00057466
0.000576178
0.000577831
0.000579609
0.000581499
0.000583482
0.000585536
0.000587638
0.000589759
0.000591871
0.000593945
0.000595949
0.000597852
0.000599621
0.000601219
0.000602606
0.000603733
0.000604541
0.00060496
0.000604899
0.00060425
0.00060289
0.000600694
0.000597562
0.000593466
0.000575842
0.000577285
0.000578842
0.000580505
0.00058226
0.000584093
0.000585985
0.000587914
0.000589856
0.000591787
0.000593681
0.00059551
0.000597246
0.000598859
0.000600315
0.000601576
0.000602599
0.000603328
0.000603695
0.000603616
0.000602983
0.000601662
0.00059951
0.000596382
0.000592137
0.000576863
0.000578232
0.000579699
0.000581255
0.000582889
0.000584587
0.000586334
0.000588109
0.000589894
0.000591666
0.000593403
0.000595081
0.000596675
0.000598159
0.000599504
0.000600677
0.000601639
0.000602343
0.00060273
0.000602722
0.000602213
0.000601059
0.000599083
0.000596075
0.000591627
0.000577742
0.00057904
0.000580422
0.000581879
0.000583403
0.000584979
0.000586595
0.000588234
0.000589879
0.000591512
0.000593112
0.00059466
0.000596134
0.000597513
0.000598774
0.000599889
0.00060083
0.000601561
0.000602038
0.000602202
0.000601965
0.000601187
0.000599675
0.000597166
0.00059258
0.000578496
0.000579726
0.000581028
0.000582394
0.000583815
0.000585282
0.000586781
0.000588298
0.000589819
0.000591328
0.000592808
0.000594244
0.000595617
0.000596911
0.000598107
0.00059919
0.000600139
0.000600938
0.000601568
0.000602012
0.000602229
0.000602164
0.000601802
0.000601249
0.000598172
0.000579139
0.000580304
0.00058153
0.000582812
0.000584141
0.000585507
0.0005869
0.000588308
0.000589718
0.000591118
0.000592493
0.00059383
0.000595115
0.000596337
0.000597484
0.000598546
0.000599518
0.000600399
0.000601203
0.000601968
0.000602764
0.000603741
0.000605411
0.000609607
0.000618956
0.000579683
0.000580786
0.000581942
0.000583145
0.000584389
0.000585664
0.000586961
0.000588271
0.000589582
0.000590883
0.000592164
0.000593414
0.000594622
0.000595781
0.000596884
0.000597927
0.000598913
0.000599854
0.000600778
0.000601739
0.000602841
0.000604248
0.000606416
0.000610451
0.000616297
0.000580141
0.000581184
0.000582274
0.000583405
0.00058457
0.000585761
0.000586971
0.000588192
0.000589413
0.000590626
0.000591822
0.000592992
0.000594131
0.000595231
0.000596289
0.000597308
0.000598293
0.000599259
0.000600236
0.000601273
0.000602448
0.000603873
0.000605777
0.000608498
0.000611307
0.000580521
0.000581509
0.000582536
0.000583599
0.000584691
0.000585806
0.000586936
0.000588075
0.000589215
0.000590347
0.000591466
0.000592564
0.000593636
0.000594679
0.000595692
0.000596678
0.000597643
0.000598603
0.000599581
0.000600615
0.000601752
0.000603054
0.000604612
0.00060651
0.00060827
0.000580832
0.000581767
0.000582736
0.000583736
0.000584761
0.000585805
0.000586862
0.000587926
0.000588991
0.000590049
0.000591096
0.000592126
0.000593136
0.000594123
0.000595087
0.000596031
0.000596962
0.000597891
0.000598836
0.00059982
0.000600869
0.00060201
0.000603271
0.000604658
0.000605885
0.000581083
0.000581967
0.000582882
0.000583822
0.000584785
0.000585763
0.000586753
0.000587748
0.000588744
0.000589734
0.000590714
0.00059168
0.000592629
0.00059356
0.000594473
0.000595369
0.000596255
0.000597138
0.000598028
0.000598939
0.000599881
0.000600861
0.000601877
0.000602909
0.000603773
0.000581279
0.000582116
0.000582979
0.000583865
0.000584769
0.000585687
0.000586614
0.000587545
0.000588477
0.000589403
0.000590321
0.000591226
0.000592117
0.000592992
0.000593851
0.000594695
0.000595529
0.000596356
0.000597181
0.000598011
0.000598845
0.00059968
0.000600502
0.000601285
0.00060191
0.000581428
0.00058222
0.000583034
0.000583868
0.000584718
0.000585579
0.000586448
0.000587321
0.000588192
0.000589059
0.000589918
0.000590765
0.0005916
0.000592419
0.000593224
0.000594015
0.000594793
0.00059556
0.000596317
0.000597065
0.0005978
0.000598511
0.000599183
0.000599792
0.000600259
0.000581535
0.000582284
0.000583052
0.000583838
0.000584637
0.000585445
0.00058626
0.000587077
0.000587893
0.000588704
0.000589507
0.0005903
0.00059108
0.000591846
0.000592597
0.000593333
0.000594055
0.000594761
0.000595451
0.000596122
0.000596768
0.000597377
0.000597933
0.000598418
0.00059878
0.000581604
0.000582313
0.000583038
0.000583778
0.000584529
0.000585289
0.000586053
0.000586818
0.000587582
0.00058834
0.000589091
0.000589831
0.000590559
0.000591273
0.000591972
0.000592655
0.000593321
0.000593968
0.000594595
0.000595195
0.000595763
0.000596288
0.000596754
0.00059715
0.000597437
0.000581641
0.000582311
0.000582996
0.000583693
0.0005844
0.000585113
0.000585829
0.000586547
0.000587261
0.00058797
0.000588671
0.000589362
0.00059004
0.000590704
0.000591352
0.000591984
0.000592597
0.000593189
0.000593756
0.000594294
0.000594795
0.000595249
0.000595645
0.000595974
0.000596207
0.000581649
0.000582282
0.000582929
0.000583586
0.000584251
0.00058492
0.000585593
0.000586264
0.000586933
0.000587595
0.00058825
0.000588893
0.000589524
0.000590141
0.000590742
0.000591324
0.000591887
0.000592427
0.00059294
0.000593422
0.000593865
0.000594262
0.000594602
0.000594879
0.000595072
0.000581631
0.000582231
0.000582841
0.00058346
0.000584085
0.000584714
0.000585345
0.000585974
0.000586599
0.000587218
0.000587829
0.000588428
0.000589015
0.000589586
0.000590142
0.000590678
0.000591194
0.000591686
0.000592151
0.000592583
0.000592977
0.000593325
0.000593619
0.000593856
0.000594019
0.000581592
0.000582159
0.000582735
0.000583318
0.000583906
0.000584498
0.000585089
0.000585678
0.000586263
0.000586841
0.00058741
0.000587968
0.000588512
0.000589042
0.000589555
0.000590048
0.000590521
0.000590969
0.00059139
0.000591778
0.000592129
0.000592436
0.000592694
0.000592898
0.000593038
0.000581534
0.00058207
0.000582613
0.000583163
0.000583717
0.000584272
0.000584827
0.000585379
0.000585925
0.000586465
0.000586995
0.000587514
0.000588019
0.000588509
0.000588982
0.000589436
0.000589869
0.000590277
0.000590658
0.000591008
0.000591321
0.000591594
0.00059182
0.000591999
0.000592119
0.000581459
0.000581966
0.000582479
0.000582997
0.000583518
0.00058404
0.00058456
0.000585077
0.000585588
0.000586091
0.000586585
0.000587067
0.000587536
0.000587989
0.000588425
0.000588842
0.000589238
0.00058961
0.000589956
0.000590271
0.000590553
0.000590795
0.000590996
0.000591152
0.000591257
0.000581371
0.00058185
0.000582334
0.000582823
0.000583313
0.000583803
0.000584291
0.000584775
0.000585252
0.000585722
0.000586182
0.00058663
0.000587064
0.000587483
0.000587885
0.000588268
0.00058863
0.00058897
0.000589283
0.000589568
0.000589821
0.000590038
0.000590216
0.000590355
0.000590447
0.000581271
0.000581724
0.000582181
0.000582641
0.000583102
0.000583563
0.00058402
0.000584473
0.00058492
0.000585358
0.000585786
0.000586202
0.000586604
0.000586991
0.000587362
0.000587714
0.000588045
0.000588355
0.00058864
0.000588898
0.000589125
0.00058932
0.000589479
0.000589602
0.000589683
0.000581161
0.000581589
0.000582021
0.000582455
0.000582889
0.000583321
0.00058375
0.000584174
0.000584592
0.000585
0.000585399
0.000585785
0.000586158
0.000586515
0.000586857
0.00058718
0.000587483
0.000587766
0.000588025
0.000588258
0.000588464
0.000588639
0.000588781
0.000588891
0.000588963
0.000581043
0.000581448
0.000581856
0.000582265
0.000582673
0.00058308
0.000583482
0.000583879
0.000584269
0.00058465
0.000585021
0.000585379
0.000585725
0.000586055
0.000586369
0.000586666
0.000586944
0.000587202
0.000587437
0.000587649
0.000587835
0.000587993
0.000588121
0.000588219
0.000588283
0.000580919
0.000581302
0.000581687
0.000582073
0.000582457
0.000582839
0.000583217
0.000583588
0.000583953
0.000584308
0.000584653
0.000584986
0.000585306
0.000585611
0.0005859
0.000586173
0.000586427
0.000586662
0.000586877
0.000587069
0.000587237
0.00058738
0.000587495
0.000587583
0.00058764
0.00058079
0.000581153
0.000581517
0.00058188
0.000582242
0.000582601
0.000582955
0.000583303
0.000583643
0.000583975
0.000584296
0.000584605
0.000584901
0.000585183
0.000585449
0.000585699
0.000585933
0.000586147
0.000586343
0.000586517
0.000586669
0.000586798
0.000586902
0.000586981
0.000587032
0.000580658
0.000581001
0.000581345
0.000581688
0.000582028
0.000582365
0.000582698
0.000583024
0.000583342
0.000583651
0.00058395
0.000584236
0.000584511
0.000584771
0.000585016
0.000585246
0.00058546
0.000585656
0.000585834
0.000585992
0.00058613
0.000586246
0.00058634
0.000586411
0.000586457
0.000580524
0.000580849
0.000581173
0.000581496
0.000581817
0.000582134
0.000582446
0.000582751
0.000583049
0.000583337
0.000583615
0.000583881
0.000584135
0.000584376
0.000584602
0.000584813
0.000585008
0.000585187
0.000585349
0.000585493
0.000585618
0.000585723
0.000585808
0.000585871
0.000585912
0.000580388
0.000580696
0.000581003
0.000581308
0.00058161
0.000581908
0.000582201
0.000582487
0.000582765
0.000583034
0.000583292
0.00058354
0.000583775
0.000583997
0.000584205
0.000584399
0.000584578
0.000584742
0.000584889
0.00058502
0.000585133
0.000585228
0.000585304
0.000585361
0.000585397
0.000580253
0.000580544
0.000580834
0.000581122
0.000581407
0.000581687
0.000581962
0.00058223
0.00058249
0.000582741
0.000582982
0.000583212
0.00058343
0.000583635
0.000583826
0.000584004
0.000584168
0.000584318
0.000584452
0.00058457
0.000584673
0.000584758
0.000584826
0.000584877
0.000584909
0.000580118
0.000580394
0.000580668
0.00058094
0.000581209
0.000581473
0.000581731
0.000581982
0.000582225
0.00058246
0.000582684
0.000582898
0.000583099
0.000583289
0.000583465
0.000583629
0.000583779
0.000583915
0.000584037
0.000584144
0.000584237
0.000584314
0.000584375
0.00058442
0.000584448
0.000579985
0.000580246
0.000580506
0.000580763
0.000581016
0.000581265
0.000581507
0.000581743
0.000581971
0.00058219
0.000582399
0.000582597
0.000582784
0.000582959
0.000583122
0.000583272
0.000583409
0.000583533
0.000583644
0.000583741
0.000583825
0.000583894
0.000583948
0.000583988
0.000584012
0.000579854
0.000580102
0.000580348
0.000580591
0.00058083
0.000581064
0.000581292
0.000581514
0.000581727
0.000581932
0.000582127
0.000582311
0.000582485
0.000582646
0.000582796
0.000582934
0.000583059
0.000583172
0.000583273
0.000583361
0.000583435
0.000583497
0.000583545
0.000583579
0.0005836
0.000579726
0.000579961
0.000580194
0.000580424
0.00058065
0.000580871
0.000581086
0.000581294
0.000581494
0.000581686
0.000581868
0.000582039
0.0005822
0.00058235
0.000582488
0.000582614
0.000582729
0.000582832
0.000582923
0.000583002
0.000583069
0.000583123
0.000583165
0.000583194
0.000583211
0.000579602
0.000579825
0.000580046
0.000580264
0.000580477
0.000580686
0.000580888
0.000581084
0.000581272
0.000581451
0.000581621
0.000581782
0.000581931
0.000582069
0.000582197
0.000582313
0.000582418
0.000582511
0.000582593
0.000582664
0.000582723
0.000582771
0.000582807
0.000582832
0.000582844
0.000579481
0.000579694
0.000579903
0.00058011
0.000580312
0.000580509
0.0005807
0.000580885
0.000581061
0.00058123
0.000581389
0.000581538
0.000581677
0.000581806
0.000581923
0.00058203
0.000582125
0.00058221
0.000582284
0.000582347
0.000582399
0.000582441
0.000582471
0.00058249
0.000582499
0.000579365
0.000579567
0.000579767
0.000579962
0.000580154
0.000580341
0.000580521
0.000580696
0.000580862
0.00058102
0.00058117
0.000581309
0.000581439
0.000581558
0.000581666
0.000581764
0.000581852
0.000581928
0.000581995
0.000582051
0.000582096
0.000582132
0.000582157
0.00058217
0.000582175
0.000579254
0.000579447
0.000579636
0.000579822
0.000580004
0.000580181
0.000580352
0.000580517
0.000580674
0.000580823
0.000580964
0.000581095
0.000581216
0.000581327
0.000581427
0.000581517
0.000581597
0.000581666
0.000581726
0.000581775
0.000581814
0.000581843
0.000581863
0.000581871
0.000581871
0.000579148
0.000579331
0.000579512
0.000579689
0.000579862
0.000580031
0.000580193
0.000580349
0.000580498
0.000580639
0.000580771
0.000580895
0.000581008
0.000581112
0.000581205
0.000581288
0.000581361
0.000581424
0.000581477
0.00058152
0.000581553
0.000581576
0.000581589
0.000581592
0.000581587
0.000579047
0.000579222
0.000579395
0.000579564
0.000579729
0.000579889
0.000580044
0.000580192
0.000580334
0.000580468
0.000580593
0.000580709
0.000580816
0.000580913
0.000581
0.000581077
0.000581144
0.000581201
0.000581248
0.000581285
0.000581312
0.000581329
0.000581337
0.000581333
0.000581323
0.000578952
0.000579119
0.000579284
0.000579445
0.000579603
0.000579756
0.000579904
0.000580046
0.000580181
0.000580309
0.000580428
0.000580539
0.00058064
0.000580732
0.000580813
0.000580885
0.000580947
0.000580998
0.00058104
0.000581071
0.000581092
0.000581104
0.000581105
0.000581095
0.000581078
0.000578862
0.000579022
0.00057918
0.000579334
0.000579486
0.000579632
0.000579774
0.00057991
0.00058004
0.000580162
0.000580277
0.000580383
0.000580479
0.000580567
0.000580644
0.000580711
0.000580769
0.000580816
0.000580852
0.000580878
0.000580894
0.000580899
0.000580894
0.000580877
0.000580853
0.000578777
0.000578931
0.000579082
0.000579231
0.000579376
0.000579517
0.000579654
0.000579785
0.00057991
0.000580029
0.000580139
0.000580241
0.000580335
0.000580419
0.000580493
0.000580557
0.000580611
0.000580654
0.000580686
0.000580708
0.000580718
0.000580717
0.000580705
0.000580679
0.000580648
0.000578698
0.000578845
0.000578991
0.000579134
0.000579274
0.000579411
0.000579543
0.000579671
0.000579792
0.000579907
0.000580015
0.000580115
0.000580206
0.000580288
0.00058036
0.000580422
0.000580473
0.000580514
0.000580542
0.00058056
0.000580564
0.000580557
0.000580537
0.000580503
0.000580463
0.000578623
0.000578765
0.000578906
0.000579044
0.00057918
0.000579313
0.000579442
0.000579566
0.000579685
0.000579798
0.000579904
0.000580003
0.000580093
0.000580174
0.000580246
0.000580307
0.000580357
0.000580396
0.000580422
0.000580435
0.000580435
0.000580422
0.000580394
0.000580349
0.000580299
0.000578554
0.00057869
0.000578826
0.00057896
0.000579093
0.000579223
0.000579349
0.000579472
0.000579589
0.000579701
0.000579807
0.000579906
0.000579996
0.000580078
0.000580151
0.000580212
0.000580263
0.000580301
0.000580326
0.000580337
0.000580332
0.000580312
0.000580275
0.000580219
0.000580156
0.000578488
0.00057862
0.000578752
0.000578883
0.000579012
0.00057914
0.000579265
0.000579386
0.000579503
0.000579616
0.000579723
0.000579823
0.000579915
0.00058
0.000580075
0.000580139
0.000580192
0.000580231
0.000580256
0.000580265
0.000580257
0.00058023
0.000580184
0.000580114
0.000580038
0.000578426
0.000578554
0.000578682
0.00057881
0.000578938
0.000579064
0.000579188
0.000579309
0.000579427
0.000579541
0.00057965
0.000579754
0.00057985
0.000579939
0.000580018
0.000580087
0.000580144
0.000580187
0.000580214
0.000580223
0.000580212
0.000580179
0.000580123
0.000580037
0.000579944
0.000578367
0.000578492
0.000578617
0.000578743
0.000578869
0.000578994
0.000579118
0.00057924
0.00057936
0.000579477
0.00057959
0.000579698
0.0005798
0.000579895
0.000579981
0.000580058
0.000580122
0.000580171
0.000580203
0.000580214
0.000580202
0.000580164
0.000580096
0.000579993
0.000579879
0.000578311
0.000578432
0.000578555
0.000578679
0.000578804
0.000578929
0.000579054
0.000579178
0.000579301
0.000579422
0.00057954
0.000579654
0.000579764
0.000579868
0.000579964
0.00058005
0.000580125
0.000580184
0.000580224
0.000580241
0.00058023
0.000580188
0.000580109
0.000579985
0.000579846
0.000578257
0.000578375
0.000578496
0.000578618
0.000578743
0.000578868
0.000578995
0.000579121
0.000579248
0.000579374
0.000579499
0.000579622
0.000579741
0.000579857
0.000579965
0.000580066
0.000580155
0.000580228
0.000580281
0.000580309
0.000580303
0.000580259
0.000580169
0.00058002
0.000579852
0.000578203
0.000578319
0.000578438
0.00057856
0.000578684
0.000578811
0.000578939
0.000579069
0.000579201
0.000579333
0.000579466
0.000579599
0.00057973
0.00057986
0.000579985
0.000580103
0.000580211
0.000580305
0.000580378
0.000580422
0.000580428
0.000580387
0.000580287
0.00058011
0.000579904
0.00057815
0.000578264
0.000578381
0.000578503
0.000578627
0.000578755
0.000578886
0.00057902
0.000579157
0.000579297
0.000579439
0.000579583
0.000579729
0.000579875
0.00058002
0.000580161
0.000580294
0.000580415
0.000580516
0.000580586
0.000580613
0.000580583
0.000580476
0.000580268
0.000580017
0.000578097
0.000578208
0.000578325
0.000578446
0.000578571
0.000578701
0.000578835
0.000578973
0.000579116
0.000579263
0.000579415
0.000579572
0.000579734
0.000579899
0.000580067
0.000580236
0.000580402
0.000580559
0.000580698
0.000580807
0.000580869
0.000580863
0.000580759
0.000580518
0.000580211
0.000578042
0.000578152
0.000578268
0.000578388
0.000578514
0.000578646
0.000578782
0.000578925
0.000579074
0.000579229
0.000579392
0.000579562
0.000579741
0.000579928
0.000580123
0.000580325
0.00058053
0.000580734
0.000580925
0.00058109
0.000581207
0.000581247
0.000581164
0.000580893
0.000580521
0.000577986
0.000578094
0.000578209
0.00057833
0.000578456
0.000578589
0.000578728
0.000578875
0.000579029
0.000579193
0.000579366
0.00057955
0.000579746
0.000579957
0.000580181
0.000580421
0.000580673
0.000580934
0.000581194
0.000581438
0.00058164
0.000581761
0.000581731
0.000581447
0.00058101
0.000577928
0.000578035
0.000578149
0.000578269
0.000578396
0.00057853
0.000578671
0.000578821
0.000578981
0.000579151
0.000579333
0.00057953
0.000579744
0.000579978
0.000580233
0.000580513
0.000580819
0.000581149
0.000581496
0.000581848
0.000582176
0.000582433
0.000582519
0.000582268
0.000581792
0.000577867
0.000577973
0.000578086
0.000578206
0.000578333
0.000578467
0.00057861
0.000578762
0.000578925
0.000579101
0.000579291
0.000579499
0.000579729
0.000579984
0.000580269
0.00058059
0.000580952
0.00058136
0.000581813
0.000582306
0.000582816
0.00058329
0.000583597
0.000583489
0.000583074
0.000577804
0.000577909
0.000578021
0.00057814
0.000578266
0.000578401
0.000578544
0.000578697
0.000578862
0.000579041
0.000579237
0.000579453
0.000579694
0.000579966
0.000580276
0.000580635
0.000581053
0.000581542
0.000582114
0.000582778
0.000583533
0.000584339
0.000585043
0.000585305
0.000585209
0.000577737
0.000577841
0.000577952
0.00057807
0.000578196
0.000578329
0.000578471
0.000578624
0.000578788
0.000578968
0.000579165
0.000579384
0.00057963
0.000579912
0.000580239
0.000580625
0.000581086
0.000581647
0.000582336
0.000583189
0.000584242
0.000585511
0.000586908
0.000588131
0.000589125
0.000577664
0.000577767
0.000577877
0.000577994
0.000578117
0.000578248
0.000578388
0.000578537
0.000578699
0.000578875
0.000579068
0.000579284
0.000579528
0.000579809
0.000580138
0.00058053
0.00058101
0.00058161
0.000582379
0.000583394
0.000584758
0.000586598
0.000589129
0.000592888
0.00059802
0.000577597
0.000577699
0.000577807
0.000577922
0.000578043
0.000578171
0.000578308
0.000578454
0.00057861
0.000578781
0.000578968
0.000579177
0.000579412
0.000579683
0.000580001
0.000580383
0.000580855
0.000581457
0.000582255
0.00058336
0.000584957
0.00058733
0.000591195
0.000599375
0.000615751
0.000602255
0.000590312
0.000583986
0.000578209
0.000572802
0.000567713
0.00056279
0.000557951
0.000553161
0.000548402
0.000543661
0.000538929
0.000534196
0.000529459
0.000524713
0.000519954
0.000515182
0.000510395
0.000505594
0.000500777
0.000495947
0.000491103
0.000486246
0.000481377
0.000476497
0.000471606
0.000466705
0.000461796
0.000456877
0.000451951
0.000447017
0.000442076
0.000437128
0.000432175
0.000427216
0.000422252
0.000417282
0.000412309
0.000407331
0.00040235
0.000397365
0.000392377
0.000387386
0.000382392
0.000377396
0.000372398
0.000367399
0.000362397
0.000357394
0.00035239
0.000347384
0.000342378
0.000337371
0.000332363
0.000327355
0.000322346
0.000317337
0.000312328
0.000307319
0.000302309
0.0002973
0.000292291
0.000287282
0.000282273
0.000277265
0.000272257
0.000267249
0.000262242
0.000257235
0.000252229
0.000247223
0.000242218
0.000237213
0.000232209
0.000227206
0.000222203
0.0002172
0.000212199
0.000207197
0.000202197
0.000197197
0.000192198
0.000187199
0.0001822
0.000177203
0.000172206
0.000167209
0.000162213
0.000157218
0.000152222
0.000147228
0.000142234
0.00013724
0.000132247
0.000127254
0.000122262
0.00011727
0.000112279
0.000107288
0.000102297
9.73064e-05
9.23162e-05
8.73264e-05
8.23368e-05
7.73475e-05
7.23585e-05
6.73697e-05
6.23811e-05
5.73927e-05
5.24045e-05
4.74165e-05
4.24286e-05
3.74408e-05
3.24532e-05
2.74657e-05
2.24782e-05
1.74909e-05
1.25033e-05
7.51537e-06
2.50902e-06
0.000601869
0.00059142
0.000584478
0.000578578
0.000573102
0.000567925
0.000562933
0.000558048
0.000553229
0.000548451
0.000543697
0.000538955
0.000534216
0.000529473
0.000524722
0.000519961
0.000515186
0.000510398
0.000505595
0.000500778
0.000495948
0.000491103
0.000486247
0.000481378
0.000476498
0.000471607
0.000466706
0.000461797
0.000456878
0.000451952
0.000447018
0.000442077
0.00043713
0.000432176
0.000427217
0.000422253
0.000417283
0.00041231
0.000407332
0.00040235
0.000397365
0.000392377
0.000387386
0.000382393
0.000377397
0.000372399
0.000367399
0.000362397
0.000357394
0.00035239
0.000347385
0.000342378
0.000337371
0.000332363
0.000327355
0.000322346
0.000317337
0.000312328
0.000307319
0.000302309
0.0002973
0.000292291
0.000287282
0.000282273
0.000277265
0.000272257
0.000267249
0.000262242
0.000257235
0.000252229
0.000247223
0.000242218
0.000237213
0.000232209
0.000227205
0.000222203
0.0002172
0.000212198
0.000207197
0.000202197
0.000197197
0.000192197
0.000187199
0.0001822
0.000177203
0.000172206
0.000167209
0.000162213
0.000157217
0.000152222
0.000147228
0.000142234
0.00013724
0.000132247
0.000127254
0.000122262
0.00011727
0.000112279
0.000107288
0.000102297
9.73063e-05
9.23162e-05
8.73263e-05
8.23368e-05
7.73475e-05
7.23585e-05
6.73697e-05
6.23811e-05
5.73927e-05
5.24045e-05
4.74164e-05
4.24286e-05
3.74408e-05
3.24532e-05
2.74656e-05
2.24782e-05
1.74909e-05
1.25034e-05
7.51577e-06
2.50923e-06
0.000599512
0.00059128
0.000584606
0.000578709
0.000573215
0.000568003
0.000562981
0.000558077
0.000553247
0.000548463
0.000543706
0.000538962
0.000534221
0.000529477
0.000524725
0.000519963
0.000515187
0.000510398
0.000505595
0.000500778
0.000495947
0.000491103
0.000486246
0.000481378
0.000476498
0.000471607
0.000466707
0.000461797
0.000456879
0.000451953
0.000447019
0.000442078
0.00043713
0.000432177
0.000427218
0.000422253
0.000417284
0.00041231
0.000407333
0.000402351
0.000397366
0.000392378
0.000387387
0.000382393
0.000377397
0.000372399
0.000367399
0.000362398
0.000357394
0.00035239
0.000347385
0.000342378
0.000337371
0.000332363
0.000327355
0.000322346
0.000317337
0.000312328
0.000307318
0.000302309
0.0002973
0.000292291
0.000287282
0.000282273
0.000277265
0.000272256
0.000267249
0.000262242
0.000257235
0.000252229
0.000247223
0.000242218
0.000237213
0.000232209
0.000227205
0.000222202
0.0002172
0.000212198
0.000207197
0.000202197
0.000197197
0.000192197
0.000187198
0.0001822
0.000177203
0.000172205
0.000167209
0.000162213
0.000157217
0.000152222
0.000147228
0.000142234
0.00013724
0.000132247
0.000127254
0.000122262
0.00011727
0.000112279
0.000107287
0.000102297
9.73062e-05
9.23161e-05
8.73263e-05
8.23367e-05
7.73474e-05
7.23584e-05
6.73696e-05
6.2381e-05
5.73926e-05
5.24044e-05
4.74164e-05
4.24285e-05
3.74408e-05
3.24531e-05
2.74656e-05
2.24782e-05
1.74909e-05
1.25035e-05
7.51575e-06
2.50913e-06
0.000597019
0.00059022
0.000584063
0.000578377
0.000573004
0.000567858
0.000562874
0.000557996
0.000553187
0.00054842
0.000543676
0.000538941
0.000534207
0.000529467
0.000524718
0.000519958
0.000515183
0.000510395
0.000505592
0.000500775
0.000495945
0.000491101
0.000486244
0.000481376
0.000476496
0.000471606
0.000466706
0.000461797
0.000456878
0.000451952
0.000447019
0.000442078
0.00043713
0.000432177
0.000427218
0.000422253
0.000417284
0.000412311
0.000407333
0.000402351
0.000397366
0.000392378
0.000387387
0.000382393
0.000377397
0.000372399
0.000367399
0.000362398
0.000357395
0.00035239
0.000347385
0.000342378
0.000337371
0.000332363
0.000327355
0.000322346
0.000317337
0.000312328
0.000307318
0.000302309
0.0002973
0.000292291
0.000287282
0.000282273
0.000277265
0.000272256
0.000267249
0.000262242
0.000257235
0.000252229
0.000247223
0.000242218
0.000237213
0.000232209
0.000227205
0.000222202
0.0002172
0.000212198
0.000207197
0.000202197
0.000197197
0.000192197
0.000187198
0.0001822
0.000177203
0.000172205
0.000167209
0.000162213
0.000157217
0.000152222
0.000147228
0.000142234
0.00013724
0.000132247
0.000127254
0.000122262
0.00011727
0.000112279
0.000107287
0.000102297
9.73062e-05
9.23161e-05
8.73263e-05
8.23367e-05
7.73474e-05
7.23584e-05
6.73696e-05
6.2381e-05
5.73926e-05
5.24044e-05
4.74164e-05
4.24285e-05
3.74408e-05
3.24531e-05
2.74656e-05
2.24782e-05
1.74909e-05
1.25035e-05
7.51567e-06
2.50906e-06
0.000594719
0.00058881
0.000583133
0.000577731
0.000572551
0.000567534
0.000562635
0.000557821
0.000553061
0.00054833
0.000543613
0.000538897
0.000534177
0.000529447
0.000524704
0.000519947
0.000515175
0.000510388
0.000505587
0.000500771
0.00049594
0.000491097
0.000486241
0.000481373
0.000476493
0.000471603
0.000466704
0.000461794
0.000456877
0.000451951
0.000447017
0.000442077
0.000437129
0.000432176
0.000427217
0.000422253
0.000417284
0.00041231
0.000407332
0.000402351
0.000397366
0.000392378
0.000387387
0.000382393
0.000377397
0.000372399
0.000367399
0.000362397
0.000357394
0.00035239
0.000347385
0.000342378
0.000337371
0.000332363
0.000327355
0.000322346
0.000317337
0.000312328
0.000307318
0.000302309
0.0002973
0.000292291
0.000287282
0.000282273
0.000277265
0.000272256
0.000267249
0.000262242
0.000257235
0.000252229
0.000247223
0.000242218
0.000237213
0.000232209
0.000227205
0.000222202
0.0002172
0.000212198
0.000207197
0.000202197
0.000197197
0.000192197
0.000187198
0.0001822
0.000177203
0.000172205
0.000167209
0.000162213
0.000157217
0.000152222
0.000147228
0.000142234
0.00013724
0.000132247
0.000127254
0.000122262
0.00011727
0.000112279
0.000107287
0.000102297
9.73063e-05
9.23161e-05
8.73263e-05
8.23368e-05
7.73475e-05
7.23584e-05
6.73696e-05
6.23811e-05
5.73927e-05
5.24045e-05
4.74164e-05
4.24285e-05
3.74408e-05
3.24532e-05
2.74656e-05
2.24782e-05
1.74909e-05
1.25035e-05
7.51561e-06
2.50902e-06
0.000592567
0.000587212
0.000581936
0.000576843
0.000571905
0.00056706
0.000562284
0.000557565
0.000552878
0.000548202
0.000543525
0.000538837
0.000534136
0.000529418
0.000524684
0.000519932
0.000515164
0.000510379
0.000505579
0.000500763
0.000495934
0.000491091
0.000486235
0.000481368
0.000476489
0.000471599
0.0004667
0.000461791
0.000456874
0.000451948
0.000447015
0.000442074
0.000437127
0.000432174
0.000427216
0.000422251
0.000417282
0.000412309
0.000407331
0.00040235
0.000397365
0.000392377
0.000387386
0.000382393
0.000377397
0.000372399
0.000367399
0.000362397
0.000357394
0.00035239
0.000347384
0.000342378
0.000337371
0.000332363
0.000327355
0.000322346
0.000317337
0.000312328
0.000307318
0.000302309
0.0002973
0.000292291
0.000287282
0.000282273
0.000277265
0.000272257
0.000267249
0.000262242
0.000257235
0.000252229
0.000247223
0.000242218
0.000237213
0.000232209
0.000227206
0.000222203
0.0002172
0.000212199
0.000207197
0.000202197
0.000197197
0.000192197
0.000187199
0.0001822
0.000177203
0.000172206
0.000167209
0.000162213
0.000157217
0.000152222
0.000147228
0.000142234
0.00013724
0.000132247
0.000127254
0.000122262
0.00011727
0.000112279
0.000107288
0.000102297
9.73064e-05
9.23162e-05
8.73264e-05
8.23368e-05
7.73475e-05
7.23585e-05
6.73697e-05
6.23811e-05
5.73927e-05
5.24045e-05
4.74165e-05
4.24286e-05
3.74408e-05
3.24532e-05
2.74657e-05
2.24782e-05
1.74909e-05
1.25034e-05
7.51559e-06
2.50901e-06
0.000590513
0.000585473
0.000580534
0.000575763
0.000571088
0.000566446
0.00056184
0.000557251
0.000552659
0.000548051
0.00054342
0.000538765
0.000534086
0.000529384
0.000524659
0.000519914
0.000515149
0.000510367
0.000505568
0.000500754
0.000495925
0.000491083
0.000486228
0.000481361
0.000476482
0.000471593
0.000466694
0.000461786
0.000456869
0.000451944
0.000447011
0.000442071
0.000437125
0.000432172
0.000427213
0.000422249
0.000417281
0.000412307
0.00040733
0.000402349
0.000397364
0.000392376
0.000387385
0.000382392
0.000377396
0.000372398
0.000367398
0.000362397
0.000357394
0.00035239
0.000347384
0.000342378
0.000337371
0.000332363
0.000327355
0.000322346
0.000317337
0.000312328
0.000307319
0.000302309
0.0002973
0.000292291
0.000287282
0.000282273
0.000277265
0.000272257
0.000267249
0.000262242
0.000257235
0.000252229
0.000247223
0.000242218
0.000237213
0.000232209
0.000227206
0.000222203
0.000217201
0.000212199
0.000207198
0.000202197
0.000197197
0.000192198
0.000187199
0.000182201
0.000177203
0.000172206
0.000167209
0.000162213
0.000157218
0.000152223
0.000147228
0.000142234
0.00013724
0.000132247
0.000127255
0.000122262
0.00011727
0.000112279
0.000107288
0.000102297
9.73065e-05
9.23164e-05
8.73265e-05
8.23369e-05
7.73477e-05
7.23586e-05
6.73698e-05
6.23812e-05
5.73928e-05
5.24046e-05
4.74166e-05
4.24287e-05
3.74409e-05
3.24532e-05
2.74657e-05
2.24783e-05
1.74909e-05
1.25034e-05
7.5156e-06
2.50902e-06
0.000588551
0.000583631
0.000578989
0.00057453
0.000570139
0.000565753
0.00056135
0.00055691
0.000552425
0.000547891
0.000543312
0.000538692
0.000534036
0.000529348
0.000524633
0.000519894
0.000515133
0.000510353
0.000505556
0.000500743
0.000495915
0.000491073
0.000486219
0.000481353
0.000476475
0.000471586
0.000466688
0.00046178
0.000456864
0.000451939
0.000447007
0.000442067
0.000437121
0.000432169
0.00042721
0.000422247
0.000417278
0.000412305
0.000407328
0.000402347
0.000397362
0.000392375
0.000387384
0.000382391
0.000377395
0.000372397
0.000367397
0.000362396
0.000357393
0.000352389
0.000347384
0.000342378
0.000337371
0.000332363
0.000327355
0.000322346
0.000317337
0.000312328
0.000307319
0.000302309
0.0002973
0.000292291
0.000287282
0.000282273
0.000277265
0.000272257
0.000267249
0.000262242
0.000257236
0.000252229
0.000247224
0.000242218
0.000237214
0.00023221
0.000227206
0.000222203
0.000217201
0.000212199
0.000207198
0.000202197
0.000197197
0.000192198
0.000187199
0.000182201
0.000177203
0.000172206
0.00016721
0.000162214
0.000157218
0.000152223
0.000147228
0.000142234
0.000137241
0.000132248
0.000127255
0.000122263
0.000117271
0.000112279
0.000107288
0.000102297
9.73067e-05
9.23165e-05
8.73267e-05
8.23371e-05
7.73478e-05
7.23587e-05
6.73699e-05
6.23813e-05
5.73929e-05
5.24047e-05
4.74166e-05
4.24287e-05
3.7441e-05
3.24533e-05
2.74658e-05
2.24783e-05
1.7491e-05
1.25035e-05
7.51565e-06
2.50903e-06
0.000586708
0.000581707
0.000577358
0.000573254
0.000569179
0.000565063
0.000560867
0.000556579
0.0005522
0.00054774
0.00054321
0.000538623
0.000533988
0.000529314
0.000524607
0.000519874
0.000515116
0.000510339
0.000505543
0.000500731
0.000495904
0.000491063
0.000486209
0.000481343
0.000476466
0.000471579
0.000466681
0.000461774
0.000456858
0.000451934
0.000447002
0.000442063
0.000437117
0.000432165
0.000427207
0.000422244
0.000417275
0.000412303
0.000407326
0.000402345
0.00039736
0.000392373
0.000387382
0.000382389
0.000377394
0.000372396
0.000367397
0.000362395
0.000357393
0.000352388
0.000347383
0.000342377
0.00033737
0.000332363
0.000327354
0.000322346
0.000317337
0.000312328
0.000307319
0.000302309
0.0002973
0.000292291
0.000287282
0.000282274
0.000277265
0.000272257
0.00026725
0.000262243
0.000257236
0.00025223
0.000247224
0.000242219
0.000237214
0.00023221
0.000227207
0.000222204
0.000217201
0.0002122
0.000207198
0.000202198
0.000197198
0.000192198
0.0001872
0.000182201
0.000177204
0.000172207
0.00016721
0.000162214
0.000157218
0.000152223
0.000147229
0.000142235
0.000137241
0.000132248
0.000127255
0.000122263
0.000117271
0.000112279
0.000107288
0.000102297
9.73069e-05
9.23167e-05
8.73269e-05
8.23373e-05
7.7348e-05
7.23589e-05
6.73701e-05
6.23815e-05
5.73931e-05
5.24048e-05
4.74168e-05
4.24288e-05
3.74411e-05
3.24534e-05
2.74658e-05
2.24784e-05
1.7491e-05
1.25036e-05
7.51573e-06
2.50907e-06
0.000584942
0.000579619
0.000575677
0.000572018
0.000568297
0.000564453
0.000560458
0.000556309
0.000552023
0.000547624
0.000543134
0.000538571
0.000533951
0.000529287
0.000524586
0.000519855
0.0005151
0.000510324
0.000505529
0.000500718
0.000495891
0.000491051
0.000486198
0.000481333
0.000476457
0.00047157
0.000466673
0.000461767
0.000456851
0.000451928
0.000446996
0.000442058
0.000437112
0.000432161
0.000427203
0.00042224
0.000417272
0.0004123
0.000407323
0.000402342
0.000397358
0.000392371
0.000387381
0.000382388
0.000377392
0.000372395
0.000367395
0.000362394
0.000357392
0.000352388
0.000347383
0.000342377
0.00033737
0.000332362
0.000327354
0.000322346
0.000317337
0.000312328
0.000307319
0.00030231
0.0002973
0.000292291
0.000287283
0.000282274
0.000277266
0.000272258
0.00026725
0.000262243
0.000257236
0.00025223
0.000247224
0.000242219
0.000237215
0.000232211
0.000227207
0.000222204
0.000217202
0.0002122
0.000207199
0.000202198
0.000197198
0.000192199
0.0001872
0.000182202
0.000177204
0.000172207
0.00016721
0.000162214
0.000157219
0.000152224
0.000147229
0.000142235
0.000137241
0.000132248
0.000127255
0.000122263
0.000117271
0.00011228
0.000107288
0.000102298
9.73071e-05
9.2317e-05
8.73271e-05
8.23375e-05
7.73482e-05
7.23591e-05
6.73702e-05
6.23816e-05
5.73932e-05
5.2405e-05
4.74169e-05
4.24289e-05
3.74412e-05
3.24535e-05
2.74659e-05
2.24784e-05
1.74911e-05
1.25036e-05
7.51582e-06
2.50915e-06
0.000582589
0.000576868
0.000573861
0.000570868
0.000567563
0.000564002
0.000560192
0.000556156
0.000551937
0.000547575
0.000543105
0.000538552
0.000533937
0.000529274
0.000524573
0.000519842
0.000515087
0.00051031
0.000505516
0.000500705
0.000495879
0.00049104
0.000486187
0.000481323
0.000476448
0.000471561
0.000466665
0.000461759
0.000456845
0.000451922
0.000446991
0.000442053
0.000437108
0.000432156
0.000427199
0.000422237
0.000417269
0.000412297
0.00040732
0.00040234
0.000397356
0.000392369
0.000387379
0.000382386
0.000377391
0.000372394
0.000367394
0.000362393
0.000357391
0.000352387
0.000347382
0.000342376
0.000337369
0.000332362
0.000327354
0.000322346
0.000317337
0.000312328
0.000307319
0.00030231
0.000297301
0.000292292
0.000287283
0.000282274
0.000277266
0.000272258
0.000267251
0.000262243
0.000257237
0.000252231
0.000247225
0.00024222
0.000237215
0.000232211
0.000227208
0.000222205
0.000217202
0.0002122
0.000207199
0.000202199
0.000197199
0.000192199
0.000187201
0.000182202
0.000177205
0.000172207
0.000167211
0.000162215
0.000157219
0.000152224
0.000147229
0.000142235
0.000137242
0.000132249
0.000127256
0.000122263
0.000117271
0.00011228
0.000107289
0.000102298
9.73074e-05
9.23172e-05
8.73273e-05
8.23377e-05
7.73484e-05
7.23593e-05
6.73704e-05
6.23818e-05
5.73933e-05
5.24051e-05
4.7417e-05
4.24291e-05
3.74413e-05
3.24536e-05
2.7466e-05
2.24785e-05
1.74911e-05
1.25036e-05
7.51586e-06
2.50926e-06
0.000577864
0.000573428
0.000572383
0.000570067
0.000567102
0.000563768
0.000560092
0.000556126
0.000551939
0.000547589
0.00054312
0.000538564
0.000533943
0.000529275
0.00052457
0.000519836
0.000515078
0.000510301
0.000505505
0.000500694
0.000495869
0.00049103
0.000486178
0.000481315
0.00047644
0.000471554
0.000466659
0.000461753
0.000456839
0.000451917
0.000446986
0.000442049
0.000437104
0.000432153
0.000427196
0.000422234
0.000417266
0.000412294
0.000407318
0.000402338
0.000397354
0.000392367
0.000387377
0.000382385
0.00037739
0.000372393
0.000367393
0.000362393
0.00035739
0.000352386
0.000347382
0.000342376
0.000337369
0.000332362
0.000327354
0.000322346
0.000317337
0.000312328
0.000307319
0.00030231
0.000297301
0.000292292
0.000287283
0.000282275
0.000277266
0.000272258
0.000267251
0.000262244
0.000257237
0.000252231
0.000247225
0.00024222
0.000237215
0.000232211
0.000227208
0.000222205
0.000217203
0.000212201
0.0002072
0.000202199
0.000197199
0.0001922
0.000187201
0.000182203
0.000177205
0.000172208
0.000167211
0.000162215
0.000157219
0.000152224
0.00014723
0.000142236
0.000137242
0.000132249
0.000127256
0.000122264
0.000117272
0.00011228
0.000107289
0.000102298
9.73076e-05
9.23174e-05
8.73275e-05
8.23379e-05
7.73485e-05
7.23594e-05
6.73706e-05
6.23819e-05
5.73935e-05
5.24052e-05
4.74171e-05
4.24291e-05
3.74413e-05
3.24536e-05
2.7466e-05
2.24786e-05
1.74911e-05
1.25035e-05
7.51547e-06
2.50905e-06
)
;

boundaryField
{
    frontWall
    {
        type            empty;
    }
    backWall
    {
        type            empty;
    }
    sideWall
    {
        type            zeroGradient;
    }
    outlet
    {
        type            fixedValue;
        value           uniform 0;
    }
    inlet
    {
        type            zeroGradient;
    }
}


// ************************************************************************* //
