/*--------------------------------*- C++ -*----------------------------------*\
  =========                 |
  \\      /  F ield         | OpenFOAM: The Open Source CFD Toolbox
   \\    /   O peration     | Website:  https://openfoam.org
    \\  /    A nd           | Version:  13
     \\/     M anipulation  |
\*---------------------------------------------------------------------------*/
FoamFile
{
    format      ascii;
    class       volScalarField;
    location    "9";
    object      p;
}
// * * * * * * * * * * * * * * * * * * * * * * * * * * * * * * * * * * * * * //

dimensions      [0 2 -2 0 0 0 0];

internalField   nonuniform List<scalar> 
6440
(
0.00153637
0.00153642
0.0015366
0.00153687
0.00153719
0.00153749
0.00153766
0.00153763
0.00153729
0.00153656
0.00153536
0.00153364
0.00153136
0.00152854
0.00152524
0.00152154
0.00151755
0.00151339
0.00150918
0.00150503
0.00150096
0.001497
0.00149322
0.00148961
0.00148653
0.00153588
0.00153599
0.00153629
0.00153673
0.00153729
0.00153791
0.0015385
0.00153899
0.00153926
0.00153923
0.0015388
0.00153787
0.00153636
0.00153422
0.0015314
0.00152789
0.00152372
0.00151896
0.0015137
0.00150802
0.00150201
0.00149573
0.00148947
0.00148348
0.00147821
0.0015349
0.00153512
0.00153558
0.00153627
0.00153716
0.0015382
0.00153931
0.0015404
0.00154136
0.00154207
0.00154242
0.00154228
0.00154151
0.00153999
0.00153762
0.0015343
0.00152999
0.00152474
0.00151862
0.00151171
0.00150413
0.00149604
0.00148783
0.00148014
0.00147369
0.0015332
0.00153353
0.00153416
0.0015351
0.00153632
0.00153776
0.00153936
0.001541
0.00154256
0.00154392
0.00154494
0.00154545
0.00154528
0.00154429
0.0015423
0.00153919
0.00153483
0.00152928
0.00152258
0.00151485
0.00150624
0.00149692
0.00148734
0.00147838
0.00147099
0.00153058
0.001531
0.0015318
0.00153299
0.00153453
0.00153635
0.00153839
0.00154054
0.00154266
0.00154462
0.00154624
0.00154736
0.00154778
0.00154731
0.00154576
0.00154296
0.00153874
0.00153312
0.00152613
0.00151789
0.00150858
0.00149838
0.00148774
0.00147768
0.00146939
0.00152695
0.00152746
0.00152842
0.00152984
0.00153168
0.00153388
0.00153634
0.00153898
0.00154164
0.00154417
0.0015464
0.00154813
0.00154917
0.0015493
0.00154829
0.00154595
0.00154208
0.00153662
0.0015296
0.0015211
0.00151129
0.00150037
0.0014888
0.00147771
0.00146853
0.00152228
0.00152289
0.001524
0.00152564
0.00152777
0.00153033
0.00153321
0.0015363
0.00153949
0.0015426
0.00154544
0.00154782
0.00154952
0.00155032
0.00154998
0.00154826
0.00154495
0.00153986
0.00153303
0.00152446
0.0015143
0.00150274
0.00149029
0.00147817
0.0014681
0.0015166
0.00151729
0.00151854
0.00152039
0.00152281
0.0015257
0.00152899
0.00153254
0.00153625
0.00153992
0.00154338
0.00154643
0.00154884
0.00155039
0.00155082
0.00154987
0.00154728
0.00154281
0.00153633
0.00152789
0.0015175
0.00150539
0.00149205
0.00147891
0.00146793
0.00150995
0.00151071
0.00151209
0.00151414
0.00151681
0.00152003
0.0015237
0.0015277
0.0015319
0.00153615
0.00154023
0.00154396
0.00154713
0.00154948
0.00155076
0.00155069
0.00154897
0.00154533
0.00153943
0.00153128
0.00152084
0.00150825
0.00149406
0.00147989
0.00146796
0.0015024
0.00150322
0.00150471
0.00150692
0.00150982
0.00151333
0.00151735
0.00152177
0.00152645
0.00153126
0.00153597
0.0015404
0.00154433
0.00154753
0.00154972
0.00155062
0.00154989
0.0015472
0.00154218
0.00153453
0.00152426
0.00151135
0.00149636
0.00148113
0.00146821
0.00149402
0.00149489
0.00149646
0.00149881
0.00150189
0.00150564
0.00150997
0.00151476
0.0015199
0.00152524
0.00153056
0.00153569
0.00154039
0.00154445
0.0015476
0.00154953
0.0015499
0.00154831
0.00154434
0.00153757
0.00152768
0.00151466
0.00149898
0.00148265
0.00146875
0.00148493
0.00148582
0.00148744
0.00148987
0.00149307
0.001497
0.00150156
0.00150667
0.0015122
0.00151801
0.00152392
0.00152972
0.0015352
0.00154013
0.00154426
0.00154728
0.00154883
0.00154849
0.00154576
0.00154012
0.00153104
0.0015182
0.00150203
0.00148468
0.00146981
0.00147522
0.00147611
0.00147774
0.0014802
0.00148346
0.00148747
0.00149217
0.00149748
0.0015033
0.00150948
0.0015159
0.00152234
0.00152858
0.0015344
0.00153953
0.00154369
0.00154651
0.00154756
0.00154629
0.00154207
0.00153423
0.00152206
0.00150568
0.00148749
0.00147165
0.00146505
0.00146591
0.0014675
0.00146992
0.00147314
0.00147713
0.00148184
0.00148721
0.00149316
0.00149957
0.00150635
0.00151333
0.00152028
0.00152697
0.00153315
0.00153851
0.00154271
0.00154531
0.00154575
0.0015433
0.0015371
0.00152623
0.00151018
0.00149145
0.00147478
0.00145455
0.00145535
0.00145686
0.00145916
0.00146225
0.0014661
0.00147067
0.00147592
0.0014818
0.00148822
0.00149515
0.00150246
0.00151
0.00151749
0.0015247
0.00153134
0.00153705
0.00154141
0.00154384
0.00154356
0.00153954
0.00153056
0.00151582
0.00149707
0.00147982
0.00144388
0.00144461
0.00144599
0.0014481
0.00145095
0.00145451
0.00145877
0.0014637
0.00146926
0.00147545
0.00148224
0.00148957
0.00149738
0.00150548
0.00151362
0.00152154
0.00152889
0.00153524
0.00154001
0.00154241
0.00154127
0.00153515
0.00152278
0.00150516
0.00148781
0.00143324
0.00143387
0.00143506
0.00143691
0.00143941
0.00144255
0.00144632
0.00145071
0.00145571
0.00146135
0.00146765
0.00147461
0.00148223
0.0014905
0.00149922
0.00150818
0.00151711
0.00152562
0.00153316
0.00153888
0.00154157
0.00153979
0.00153147
0.00151693
0.00150051
0.00142278
0.00142328
0.00142425
0.00142576
0.00142782
0.00143041
0.00143352
0.00143716
0.00144136
0.00144615
0.00145159
0.00145772
0.00146461
0.00147232
0.00148096
0.00149036
0.00150038
0.00151082
0.00152126
0.00153104
0.00153902
0.00154345
0.00154182
0.00153383
0.00152136
0.00141268
0.00141304
0.00141375
0.00141489
0.00141643
0.00141837
0.00142072
0.00142348
0.0014267
0.00143041
0.00143468
0.00143959
0.00144524
0.00145176
0.00145929
0.00146811
0.00147824
0.00148961
0.00150224
0.00151594
0.0015302
0.0015434
0.00155277
0.00155787
0.00155743
0.00140307
0.0014033
0.00140378
0.00140454
0.00140559
0.00140692
0.00140853
0.00141045
0.0014127
0.00141534
0.00141842
0.00142203
0.00142628
0.00143132
0.00143737
0.00144469
0.00145363
0.00146468
0.00147804
0.00149403
0.00151331
0.00153628
0.00156183
0.00159025
0.00161987
0.00139404
0.00139421
0.00139456
0.00139512
0.00139591
0.00139691
0.00139814
0.00139962
0.00140137
0.00140343
0.00140587
0.00140877
0.00141225
0.00141645
0.00142159
0.0014279
0.00143572
0.00144549
0.00145791
0.00147386
0.00149433
0.00152063
0.00155628
0.00161038
0.00170602
0.00138537
0.00138553
0.00138587
0.00138642
0.00138718
0.00138816
0.00138937
0.00139082
0.00139254
0.00139457
0.00139698
0.00139984
0.00140328
0.00140744
0.00141251
0.00141875
0.0014265
0.00143618
0.00144839
0.00146398
0.00148399
0.00151033
0.00154637
0.00159863
0.00167373
0.00137703
0.00137721
0.00137756
0.00137813
0.00137891
0.00137993
0.00138118
0.00138268
0.00138445
0.00138655
0.00138902
0.00139195
0.00139544
0.00139965
0.00140475
0.00141097
0.00141862
0.00142809
0.00143989
0.00145469
0.00147338
0.00149728
0.00152827
0.00156837
0.00161646
0.00136903
0.00136921
0.00136957
0.00137015
0.00137096
0.00137199
0.00137326
0.00137478
0.00137658
0.00137869
0.00138117
0.00138408
0.00138754
0.00139166
0.00139662
0.0014026
0.00140986
0.00141872
0.00142955
0.00144282
0.0014591
0.00147902
0.00150314
0.00153125
0.0015605
0.00136135
0.00136153
0.0013619
0.00136247
0.00136327
0.0013643
0.00136555
0.00136705
0.00136881
0.00137086
0.00137325
0.00137605
0.00137933
0.00138321
0.00138782
0.00139331
0.00139989
0.00140775
0.00141715
0.00142835
0.00144157
0.00145695
0.00147431
0.00149261
0.00150934
0.00135399
0.00135417
0.00135453
0.00135509
0.00135586
0.00135685
0.00135805
0.00135948
0.00136115
0.00136308
0.00136531
0.00136789
0.00137089
0.0013744
0.00137851
0.00138333
0.00138899
0.00139562
0.00140334
0.00141222
0.00142227
0.0014333
0.00144481
0.00145566
0.00146395
0.00134695
0.00134713
0.00134747
0.001348
0.00134873
0.00134965
0.00135077
0.00135209
0.00135362
0.00135538
0.00135739
0.00135969
0.00136232
0.00136536
0.00136886
0.00137289
0.00137752
0.0013828
0.00138875
0.00139533
0.00140238
0.00140958
0.00141632
0.00142162
0.00142408
0.00134023
0.0013404
0.00134071
0.0013412
0.00134187
0.00134271
0.00134373
0.00134491
0.00134627
0.00134781
0.00134955
0.00135151
0.00135372
0.00135622
0.00135905
0.00136223
0.00136578
0.0013697
0.00137392
0.00137835
0.00138273
0.00138671
0.0013897
0.00139088
0.00138924
0.00133383
0.00133399
0.00133427
0.0013347
0.00133529
0.00133604
0.00133693
0.00133795
0.00133911
0.00134041
0.00134184
0.00134343
0.00134518
0.00134711
0.00134924
0.00135155
0.00135404
0.00135665
0.00135928
0.00136178
0.00136388
0.00136522
0.0013653
0.00136345
0.00135891
0.00132775
0.00132788
0.00132813
0.0013285
0.00132901
0.00132964
0.00133039
0.00133124
0.00133218
0.00133321
0.00133432
0.00133552
0.00133679
0.00133815
0.00133958
0.00134105
0.00134252
0.00134392
0.00134513
0.00134595
0.00134616
0.00134539
0.00134323
0.00133916
0.0013326
0.00132199
0.0013221
0.0013223
0.00132261
0.00132303
0.00132354
0.00132413
0.00132479
0.0013255
0.00132626
0.00132704
0.00132784
0.00132864
0.00132944
0.00133019
0.00133087
0.00133142
0.00133173
0.00133169
0.0013311
0.00132975
0.00132733
0.00132347
0.00131779
0.00130983
0.00131654
0.00131664
0.00131679
0.00131703
0.00131735
0.00131774
0.00131817
0.00131864
0.00131912
0.00131959
0.00132005
0.00132046
0.0013208
0.00132106
0.00132119
0.00132114
0.00132085
0.00132021
0.0013191
0.00131735
0.00131474
0.00131103
0.00130592
0.00129908
0.00129019
0.00131143
0.00131149
0.0013116
0.00131177
0.00131199
0.00131225
0.00131253
0.0013128
0.00131305
0.00131325
0.00131338
0.00131342
0.00131333
0.00131309
0.00131265
0.00131195
0.00131092
0.00130947
0.00130747
0.00130476
0.00130116
0.00129647
0.00129043
0.0012828
0.00127332
0.00130663
0.00130668
0.00130674
0.00130684
0.00130696
0.00130709
0.00130721
0.00130729
0.00130732
0.00130726
0.00130708
0.00130677
0.00130629
0.00130559
0.00130464
0.00130336
0.0013017
0.00129956
0.00129682
0.00129335
0.00128899
0.00128356
0.00127686
0.00126871
0.0012589
0.00130217
0.00130219
0.00130221
0.00130223
0.00130226
0.00130226
0.00130223
0.00130213
0.00130194
0.00130164
0.00130118
0.00130055
0.0012997
0.0012986
0.00129719
0.00129542
0.00129323
0.00129051
0.00128718
0.00128311
0.00127817
0.0012722
0.00126507
0.0012566
0.00124664
0.00129803
0.00129803
0.001298
0.00129796
0.00129789
0.00129778
0.0012976
0.00129733
0.00129694
0.00129641
0.00129569
0.00129477
0.00129359
0.00129214
0.00129034
0.00128816
0.00128551
0.00128234
0.00127853
0.00127401
0.00126864
0.00126231
0.00125489
0.00124626
0.00123632
0.00129421
0.00129419
0.00129412
0.00129402
0.00129386
0.00129364
0.00129333
0.0012929
0.00129232
0.00129158
0.00129063
0.00128945
0.00128799
0.00128623
0.0012841
0.00128157
0.00127856
0.00127502
0.00127086
0.00126599
0.00126032
0.00125376
0.00124619
0.00123753
0.0012277
0.00129073
0.00129069
0.00129058
0.00129041
0.00129018
0.00128985
0.00128941
0.00128883
0.0012881
0.00128716
0.00128601
0.0012846
0.0012829
0.00128087
0.00127847
0.00127566
0.00127236
0.00126854
0.00126411
0.001259
0.00125314
0.00124645
0.00123884
0.00123025
0.0012206
0.00128757
0.00128751
0.00128736
0.00128714
0.00128683
0.00128641
0.00128585
0.00128515
0.00128426
0.00128316
0.00128183
0.00128023
0.00127832
0.00127608
0.00127345
0.00127041
0.0012669
0.00126286
0.00125824
0.00125298
0.00124702
0.00124028
0.00123271
0.00122425
0.00121486
0.00128472
0.00128465
0.00128447
0.0012842
0.00128382
0.00128331
0.00128266
0.00128183
0.00128082
0.00127958
0.00127809
0.00127632
0.00127424
0.00127182
0.00126903
0.00126581
0.00126213
0.00125795
0.00125321
0.00124787
0.00124187
0.00123516
0.00122769
0.00121942
0.00121032
0.00128219
0.0012821
0.0012819
0.00128158
0.00128114
0.00128055
0.00127981
0.00127889
0.00127776
0.0012764
0.00127478
0.00127288
0.00127066
0.0012681
0.00126517
0.00126183
0.00125804
0.00125377
0.00124897
0.0012436
0.00123762
0.00123099
0.00122367
0.00121563
0.00120685
0.00127997
0.00127987
0.00127964
0.00127928
0.00127878
0.00127813
0.00127732
0.0012763
0.00127508
0.00127361
0.00127189
0.00126988
0.00126756
0.0012649
0.00126187
0.00125844
0.00125458
0.00125027
0.00124545
0.0012401
0.00123419
0.00122769
0.00122056
0.00121278
0.00120434
0.00127805
0.00127794
0.00127768
0.00127729
0.00127675
0.00127604
0.00127516
0.00127407
0.00127277
0.00127122
0.00126941
0.00126732
0.00126491
0.00126218
0.00125909
0.00125561
0.00125172
0.0012474
0.00124261
0.00123732
0.00123152
0.00122517
0.00121825
0.00121076
0.00120267
0.00127643
0.0012763
0.00127602
0.0012756
0.00127502
0.00127427
0.00127333
0.00127218
0.00127081
0.0012692
0.00126733
0.00126517
0.00126271
0.00125993
0.0012568
0.00125331
0.00124942
0.00124512
0.00124039
0.00123519
0.00122952
0.00122335
0.00121668
0.00120948
0.00120175
0.00127508
0.00127494
0.00127466
0.00127421
0.0012736
0.0012728
0.00127182
0.00127062
0.0012692
0.00126754
0.00126562
0.00126342
0.00126093
0.00125812
0.00125499
0.0012515
0.00124764
0.00124339
0.00123874
0.00123366
0.00122815
0.00122218
0.00121575
0.00120886
0.0012015
0.00127401
0.00127387
0.00127356
0.0012731
0.00127246
0.00127163
0.00127061
0.00126938
0.00126792
0.00126623
0.00126427
0.00126205
0.00125954
0.00125673
0.00125361
0.00125015
0.00124634
0.00124217
0.00123762
0.00123268
0.00122733
0.00122158
0.00121541
0.00120883
0.00120183
0.0012732
0.00127305
0.00127274
0.00127225
0.00127159
0.00127075
0.0012697
0.00126844
0.00126696
0.00126524
0.00126327
0.00126104
0.00125853
0.00125573
0.00125263
0.00124922
0.00124548
0.0012414
0.00123697
0.00123218
0.00122703
0.0012215
0.00121559
0.00120932
0.00120267
0.00127263
0.00127248
0.00127216
0.00127167
0.00127099
0.00127013
0.00126906
0.00126778
0.00126628
0.00126455
0.00126258
0.00126035
0.00125786
0.00125509
0.00125204
0.00124869
0.00124503
0.00124106
0.00123676
0.00123214
0.00122717
0.00122187
0.00121623
0.00121026
0.00120397
0.00127231
0.00127215
0.00127183
0.00127133
0.00127064
0.00126976
0.00126868
0.0012674
0.00126589
0.00126416
0.00126219
0.00125998
0.00125752
0.00125479
0.0012518
0.00124852
0.00124496
0.0012411
0.00123695
0.00123249
0.00122772
0.00122266
0.00121728
0.00121162
0.00120566
0.00127221
0.00127205
0.00127172
0.00127122
0.00127052
0.00126964
0.00126856
0.00126727
0.00126576
0.00126404
0.00126209
0.0012599
0.00125748
0.0012548
0.00125187
0.00124868
0.00124522
0.00124149
0.00123748
0.0012332
0.00122864
0.0012238
0.00121869
0.00121332
0.00120769
0.00127232
0.00127216
0.00127183
0.00127132
0.00127063
0.00126974
0.00126866
0.00126737
0.00126588
0.00126417
0.00126224
0.00126009
0.00125771
0.0012551
0.00125224
0.00124914
0.00124579
0.00124219
0.00123834
0.00123423
0.00122987
0.00122527
0.00122042
0.00121533
0.00121002
0.00127263
0.00127247
0.00127215
0.00127164
0.00127094
0.00127006
0.00126898
0.0012677
0.00126622
0.00126454
0.00126264
0.00126053
0.0012582
0.00125565
0.00125288
0.00124988
0.00124664
0.00124318
0.00123948
0.00123555
0.0012314
0.00122701
0.00122242
0.00121761
0.00121261
0.00127313
0.00127297
0.00127265
0.00127214
0.00127145
0.00127057
0.0012695
0.00126824
0.00126678
0.00126512
0.00126326
0.0012612
0.00125893
0.00125645
0.00125376
0.00125086
0.00124774
0.00124442
0.00124088
0.00123712
0.00123317
0.00122901
0.00122465
0.00122012
0.00121541
0.0012738
0.00127364
0.00127332
0.00127282
0.00127214
0.00127127
0.00127021
0.00126897
0.00126753
0.0012659
0.00126408
0.00126207
0.00125986
0.00125746
0.00125486
0.00125206
0.00124907
0.00124588
0.00124249
0.00123892
0.00123516
0.00123121
0.0012271
0.00122282
0.00121839
0.00127463
0.00127448
0.00127416
0.00127366
0.00127299
0.00127213
0.00127109
0.00126987
0.00126846
0.00126687
0.00126509
0.00126314
0.00126099
0.00125867
0.00125616
0.00125347
0.0012506
0.00124754
0.00124431
0.00124091
0.00123734
0.0012336
0.00122972
0.00122569
0.00122152
0.00127561
0.00127546
0.00127514
0.00127466
0.00127399
0.00127315
0.00127213
0.00127093
0.00126955
0.001268
0.00126627
0.00126437
0.0012623
0.00126005
0.00125764
0.00125505
0.0012523
0.00124938
0.0012463
0.00124307
0.00123968
0.00123615
0.00123248
0.00122869
0.00122478
0.00127672
0.00127658
0.00127627
0.00127579
0.00127514
0.00127431
0.00127331
0.00127214
0.00127079
0.00126928
0.0012676
0.00126576
0.00126375
0.00126159
0.00125927
0.00125679
0.00125415
0.00125137
0.00124844
0.00124537
0.00124216
0.00123882
0.00123537
0.00123181
0.00122814
0.00127796
0.00127782
0.00127752
0.00127705
0.00127641
0.0012756
0.00127462
0.00127347
0.00127216
0.00127069
0.00126907
0.00126728
0.00126535
0.00126327
0.00126104
0.00125866
0.00125615
0.00125349
0.00125071
0.00124779
0.00124476
0.00124161
0.00123836
0.00123501
0.00123158
0.00127931
0.00127917
0.00127888
0.00127842
0.00127779
0.001277
0.00127605
0.00127493
0.00127366
0.00127223
0.00127065
0.00126893
0.00126707
0.00126506
0.00126293
0.00126065
0.00125825
0.00125573
0.00125308
0.00125032
0.00124745
0.00124449
0.00124143
0.00123828
0.00123507
0.00128076
0.00128062
0.00128034
0.00127989
0.00127928
0.00127851
0.00127758
0.00127649
0.00127525
0.00127387
0.00127235
0.00127069
0.00126889
0.00126697
0.00126492
0.00126275
0.00126046
0.00125806
0.00125555
0.00125294
0.00125023
0.00124743
0.00124455
0.00124161
0.0012386
0.00128229
0.00128216
0.00128189
0.00128145
0.00128085
0.0012801
0.0012792
0.00127814
0.00127694
0.0012756
0.00127413
0.00127253
0.00127081
0.00126896
0.001267
0.00126493
0.00126275
0.00126047
0.00125809
0.00125562
0.00125306
0.00125043
0.00124773
0.00124497
0.00124216
0.00128391
0.00128378
0.00128351
0.00128309
0.00128251
0.00128178
0.0012809
0.00127988
0.00127871
0.00127742
0.001276
0.00127446
0.0012728
0.00127103
0.00126916
0.00126718
0.00126511
0.00126294
0.00126069
0.00125835
0.00125594
0.00125346
0.00125093
0.00124834
0.00124572
0.00128559
0.00128547
0.00128521
0.0012848
0.00128423
0.00128352
0.00128267
0.00128168
0.00128055
0.0012793
0.00127793
0.00127645
0.00127486
0.00127317
0.00127138
0.00126949
0.00126752
0.00126546
0.00126333
0.00126112
0.00125885
0.00125652
0.00125414
0.00125172
0.00124927
0.00128733
0.00128722
0.00128696
0.00128656
0.00128602
0.00128533
0.0012845
0.00128354
0.00128245
0.00128124
0.00127992
0.0012785
0.00127697
0.00127535
0.00127364
0.00127185
0.00126997
0.00126802
0.001266
0.00126392
0.00126178
0.00125959
0.00125736
0.0012551
0.00125281
0.00128912
0.00128901
0.00128876
0.00128837
0.00128784
0.00128718
0.00128637
0.00128544
0.00128439
0.00128323
0.00128196
0.00128059
0.00127912
0.00127757
0.00127594
0.00127423
0.00127245
0.0012706
0.00126869
0.00126673
0.00126472
0.00126266
0.00126057
0.00125845
0.00125632
0.00129095
0.00129084
0.0012906
0.00129023
0.00128971
0.00128907
0.00128829
0.00128739
0.00128637
0.00128525
0.00128403
0.00128271
0.00128131
0.00127983
0.00127827
0.00127664
0.00127495
0.0012732
0.0012714
0.00126954
0.00126765
0.00126572
0.00126376
0.00126178
0.00125979
0.0012928
0.0012927
0.00129247
0.00129211
0.00129161
0.00129098
0.00129023
0.00128936
0.00128838
0.0012873
0.00128612
0.00128486
0.00128351
0.0012821
0.00128061
0.00127906
0.00127746
0.0012758
0.00127409
0.00127235
0.00127056
0.00126875
0.00126692
0.00126507
0.00126322
0.00129468
0.00129458
0.00129436
0.00129401
0.00129353
0.00129292
0.00129219
0.00129135
0.00129041
0.00128936
0.00128823
0.00128702
0.00128573
0.00128438
0.00128296
0.00128149
0.00127996
0.00127839
0.00127678
0.00127513
0.00127346
0.00127176
0.00127004
0.00126832
0.00126659
0.00129657
0.00129648
0.00129627
0.00129593
0.00129546
0.00129487
0.00129417
0.00129336
0.00129244
0.00129144
0.00129035
0.00128918
0.00128795
0.00128666
0.00128531
0.00128391
0.00128246
0.00128097
0.00127945
0.0012779
0.00127632
0.00127473
0.00127312
0.00127151
0.0012699
0.00129847
0.00129838
0.00129818
0.00129785
0.0012974
0.00129683
0.00129615
0.00129536
0.00129448
0.00129351
0.00129247
0.00129135
0.00129017
0.00128893
0.00128764
0.00128631
0.00128494
0.00128353
0.00128209
0.00128063
0.00127915
0.00127765
0.00127615
0.00127465
0.00127315
0.00130036
0.00130028
0.00130009
0.00129977
0.00129934
0.00129879
0.00129813
0.00129737
0.00129652
0.00129558
0.00129457
0.0012935
0.00129237
0.00129119
0.00128996
0.00128869
0.00128739
0.00128605
0.0012847
0.00128332
0.00128192
0.00128052
0.00127912
0.00127771
0.00127632
0.00130225
0.00130217
0.00130199
0.00130168
0.00130126
0.00130073
0.00130009
0.00129936
0.00129854
0.00129764
0.00129667
0.00129564
0.00129455
0.00129342
0.00129225
0.00129104
0.00128981
0.00128854
0.00128726
0.00128596
0.00128465
0.00128333
0.00128202
0.00128071
0.00127942
0.00130412
0.00130405
0.00130387
0.00130358
0.00130318
0.00130266
0.00130205
0.00130134
0.00130054
0.00129967
0.00129874
0.00129775
0.00129671
0.00129563
0.00129451
0.00129336
0.00129219
0.00129099
0.00128978
0.00128855
0.00128732
0.00128609
0.00128486
0.00128364
0.00128243
0.00130597
0.00130591
0.00130574
0.00130546
0.00130507
0.00130457
0.00130398
0.00130329
0.00130252
0.00130169
0.00130079
0.00129983
0.00129884
0.0012978
0.00129673
0.00129564
0.00129452
0.00129339
0.00129224
0.00129108
0.00128992
0.00128877
0.00128762
0.00128648
0.00128536
0.0013078
0.00130774
0.00130758
0.00130731
0.00130693
0.00130645
0.00130588
0.00130521
0.00130447
0.00130366
0.0013028
0.00130188
0.00130093
0.00129993
0.00129891
0.00129787
0.00129681
0.00129573
0.00129464
0.00129355
0.00129246
0.00129138
0.0012903
0.00128924
0.0012882
0.00130959
0.00130954
0.00130939
0.00130913
0.00130877
0.0013083
0.00130775
0.0013071
0.00130639
0.00130561
0.00130477
0.00130389
0.00130297
0.00130202
0.00130104
0.00130005
0.00129903
0.00129801
0.00129698
0.00129596
0.00129493
0.00129391
0.0012929
0.00129191
0.00129095
0.00131135
0.00131131
0.00131117
0.00131092
0.00131057
0.00131012
0.00130958
0.00130896
0.00130826
0.00130751
0.0013067
0.00130585
0.00130497
0.00130405
0.00130312
0.00130217
0.0013012
0.00130023
0.00129926
0.00129829
0.00129732
0.00129636
0.00129542
0.0012945
0.0012936
0.00131307
0.00131303
0.0013129
0.00131266
0.00131233
0.00131189
0.00131137
0.00131077
0.0013101
0.00130936
0.00130858
0.00130776
0.00130691
0.00130604
0.00130514
0.00130423
0.00130331
0.00130239
0.00130146
0.00130054
0.00129963
0.00129873
0.00129785
0.00129699
0.00129615
0.00131475
0.00131471
0.00131459
0.00131437
0.00131404
0.00131362
0.00131311
0.00131253
0.00131188
0.00131117
0.00131042
0.00130962
0.0013088
0.00130796
0.0013071
0.00130623
0.00130535
0.00130447
0.00130359
0.00130272
0.00130186
0.00130101
0.00130018
0.00129938
0.0012986
0.00131637
0.00131635
0.00131624
0.00131602
0.00131571
0.0013153
0.00131481
0.00131424
0.00131361
0.00131292
0.00131219
0.00131143
0.00131063
0.00130982
0.00130899
0.00130815
0.00130731
0.00130647
0.00130564
0.00130481
0.001304
0.0013032
0.00130243
0.00130167
0.00130095
0.00131794
0.00131793
0.00131783
0.00131763
0.00131733
0.00131693
0.00131646
0.00131591
0.00131529
0.00131462
0.00131391
0.00131317
0.0013124
0.00131161
0.00131081
0.00131001
0.0013092
0.0013084
0.00130761
0.00130682
0.00130605
0.0013053
0.00130457
0.00130387
0.00130319
0.00131946
0.00131946
0.00131937
0.00131918
0.00131889
0.00131851
0.00131805
0.00131751
0.00131691
0.00131626
0.00131557
0.00131484
0.0013141
0.00131334
0.00131257
0.00131179
0.00131102
0.00131025
0.00130949
0.00130874
0.00130801
0.0013073
0.00130662
0.00130596
0.00130533
0.00132093
0.00132093
0.00132086
0.00132068
0.0013204
0.00132003
0.00131958
0.00131906
0.00131847
0.00131784
0.00131716
0.00131646
0.00131573
0.00131499
0.00131424
0.00131349
0.00131275
0.00131201
0.00131128
0.00131057
0.00130988
0.00130921
0.00130856
0.00130794
0.00130735
0.00132233
0.00132235
0.00132229
0.00132212
0.00132186
0.0013215
0.00132106
0.00132055
0.00131997
0.00131935
0.00131869
0.001318
0.00131729
0.00131657
0.00131584
0.00131512
0.0013144
0.00131369
0.00131299
0.00131231
0.00131165
0.00131101
0.0013104
0.00130982
0.00130927
0.00132367
0.00132371
0.00132366
0.00132351
0.00132326
0.00132291
0.00132248
0.00132197
0.00132141
0.00132079
0.00132014
0.00131947
0.00131877
0.00131807
0.00131736
0.00131666
0.00131596
0.00131527
0.0013146
0.00131395
0.00131332
0.00131271
0.00131213
0.00131159
0.00131107
0.00132496
0.00132501
0.00132498
0.00132484
0.0013246
0.00132426
0.00132384
0.00132334
0.00132278
0.00132217
0.00132153
0.00132086
0.00132018
0.00131949
0.0013188
0.00131811
0.00131743
0.00131676
0.00131612
0.00131549
0.00131488
0.00131431
0.00131376
0.00131324
0.00131276
0.00132618
0.00132626
0.00132625
0.00132612
0.00132589
0.00132556
0.00132514
0.00132464
0.00132409
0.00132348
0.00132284
0.00132218
0.00132151
0.00132082
0.00132014
0.00131947
0.00131881
0.00131816
0.00131753
0.00131693
0.00131635
0.0013158
0.00131527
0.00131479
0.00131433
0.00132735
0.00132745
0.00132746
0.00132735
0.00132713
0.0013268
0.00132638
0.00132588
0.00132533
0.00132472
0.00132408
0.00132342
0.00132275
0.00132208
0.0013214
0.00132074
0.00132009
0.00131946
0.00131885
0.00131826
0.00131771
0.00131718
0.00131668
0.00131622
0.00131579
0.00132847
0.00132859
0.00132864
0.00132854
0.00132832
0.00132799
0.00132756
0.00132706
0.0013265
0.00132589
0.00132524
0.00132458
0.00132391
0.00132324
0.00132257
0.00132192
0.00132128
0.00132066
0.00132007
0.0013195
0.00131896
0.00131845
0.00131797
0.00131753
0.00131713
0.00132953
0.0013297
0.00132977
0.00132969
0.00132947
0.00132913
0.00132869
0.00132818
0.0013276
0.00132698
0.00132632
0.00132566
0.00132498
0.00132431
0.00132365
0.001323
0.00132237
0.00132176
0.00132118
0.00132062
0.0013201
0.0013196
0.00131915
0.00131873
0.00131835
0.00133057
0.00133078
0.00133089
0.00133081
0.00133058
0.00133023
0.00132977
0.00132923
0.00132863
0.00132799
0.00132732
0.00132664
0.00132596
0.00132529
0.00132462
0.00132398
0.00132335
0.00132275
0.00132218
0.00132164
0.00132112
0.00132065
0.00132021
0.0013198
0.00131944
0.00133159
0.00133186
0.00133199
0.00133192
0.00133167
0.00133128
0.00133079
0.00133022
0.00132959
0.00132892
0.00132823
0.00132754
0.00132684
0.00132616
0.0013255
0.00132485
0.00132423
0.00132364
0.00132307
0.00132254
0.00132204
0.00132158
0.00132115
0.00132076
0.00132042
0.00133263
0.00133296
0.00133313
0.00133303
0.00133274
0.0013323
0.00133176
0.00133113
0.00133046
0.00132976
0.00132905
0.00132833
0.00132763
0.00132694
0.00132627
0.00132562
0.001325
0.00132441
0.00132385
0.00132333
0.00132284
0.00132239
0.00132198
0.0013216
0.00132127
0.00133374
0.00133414
0.00133433
0.00133418
0.00133381
0.00133329
0.00133266
0.00133198
0.00133125
0.00133051
0.00132976
0.00132903
0.0013283
0.0013276
0.00132693
0.00132628
0.00132566
0.00132508
0.00132452
0.00132401
0.00132353
0.00132308
0.00132268
0.00132232
0.001322
0.00133506
0.00133549
0.00133564
0.00133538
0.00133488
0.00133423
0.0013335
0.00133273
0.00133195
0.00133115
0.00133037
0.00132961
0.00132887
0.00132816
0.00132748
0.00132683
0.00132621
0.00132563
0.00132508
0.00132457
0.0013241
0.00132366
0.00132327
0.00132292
0.00132261
0.00133676
0.00133714
0.00133715
0.00133667
0.00133594
0.00133512
0.00133426
0.00133338
0.00133252
0.00133168
0.00133086
0.00133007
0.00132932
0.0013286
0.00132791
0.00132726
0.00132664
0.00132606
0.00132552
0.00132502
0.00132455
0.00132412
0.00132374
0.0013234
0.0013231
0.00133922
0.00133928
0.00133892
0.00133804
0.00133699
0.00133592
0.00133489
0.0013339
0.00133296
0.00133207
0.00133122
0.00133041
0.00132964
0.00132892
0.00132823
0.00132758
0.00132696
0.00132639
0.00132585
0.00132535
0.00132489
0.00132447
0.00132409
0.00132375
0.00132346
0.00134336
0.00134233
0.001341
0.00133943
0.00133791
0.00133655
0.00133534
0.00133424
0.00133323
0.0013323
0.00133143
0.00133061
0.00132984
0.00132911
0.00132842
0.00132777
0.00132717
0.00132659
0.00132606
0.00132557
0.00132511
0.0013247
0.00132432
0.00132399
0.0013237
0.00135239
0.00134723
0.00134334
0.00134063
0.00133855
0.00133688
0.0013355
0.00133433
0.00133329
0.00133234
0.00133147
0.00133066
0.00132989
0.00132917
0.00132849
0.00132785
0.00132725
0.00132669
0.00132616
0.00132567
0.00132522
0.00132481
0.00132444
0.00132411
0.00132383
0.00136998
0.00135379
0.00134545
0.0013414
0.00133879
0.00133689
0.00133543
0.00133423
0.0013332
0.00133227
0.00133141
0.00133061
0.00132986
0.00132915
0.00132848
0.00132785
0.00132725
0.0013267
0.00132618
0.00132569
0.00132525
0.00132484
0.00132447
0.00132415
0.00132387
-0.194626
-0.190175
-0.182067
-0.170385
-0.156381
-0.141283
-0.125793
-0.110186
-0.0947729
-0.0800927
-0.0665522
-0.0543894
-0.0438379
-0.0350491
-0.0280443
-0.0226263
-0.0184874
-0.0153446
-0.0129708
-0.0111867
-0.00985769
-0.00888489
-0.00820158
-0.00774422
-0.00748494
-0.172451
-0.165556
-0.153066
-0.135874
-0.11677
-0.097805
-0.0803993
-0.065308
-0.0528326
-0.0427944
-0.034782
-0.0283464
-0.0231114
-0.0189072
-0.0156118
-0.0130963
-0.0111987
-0.00976933
-0.00872769
-0.00794816
-0.00736454
-0.00693463
-0.00663089
-0.00642791
-0.00630872
-0.125412
-0.118123
-0.105464
-0.0896355
-0.0739855
-0.0596938
-0.0470149
-0.0362612
-0.0277699
-0.0214847
-0.0169944
-0.0138308
-0.0115321
-0.00981888
-0.00853253
-0.00756335
-0.00684665
-0.00632182
-0.00593866
-0.0056647
-0.00546852
-0.0053283
-0.00523312
-0.0051748
-0.00513919
-0.0896118
-0.0805378
-0.0682123
-0.0551795
-0.0436182
-0.0338602
-0.025783
-0.0192924
-0.0143571
-0.010838
-0.00851394
-0.0070619
-0.00614623
-0.00554789
-0.00514414
-0.00486386
-0.00466299
-0.004517
-0.00440887
-0.00432555
-0.00426573
-0.00422553
-0.00420352
-0.004199
-0.00419714
-0.0583747
-0.0502519
-0.0400552
-0.0304811
-0.0228501
-0.0169919
-0.0126267
-0.00945753
-0.00724009
-0.00581008
-0.00491445
-0.0043673
-0.00404271
-0.00385018
-0.00373196
-0.00365052
-0.0035879
-0.00353695
-0.00349578
-0.00346602
-0.00344543
-0.003435
-0.00343599
-0.00344946
-0.00346165
-0.0352773
-0.0288754
-0.0212932
-0.0147992
-0.0101258
-0.0069888
-0.00504619
-0.00391984
-0.00334734
-0.00306576
-0.00292716
-0.00286582
-0.00284605
-0.00284547
-0.00285158
-0.00285678
-0.00285783
-0.00285477
-0.00284931
-0.00284402
-0.00284146
-0.0028435
-0.00285245
-0.00287041
-0.00288752
-0.0200077
-0.0152314
-0.00970842
-0.0052916
-0.00254646
-0.00111956
-0.000606092
-0.000646277
-0.00096116
-0.00130144
-0.00160747
-0.00184516
-0.00201624
-0.00213599
-0.0022182
-0.00227383
-0.00231082
-0.00233499
-0.00235092
-0.00236234
-0.00237221
-0.00238253
-0.00239582
-0.00241423
-0.00243207
-0.00962699
-0.00635743
-0.0025875
0.000264795
0.00174883
0.00215934
0.00185529
0.00120166
0.000465661
-0.000185853
-0.0007076
-0.00110993
-0.00139982
-0.00160081
-0.00173737
-0.00182899
-0.00189023
-0.00193155
-0.00196011
-0.00198101
-0.00199782
-0.00201299
-0.00202858
-0.00204656
-0.00206367
-0.00320041
-0.0010238
0.00141734
0.00314709
0.00381114
0.00365556
0.00301552
0.00214925
0.00127198
0.000507731
-9.39005e-05
-0.000568392
-0.000922194
-0.00117493
-0.00135049
-0.00147029
-0.00155122
-0.001606
-0.0016438
-0.00167095
-0.00169181
-0.0017093
-0.00172561
-0.00174287
-0.00175909
0.000465151
0.00189775
0.00342081
0.00435316
0.00452807
0.0041298
0.00339802
0.0025274
0.00166962
0.000915975
0.000306959
-0.000173294
-0.000546697
-0.00082478
-0.00102502
-0.00116579
-0.00126328
-0.00133024
-0.00137656
-0.00140939
-0.00143374
-0.00145302
-0.00146972
-0.00148616
-0.00150149
0.00245268
0.00337111
0.00426821
0.00469553
0.00459016
0.00409355
0.00337625
0.00258458
0.00181666
0.00113284
0.000566748
0.000112067
-0.000253173
-0.000535964
-0.000747485
-0.000901464
-0.00101133
-0.00108872
-0.00114308
-0.0011816
-0.00120966
-0.00123101
-0.00124837
-0.00126425
-0.00127866
0.00342172
0.00398943
0.00446699
0.0045915
0.00435149
0.00384506
0.00319334
0.0024987
0.00183027
0.00123048
0.00071808
0.000309781
-2.97882e-05
-0.000302266
-0.000513446
-0.000672664
-0.000789883
-0.000874766
-0.000935602
-0.000979336
-0.00101109
-0.0010347
-0.00105302
-0.00106858
-0.00108204
0.00376566
0.00410614
0.00431957
0.00427883
0.00399022
0.00352031
0.00295246
0.0023573
0.00178421
0.00126384
0.000812457
0.000443698
0.000136227
-0.000116843
-0.00031939
-0.000476901
-0.000596421
-0.000685345
-0.000750613
-0.000798295
-0.000833123
-0.000858813
-0.00087812
-0.000893485
-0.00090596
0.0037615
0.0039537
0.00401227
0.00388958
0.00360033
0.0031875
0.00270601
0.0022039
0.00171661
0.00126749
0.000870236
0.000533914
0.000260272
2.81484e-05
-0.000160898
-0.000311212
-0.000428716
-0.000518108
-0.00058562
-0.000635634
-0.000672621
-0.000699924
-0.000720019
-0.000735151
-0.000746608
0.00358329
0.00367879
0.00365174
0.00349595
0.00322941
0.00287832
0.00247726
0.00205799
0.00164586
0.00125947
0.000911428
0.000610065
0.000363517
0.000149857
-2.73959e-05
-0.000171008
-0.000284739
-0.000370274
-0.000438232
-0.000489252
-0.000527305
-0.00055565
-0.000576211
-0.000590986
-0.000601353
0.00333111
0.00336512
0.00329434
0.0031333
0.00289819
0.0026047
0.00227379
0.00192577
0.00157855
0.00124685
0.000942019
0.000671768
0.000441669
0.000251933
8.89746e-05
-4.62315e-05
-0.000155235
-0.000240876
-0.000307873
-0.000357837
-0.000395161
-0.000424232
-0.000444871
-0.000459106
-0.000468286
0.0030516
0.00305192
0.00296373
0.00281295
0.00261138
0.00236836
0.00209656
0.00180876
0.00151734
0.00123366
0.000967629
0.000727028
0.000517272
0.000343725
0.00019254
6.56155e-05
-3.83845e-05
-0.000121765
-0.000187423
-0.000237974
-0.000276305
-0.000305093
-0.000324641
-0.000338026
-0.000345945
0.00277174
0.00275823
0.00267031
0.00253512
0.00236569
0.00216641
0.00194445
0.00170765
0.0014642
0.00122259
0.000991148
0.0007773
0.000586904
0.000424893
0.000285686
0.000166659
6.75165e-05
-1.31367e-05
-7.74126e-05
-0.000127569
-0.000165882
-0.000194348
-0.000214255
-0.000227081
-0.000233678
0.00249586
0.00248846
0.00241213
0.00229554
0.00215695
0.00199685
0.00181819
0.0016252
0.00142302
0.00121782
0.00101652
0.000826002
0.000652021
0.000498815
0.000370587
0.000258717
0.000164131
8.6166e-05
2.33394e-05
-2.61286e-05
-6.41024e-05
-9.22533e-05
-0.000111853
-0.000123983
-0.000130003
0.00221557
0.00223322
0.0021804
0.00208989
0.00198348
0.00185896
0.00171764
0.001562
0.00139526
0.00122184
0.00104732
0.000877898
0.00071949
0.000577044
0.000454633
0.00034732
0.000255882
0.000179638
0.000117596
6.83925e-05
3.04905e-05
2.45799e-06
-1.68253e-05
-2.82689e-05
-3.35918e-05
0.00191759
0.00198828
0.00197906
0.00192494
0.0018451
0.00174599
0.00163009
0.00149966
0.00135758
0.00120783
0.00105539
0.000905776
0.000764289
0.000635231
0.000521192
0.000423652
0.000338544
0.000266406
0.000206871
0.000158979
0.000121576
9.35454e-05
7.40103e-05
6.23583e-05
5.6849e-05
0.00176555
0.00181111
0.00181122
0.00177518
0.00171328
0.00163216
0.00153543
0.00142584
0.00130618
0.00117976
0.0010505
0.000922649
0.000800384
0.000687329
0.000585977
0.00049624
0.000417106
0.000348914
0.000291573
0.000244594
0.000207295
0.000178989
0.000159159
0.000147462
0.000142172
0.00166216
0.00168869
0.00168719
0.00165903
0.00160891
0.00154125
0.00145937
0.001366
0.00126381
0.00115566
0.00104473
0.000934414
0.000828005
0.000728447
0.000637897
0.000556512
0.000483919
0.000420562
0.00036657
0.000321757
0.000285764
0.000258199
0.00023879
0.000227364
0.000222355
0.00158394
0.00159572
0.00159017
0.00156524
0.00152272
0.00146521
0.00139517
0.00131497
0.00122697
0.00113366
0.00103774
0.00094196
0.000848997
0.000761228
0.00068048
0.000607114
0.000541062
0.000482866
0.000432802
0.000390888
0.000356985
0.000330894
0.000312498
0.000301721
0.00029714
0.0015205
0.00152279
0.00151279
0.00148877
0.00145109
0.00140109
0.00134048
0.00127112
0.00119498
0.00111417
0.00103093
0.000947495
0.000866052
0.000788545
0.000716553
0.000650574
0.000590758
0.000537689
0.000491742
0.000453074
0.000421691
0.000397526
0.000380549
0.000370729
0.000366736
0.00146723
0.00146332
0.00145013
0.00142643
0.0013921
0.00134781
0.00129473
0.00123427
0.00116801
0.00109769
0.00102512
0.000952154
0.00088057
0.000811982
0.000747755
0.000688491
0.000634492
0.000586344
0.000544489
0.000509181
0.000480532
0.000458563
0.000443301
0.000434726
0.000431514
0.00142206
0.0014141
0.00139886
0.00137546
0.00134369
0.00130393
0.00125694
0.0012038
0.00114575
0.0010842
0.00102063
0.000956552
0.000893422
0.000832593
0.000775241
0.00072203
0.000673366
0.000629824
0.000591885
0.000559882
0.000534012
0.00051438
0.000501065
0.000494066
0.000491946
0.00138364
0.00137305
0.00135659
0.00133364
0.00130403
0.00126797
0.001226
0.00117893
0.00112774
0.00107356
0.00101759
0.000961075
0.000905211
0.000851136
0.00079986
0.000752064
0.000708223
0.000668893
0.000634583
0.000605687
0.000582491
0.000565204
0.000554036
0.000549166
0.000549034
0.00135089
0.00133865
0.00132157
0.00129926
0.00127156
0.00123862
0.00120086
0.00115887
0.00111346
0.0010655
0.00101599
0.000965932
0.00091633
0.000868135
0.000822217
0.000779236
0.000739698
0.000704143
0.000673086
0.000646969
0.000626165
0.00061103
0.000602141
0.000600639
0.000605195
0.00132297
0.00130974
0.00129249
0.00127094
0.001245
0.00121478
0.00118059
0.00114292
0.0011024
0.00105973
0.00101573
0.000971214
0.000927022
0.000883952
0.000842749
0.000804024
0.000768286
0.000736047
0.000707805
0.000684008
0.000665068
0.000651448
0.000644038
0.000645139
0.000657083
0.00129917
0.00128544
0.00126832
0.00124763
0.00122332
0.0011955
0.00116441
0.00113044
0.0010941
0.00105596
0.00101668
0.000976942
0.000937436
0.000898835
0.000861773
0.000826797
0.000794391
0.000765026
0.000739147
0.000717151
0.000699361
0.000686123
0.000678062
0.000676391
0.000681088
0.00127893
0.00126502
0.00124824
0.00122848
0.00120571
0.00118003
0.00115165
0.00112089
0.00108815
0.00105391
0.0010187
0.000983095
0.00094766
0.000912961
0.00087953
0.00084785
0.000818365
0.000791488
0.000767604
0.00074705
0.000730073
0.000716889
0.000707768
0.00070302
0.000702163
0.00126176
0.0012479
0.00123162
0.00121281
0.00119149
0.00116775
0.00114177
0.0011138
0.00108419
0.00105333
0.00102166
0.000989639
0.000957749
0.000926457
0.000896212
0.000867432
0.000840505
0.000815785
0.00079359
0.000774191
0.000757768
0.000744411
0.00073417
0.000726966
0.000722151
0.00124725
0.00123363
0.00121792
0.00120008
0.00118012
0.00115815
0.0011343
0.0011088
0.00108192
0.00105401
0.00102541
0.000996524
0.00096773
0.000939423
0.000911981
0.000885758
0.000861078
0.000838231
0.000817467
0.000798983
0.0007829
0.000769221
0.000757863
0.000748604
0.000740907
0.00123508
0.00122179
0.00120672
0.00118984
0.00117117
0.0011508
0.00112886
0.00110555
0.00108109
0.00105576
0.00102986
0.0010037
0.000977629
0.000951952
0.000926988
0.000903025
0.000880328
0.00085912
0.000839585
0.000821849
0.000805969
0.0007919
0.000779499
0.000768526
0.000758619
0.00122495
0.00121208
0.00119768
0.00118173
0.00116427
0.00114537
0.00112516
0.00110379
0.00108147
0.00105842
0.00103489
0.00101115
0.000987478
0.000964129
0.000941362
0.00091941
0.000898477
0.000878728
0.000860283
0.000843202
0.000827479
0.000813027
0.000799685
0.000787242
0.00077548
0.00121661
0.00120422
0.0011905
0.00117545
0.00115912
0.00114158
0.00112292
0.0011033
0.00108288
0.00106186
0.00104044
0.00101884
0.0009973
0.000976024
0.00095522
0.000935073
0.000915733
0.000897313
0.000879875
0.000863423
0.000847887
0.000833129
0.000818959
0.000805183
0.000791675
0.00120985
0.00119797
0.00118493
0.00117076
0.00115549
0.00113919
0.00112195
0.00110391
0.0010852
0.00106598
0.00104644
0.00102675
0.00100711
0.000987695
0.000968662
0.000950154
0.00093228
0.000915107
0.00089865
0.000882857
0.000867601
0.000852677
0.000837828
0.000822809
0.000807508
0.00120449
0.00119313
0.00118077
0.00116743
0.00115315
0.00113801
0.00112207
0.00110545
0.00108827
0.00107068
0.00105283
0.00103486
0.00101693
0.00099919
0.00098177
0.000964773
0.000948277
0.000932313
0.000916858
0.000901819
0.00088701
0.000872144
0.000856839
0.000840697
0.000823448
0.00120036
0.00118953
0.00117783
0.00116529
0.00115195
0.00113787
0.00112312
0.0011078
0.00109201
0.00107589
0.00105955
0.00104313
0.00102675
0.00101055
0.000994608
0.000979024
0.000963847
0.000949087
0.000934701
0.00092057
0.000906468
0.000892018
0.00087667
0.000859712
0.000840322
0.00119731
0.00118701
0.00117596
0.00116418
0.00115172
0.00113862
0.00112497
0.00111083
0.00109631
0.00108152
0.00106656
0.00105155
0.00103659
0.00102178
0.00100722
0.00099297
0.000979071
0.000965531
0.000952307
0.000939288
0.000926251
0.000912786
0.000898203
0.000881367
0.000859966
0.00119523
0.00118546
0.00117503
0.00116397
0.00115233
0.00114015
0.0011275
0.00111446
0.0011011
0.00108752
0.00107381
0.00106008
0.00104642
0.00103291
0.00101963
0.00100664
0.000993988
0.000981683
0.000969712
0.000958013
0.000946445
0.000934729
0.000922374
0.000908401
0.000887953
0.001194
0.00118474
0.00117491
0.00116454
0.00115367
0.00114235
0.00113063
0.00111858
0.00110628
0.00109381
0.00108126
0.0010687
0.00105623
0.00104391
0.00103183
0.00102004
0.00100859
0.000997507
0.000986823
0.00097656
0.000966737
0.000957407
0.000948969
0.000943193
0.000942673
0.00119351
0.00118475
0.0011755
0.00116579
0.00115564
0.00114512
0.00113426
0.00112313
0.00111181
0.00110035
0.00108885
0.00107737
0.001066
0.00105479
0.00104382
0.00103315
0.00102284
0.00101292
0.00100346
0.000994542
0.000986275
0.000978865
0.000972876
0.00096973
0.000970112
0.00119368
0.00118541
0.00117671
0.00116762
0.00115815
0.00114837
0.00113831
0.00112804
0.00111761
0.00110709
0.00109655
0.00108607
0.0010757
0.00106552
0.00105558
0.00104595
0.00103669
0.00102786
0.00101953
0.0010118
0.00100481
0.0009988
0.000994182
0.000991642
0.000991039
0.00119442
0.00118662
0.00117846
0.00116994
0.00116112
0.00115203
0.00114272
0.00113323
0.00112363
0.00111397
0.00110433
0.00109475
0.00108531
0.00107607
0.00106709
0.00105842
0.00105012
0.00104228
0.00103495
0.00102825
0.00102232
0.00101735
0.00101363
0.0010115
0.00101083
0.00119567
0.00118833
0.00118066
0.0011727
0.00116448
0.00115604
0.00114742
0.00113866
0.00112982
0.00112096
0.00111213
0.0011034
0.00109481
0.00108643
0.00107832
0.00107053
0.00106311
0.00105615
0.00104971
0.00104389
0.00103882
0.00103464
0.00103153
0.0010297
0.00102906
0.00119736
0.00119045
0.00118326
0.00117583
0.00116817
0.00116034
0.00115235
0.00114427
0.00113614
0.00112802
0.00111994
0.00111197
0.00110417
0.00109658
0.00108926
0.00108226
0.00107565
0.00106947
0.0010638
0.00105873
0.00105436
0.00105078
0.00104813
0.00104651
0.00104586
0.00119943
0.00119293
0.0011862
0.00117926
0.00117214
0.00116487
0.00115748
0.00115003
0.00114255
0.0011351
0.00112772
0.00112046
0.00111337
0.0011065
0.0010999
0.00109362
0.00108772
0.00108224
0.00107724
0.00107281
0.001069
0.00106591
0.00106361
0.00106216
0.00106152
0.00120182
0.00119573
0.00118943
0.00118296
0.00117633
0.00116958
0.00116276
0.00115589
0.00114901
0.00114218
0.00113543
0.00112882
0.00112239
0.00111618
0.00111023
0.0011046
0.00109933
0.00109447
0.00109006
0.00108616
0.00108284
0.00108014
0.00107812
0.00107681
0.00107621
0.0012045
0.00119879
0.0011929
0.00118686
0.0011807
0.00117445
0.00116814
0.00116181
0.00115549
0.00114923
0.00114307
0.00113705
0.00113121
0.0011256
0.00112025
0.0011152
0.0011105
0.00110617
0.00110227
0.00109884
0.00109592
0.00109356
0.00109177
0.0010906
0.00109003
0.00120742
0.00120206
0.00119656
0.00119094
0.00118522
0.00117943
0.0011736
0.00116776
0.00116196
0.00115623
0.00115061
0.00114513
0.00113984
0.00113476
0.00112995
0.00112542
0.00112122
0.00111738
0.00111393
0.0011109
0.00110833
0.00110624
0.00110466
0.0011036
0.00110308
0.00121054
0.00120552
0.00120039
0.00119515
0.00118984
0.00118448
0.0011791
0.00117373
0.0011684
0.00116316
0.00115803
0.00115305
0.00114825
0.00114367
0.00113933
0.00113528
0.00113153
0.00112811
0.00112505
0.00112237
0.0011201
0.00111826
0.00111685
0.0011159
0.00111542
0.00121382
0.00120914
0.00120435
0.00119948
0.00119455
0.00118959
0.00118462
0.00117968
0.00117479
0.00116999
0.00116531
0.00116079
0.00115644
0.0011523
0.00114841
0.00114477
0.00114142
0.00113838
0.00113567
0.0011333
0.00113129
0.00112965
0.00112841
0.00112755
0.00112711
0.00121725
0.00121287
0.0012084
0.00120387
0.0011993
0.00119472
0.00119014
0.00118559
0.00118111
0.00117672
0.00117246
0.00116834
0.00116441
0.00116068
0.00115717
0.00115392
0.00115093
0.00114822
0.00114581
0.00114371
0.00114193
0.00114048
0.00113937
0.0011386
0.0011382
0.00122078
0.00121669
0.00121253
0.00120832
0.00120409
0.00119985
0.00119563
0.00119145
0.00118734
0.00118333
0.00117945
0.00117571
0.00117215
0.00116879
0.00116564
0.00116272
0.00116006
0.00115765
0.00115551
0.00115365
0.00115207
0.00115079
0.00114979
0.0011491
0.00114873
0.0012244
0.00122058
0.00121671
0.0012128
0.00120888
0.00120497
0.00120108
0.00119724
0.00119348
0.00118982
0.00118628
0.00118289
0.00117967
0.00117663
0.00117381
0.0011712
0.00116882
0.00116668
0.00116478
0.00116313
0.00116174
0.0011606
0.00115971
0.00115908
0.00115874
0.00122808
0.00122452
0.00122092
0.00121729
0.00121366
0.00121005
0.00120647
0.00120295
0.0011995
0.00119616
0.00119294
0.00118987
0.00118696
0.00118423
0.00118169
0.00117936
0.00117724
0.00117533
0.00117365
0.00117219
0.00117095
0.00116994
0.00116915
0.00116859
0.00116827
0.0012318
0.00122848
0.00122514
0.00122178
0.00121842
0.00121509
0.00121179
0.00120856
0.00120541
0.00120236
0.00119943
0.00119665
0.00119402
0.00119156
0.00118929
0.00118721
0.00118532
0.00118363
0.00118214
0.00118085
0.00117975
0.00117885
0.00117815
0.00117764
0.00117735
0.00123555
0.00123246
0.00122935
0.00122624
0.00122314
0.00122006
0.00121703
0.00121407
0.00121119
0.00120841
0.00120575
0.00120323
0.00120086
0.00119865
0.00119661
0.00119476
0.00119308
0.00119158
0.00119026
0.00118912
0.00118815
0.00118736
0.00118673
0.00118627
0.001186
0.00123931
0.00123643
0.00123355
0.00123066
0.0012278
0.00122497
0.00122218
0.00121947
0.00121684
0.00121431
0.00121189
0.00120961
0.00120747
0.00120549
0.00120367
0.00120202
0.00120053
0.0011992
0.00119804
0.00119703
0.00119618
0.00119548
0.00119491
0.0011945
0.00119425
0.00124306
0.00124039
0.00123771
0.00123504
0.0012324
0.00122979
0.00122723
0.00122475
0.00122235
0.00122004
0.00121786
0.00121579
0.00121387
0.0012121
0.00121047
0.001209
0.00120768
0.00120651
0.00120549
0.0012046
0.00120385
0.00120323
0.00120273
0.00120235
0.00120212
0.0012468
0.00124431
0.00124183
0.00123936
0.00123692
0.00123452
0.00123218
0.00122991
0.00122771
0.00122562
0.00122364
0.00122178
0.00122005
0.00121846
0.00121702
0.00121571
0.00121455
0.00121352
0.00121262
0.00121184
0.00121118
0.00121063
0.00121018
0.00120984
0.00120963
0.00125051
0.0012482
0.0012459
0.00124362
0.00124137
0.00123916
0.00123701
0.00123493
0.00123294
0.00123104
0.00122925
0.00122757
0.00122602
0.0012246
0.00122332
0.00122216
0.00122114
0.00122023
0.00121944
0.00121877
0.00121819
0.0012177
0.00121731
0.001217
0.0012168
0.00125418
0.00125204
0.00124991
0.0012478
0.00124573
0.0012437
0.00124173
0.00123983
0.00123802
0.00123629
0.00123467
0.00123317
0.00123178
0.00123052
0.00122938
0.00122836
0.00122746
0.00122667
0.00122598
0.00122539
0.00122489
0.00122446
0.00122411
0.00122383
0.00122365
0.0012578
0.00125581
0.00125384
0.0012519
0.00124999
0.00124813
0.00124633
0.0012446
0.00124295
0.00124139
0.00123993
0.00123857
0.00123733
0.00123621
0.0012352
0.00123431
0.00123352
0.00123284
0.00123224
0.00123173
0.00123129
0.00123092
0.0012306
0.00123035
0.00123018
0.00126137
0.00125952
0.0012577
0.00125591
0.00125415
0.00125245
0.0012508
0.00124922
0.00124772
0.00124631
0.001245
0.00124379
0.00124268
0.00124169
0.0012408
0.00124002
0.00123934
0.00123874
0.00123823
0.00123779
0.00123741
0.00123708
0.00123681
0.00123657
0.00123642
0.00126487
0.00126316
0.00126148
0.00125983
0.00125821
0.00125665
0.00125515
0.00125371
0.00125235
0.00125108
0.0012499
0.00124882
0.00124784
0.00124696
0.00124618
0.0012455
0.00124491
0.0012444
0.00124396
0.00124358
0.00124326
0.00124298
0.00124273
0.00124252
0.00124237
0.0012683
0.00126672
0.00126517
0.00126365
0.00126216
0.00126073
0.00125936
0.00125806
0.00125683
0.00125568
0.00125463
0.00125366
0.00125279
0.00125202
0.00125135
0.00125076
0.00125025
0.00124982
0.00124944
0.00124912
0.00124885
0.0012486
0.00124838
0.00124819
0.00124806
0.00127166
0.0012702
0.00126876
0.00126736
0.00126601
0.0012647
0.00126345
0.00126227
0.00126116
0.00126013
0.00125918
0.00125832
0.00125756
0.00125689
0.0012563
0.00125579
0.00125536
0.001255
0.00125469
0.00125442
0.00125418
0.00125397
0.00125378
0.0012536
0.00125348
0.00127495
0.00127359
0.00127227
0.00127098
0.00126973
0.00126854
0.0012674
0.00126633
0.00126533
0.00126441
0.00126356
0.00126281
0.00126214
0.00126155
0.00126105
0.00126062
0.00126026
0.00125995
0.0012597
0.00125947
0.00125928
0.0012591
0.00125893
0.00125877
0.00125865
0.00127814
0.00127689
0.00127567
0.00127448
0.00127334
0.00127225
0.00127122
0.00127025
0.00126935
0.00126853
0.00126778
0.00126711
0.00126653
0.00126603
0.0012656
0.00126524
0.00126494
0.00126469
0.00126448
0.0012643
0.00126414
0.00126399
0.00126384
0.00126369
0.00126357
0.00128125
0.00128009
0.00127896
0.00127788
0.00127684
0.00127584
0.00127491
0.00127403
0.00127323
0.00127249
0.00127183
0.00127125
0.00127074
0.00127031
0.00126995
0.00126965
0.00126941
0.00126921
0.00126905
0.00126891
0.00126878
0.00126865
0.00126852
0.00126838
0.00126827
0.00128426
0.00128319
0.00128216
0.00128116
0.00128021
0.00127931
0.00127846
0.00127767
0.00127695
0.0012763
0.00127572
0.00127521
0.00127478
0.00127441
0.00127412
0.00127388
0.00127369
0.00127353
0.00127341
0.0012733
0.0012732
0.00127309
0.00127297
0.00127284
0.00127274
0.00128718
0.00128619
0.00128524
0.00128433
0.00128346
0.00128264
0.00128188
0.00128117
0.00128053
0.00127995
0.00127944
0.00127901
0.00127864
0.00127834
0.0012781
0.00127791
0.00127776
0.00127765
0.00127756
0.00127748
0.0012774
0.00127732
0.00127721
0.00127709
0.00127699
0.00129
0.00128909
0.00128822
0.00128738
0.00128659
0.00128584
0.00128516
0.00128453
0.00128396
0.00128345
0.00128301
0.00128264
0.00128233
0.00128208
0.00128189
0.00128175
0.00128165
0.00128158
0.00128152
0.00128147
0.00128141
0.00128134
0.00128125
0.00128113
0.00128103
0.00129272
0.00129188
0.00129108
0.00129031
0.00128959
0.00128892
0.0012883
0.00128774
0.00128724
0.0012868
0.00128642
0.00128611
0.00128585
0.00128566
0.00128552
0.00128542
0.00128535
0.00128531
0.00128528
0.00128525
0.00128522
0.00128516
0.00128508
0.00128497
0.00128487
0.00129534
0.00129456
0.00129382
0.00129313
0.00129247
0.00129187
0.00129131
0.00129082
0.00129038
0.00128999
0.00128967
0.00128941
0.00128921
0.00128906
0.00128896
0.0012889
0.00128887
0.00128886
0.00128886
0.00128885
0.00128883
0.00128879
0.00128871
0.00128861
0.00128851
0.00129785
0.00129714
0.00129646
0.00129582
0.00129523
0.00129468
0.00129419
0.00129375
0.00129337
0.00129304
0.00129277
0.00129256
0.00129241
0.0012923
0.00129224
0.00129222
0.00129222
0.00129224
0.00129226
0.00129227
0.00129226
0.00129223
0.00129216
0.00129206
0.00129196
0.00130025
0.00129959
0.00129897
0.00129839
0.00129786
0.00129737
0.00129693
0.00129655
0.00129622
0.00129594
0.00129572
0.00129556
0.00129544
0.00129538
0.00129535
0.00129536
0.00129539
0.00129543
0.00129547
0.0012955
0.00129551
0.00129549
0.00129542
0.00129532
0.00129522
0.00130255
0.00130194
0.00130137
0.00130084
0.00130036
0.00129992
0.00129954
0.0012992
0.00129892
0.00129869
0.00129852
0.0012984
0.00129832
0.00129829
0.0012983
0.00129834
0.0012984
0.00129846
0.00129852
0.00129857
0.00129858
0.00129857
0.00129851
0.0012984
0.0012983
0.00130473
0.00130417
0.00130365
0.00130317
0.00130274
0.00130235
0.00130201
0.00130172
0.00130148
0.0013013
0.00130117
0.00130108
0.00130105
0.00130105
0.00130109
0.00130116
0.00130124
0.00130133
0.0013014
0.00130146
0.00130149
0.00130148
0.00130142
0.00130131
0.0013012
0.0013068
0.00130628
0.00130581
0.00130537
0.00130498
0.00130464
0.00130435
0.0013041
0.00130391
0.00130376
0.00130367
0.00130362
0.00130362
0.00130366
0.00130373
0.00130382
0.00130392
0.00130403
0.00130412
0.00130419
0.00130423
0.00130422
0.00130416
0.00130405
0.00130393
0.00130876
0.00130828
0.00130784
0.00130745
0.0013071
0.0013068
0.00130655
0.00130634
0.00130619
0.00130608
0.00130602
0.00130601
0.00130604
0.00130611
0.00130621
0.00130632
0.00130645
0.00130657
0.00130668
0.00130676
0.00130681
0.0013068
0.00130674
0.00130663
0.0013065
0.0013106
0.00131016
0.00130976
0.0013094
0.00130909
0.00130883
0.00130861
0.00130845
0.00130833
0.00130826
0.00130823
0.00130825
0.00130832
0.00130841
0.00130854
0.00130868
0.00130883
0.00130897
0.00130909
0.00130918
0.00130923
0.00130923
0.00130917
0.00130904
0.0013089
0.00131232
0.00131191
0.00131155
0.00131123
0.00131095
0.00131073
0.00131054
0.00131041
0.00131033
0.00131029
0.0013103
0.00131035
0.00131044
0.00131057
0.00131072
0.00131088
0.00131105
0.00131121
0.00131135
0.00131145
0.00131151
0.00131151
0.00131144
0.00131131
0.00131115
0.00131392
0.00131355
0.00131322
0.00131293
0.00131268
0.00131249
0.00131234
0.00131224
0.00131219
0.00131218
0.00131222
0.0013123
0.00131242
0.00131258
0.00131275
0.00131294
0.00131314
0.00131331
0.00131347
0.00131358
0.00131365
0.00131365
0.00131358
0.00131343
0.00131326
0.0013154
0.00131506
0.00131476
0.0013145
0.00131428
0.00131412
0.001314
0.00131393
0.00131391
0.00131393
0.001314
0.00131411
0.00131426
0.00131444
0.00131464
0.00131486
0.00131508
0.00131528
0.00131545
0.00131558
0.00131565
0.00131565
0.00131558
0.00131541
0.00131521
0.00131677
0.00131645
0.00131617
0.00131594
0.00131575
0.00131561
0.00131552
0.00131548
0.00131548
0.00131554
0.00131563
0.00131577
0.00131595
0.00131616
0.00131639
0.00131663
0.00131688
0.0013171
0.0013173
0.00131744
0.00131753
0.00131754
0.00131745
0.00131726
0.00131704
0.00131801
0.00131771
0.00131746
0.00131725
0.00131709
0.00131697
0.00131691
0.00131689
0.00131692
0.001317
0.00131712
0.00131729
0.0013175
0.00131774
0.001318
0.00131827
0.00131854
0.0013188
0.00131902
0.00131919
0.00131929
0.00131931
0.00131921
0.001319
0.00131874
0.00131912
0.00131885
0.00131861
0.00131843
0.00131829
0.0013182
0.00131815
0.00131816
0.00131822
0.00131832
0.00131847
0.00131866
0.0013189
0.00131917
0.00131946
0.00131976
0.00132007
0.00132036
0.00132062
0.00132082
0.00132095
0.00132098
0.00132088
0.00132064
0.00132034
0.00132011
0.00131986
0.00131964
0.00131947
0.00131936
0.00131928
0.00131926
0.00131929
0.00131937
0.0013195
0.00131967
0.00131989
0.00132015
0.00132045
0.00132078
0.00132112
0.00132146
0.0013218
0.0013221
0.00132235
0.00132251
0.00132257
0.00132248
0.00132221
0.00132185
0.00132098
0.00132074
0.00132054
0.00132039
0.00132029
0.00132024
0.00132023
0.00132028
0.00132038
0.00132052
0.00132072
0.00132097
0.00132126
0.00132158
0.00132194
0.00132233
0.00132272
0.00132311
0.00132346
0.00132377
0.001324
0.0013241
0.00132404
0.00132374
0.00132332
0.00132173
0.0013215
0.00132131
0.00132118
0.00132109
0.00132105
0.00132106
0.00132113
0.00132124
0.00132141
0.00132162
0.00132189
0.00132221
0.00132257
0.00132296
0.00132339
0.00132383
0.00132428
0.00132471
0.0013251
0.00132542
0.00132561
0.0013256
0.00132528
0.0013248
0.00132234
0.00132213
0.00132195
0.00132183
0.00132175
0.00132173
0.00132175
0.00132183
0.00132196
0.00132214
0.00132238
0.00132266
0.001323
0.00132339
0.00132382
0.00132429
0.00132479
0.00132531
0.00132584
0.00132634
0.00132678
0.00132711
0.00132722
0.00132694
0.00132642
0.00132284
0.00132263
0.00132247
0.00132235
0.00132228
0.00132227
0.0013223
0.00132239
0.00132253
0.00132272
0.00132297
0.00132328
0.00132363
0.00132405
0.00132451
0.00132503
0.00132559
0.00132619
0.00132682
0.00132746
0.00132809
0.00132864
0.00132897
0.00132883
0.00132837
0.00132321
0.00132301
0.00132285
0.00132274
0.00132268
0.00132267
0.00132271
0.00132281
0.00132296
0.00132316
0.00132342
0.00132373
0.0013241
0.00132454
0.00132503
0.00132558
0.0013262
0.00132688
0.00132763
0.00132844
0.00132932
0.0013302
0.00133092
0.00133116
0.00133102
0.00132346
0.00132326
0.00132311
0.001323
0.00132295
0.00132294
0.00132299
0.00132308
0.00132324
0.00132344
0.0013237
0.00132402
0.0013244
0.00132484
0.00132535
0.00132593
0.00132659
0.00132734
0.00132821
0.00132921
0.00133038
0.00133172
0.00133314
0.00133435
0.0013353
0.00132359
0.00132339
0.00132324
0.00132314
0.00132308
0.00132308
0.00132312
0.00132322
0.00132337
0.00132357
0.00132383
0.00132415
0.00132452
0.00132496
0.00132547
0.00132605
0.00132673
0.00132751
0.00132845
0.00132962
0.00133109
0.001333
0.00133557
0.00133933
0.00134441
0.00132363
0.00132343
0.00132328
0.00132318
0.00132312
0.00132311
0.00132316
0.00132325
0.00132339
0.00132359
0.00132384
0.00132415
0.00132452
0.00132494
0.00132544
0.00132601
0.00132667
0.00132745
0.00132842
0.00132967
0.00133137
0.00133381
0.00133771
0.00134593
0.00136205
0.000683666
0.000691761
0.000698401
0.000700761
0.000700478
0.000698521
0.000695337
0.000691231
0.000686439
0.000681138
0.000675462
0.000669509
0.000663357
0.000657064
0.000650674
0.000644222
0.000637734
0.00063123
0.000624726
0.000618234
0.000611762
0.000605315
0.000598898
0.000592513
0.000586161
0.000579843
0.000573558
0.000567305
0.000561084
0.000554891
0.000548727
0.000542587
0.000536472
0.000530378
0.000524304
0.000518248
0.000512207
0.000506181
0.000500167
0.000494163
0.000488169
0.000482182
0.000476202
0.000470227
0.000464255
0.000458286
0.000452319
0.000446352
0.000440386
0.000434417
0.000428447
0.000422475
0.000416499
0.000410519
0.000404535
0.000398546
0.000392552
0.000386552
0.000380546
0.000374533
0.000368514
0.000362489
0.000356456
0.000350416
0.000344369
0.000338314
0.000332252
0.000326183
0.000320105
0.000314021
0.000307928
0.000301829
0.000295721
0.000289607
0.000283485
0.000277355
0.000271219
0.000265076
0.000258925
0.000252768
0.000246605
0.000240435
0.000234258
0.000228076
0.000221887
0.000215693
0.000209492
0.000203287
0.000197076
0.00019086
0.000184639
0.000178413
0.000172183
0.000165948
0.000159709
0.000153466
0.000147219
0.000140969
0.000134715
0.000128457
0.000122197
0.000115933
0.000109667
0.000103398
9.71263e-05
9.08524e-05
8.45763e-05
7.82983e-05
7.20184e-05
6.57368e-05
5.94537e-05
5.31692e-05
4.68834e-05
4.05966e-05
3.43088e-05
2.80201e-05
2.17307e-05
1.54432e-05
9.15833e-06
3.01678e-06
0.000701263
0.000702467
0.000704507
0.000704808
0.000703358
0.000700614
0.000696882
0.000692387
0.000687313
0.000681802
0.000675967
0.000669893
0.000663648
0.000657283
0.000650838
0.000644343
0.000637823
0.000631295
0.000624772
0.000618266
0.000611783
0.000605328
0.000598906
0.000592516
0.000586162
0.000579842
0.000573556
0.000567302
0.00056108
0.000554887
0.000548723
0.000542583
0.000536468
0.000530374
0.000524301
0.000518245
0.000512204
0.000506178
0.000500164
0.000494161
0.000488167
0.000482181
0.000476201
0.000470226
0.000464255
0.000458286
0.000452319
0.000446353
0.000440386
0.000434418
0.000428448
0.000422476
0.0004165
0.00041052
0.000404536
0.000398547
0.000392553
0.000386553
0.000380547
0.000374535
0.000368516
0.000362491
0.000356458
0.000350418
0.000344371
0.000338316
0.000332254
0.000326184
0.000320107
0.000314023
0.00030793
0.00030183
0.000295723
0.000289609
0.000283487
0.000277357
0.000271221
0.000265077
0.000258927
0.00025277
0.000246606
0.000240436
0.00023426
0.000228077
0.000221888
0.000215694
0.000209494
0.000203288
0.000197077
0.000190861
0.00018464
0.000178414
0.000172184
0.000165949
0.00015971
0.000153467
0.00014722
0.00014097
0.000134716
0.000128458
0.000122198
0.000115934
0.000109668
0.000103398
9.71268e-05
9.08529e-05
8.45768e-05
7.82987e-05
7.20188e-05
6.57371e-05
5.9454e-05
5.31694e-05
4.68837e-05
4.05968e-05
3.43091e-05
2.80203e-05
2.17306e-05
1.54425e-05
9.15584e-06
3.01557e-06
0.000717812
0.000715105
0.000713374
0.000711126
0.000707995
0.000704072
0.000699489
0.000694371
0.000688832
0.00068297
0.000676868
0.000670588
0.000664184
0.000657695
0.000651154
0.000644585
0.000638006
0.000631434
0.000624877
0.000618344
0.000611841
0.000605371
0.000598936
0.000592538
0.000586177
0.000579852
0.000573562
0.000567306
0.000561082
0.000554888
0.000548722
0.000542583
0.000536467
0.000530373
0.000524299
0.000518243
0.000512203
0.000506177
0.000500163
0.00049416
0.000488166
0.00048218
0.000476201
0.000470226
0.000464255
0.000458286
0.000452319
0.000446353
0.000440386
0.000434419
0.000428449
0.000422477
0.000416501
0.000410521
0.000404537
0.000398549
0.000392554
0.000386555
0.000380549
0.000374537
0.000368518
0.000362492
0.000356459
0.00035042
0.000344372
0.000338318
0.000332256
0.000326186
0.000320109
0.000314024
0.000307932
0.000301832
0.000295725
0.00028961
0.000283488
0.000277359
0.000271222
0.000265079
0.000258929
0.000252771
0.000246608
0.000240438
0.000234261
0.000228078
0.00022189
0.000215695
0.000209495
0.000203289
0.000197078
0.000190862
0.000184641
0.000178415
0.000172185
0.00016595
0.000159711
0.000153468
0.000147221
0.00014097
0.000134716
0.000128459
0.000122198
0.000115934
0.000109668
0.000103399
9.71273e-05
9.08533e-05
8.45772e-05
7.8299e-05
7.20191e-05
6.57374e-05
5.94542e-05
5.31696e-05
4.68839e-05
4.0597e-05
3.43092e-05
2.80204e-05
2.17305e-05
1.5442e-05
9.1563e-06
3.01631e-06
0.000733861
0.000728157
0.000723384
0.000718723
0.000713796
0.000708526
0.000702921
0.000697025
0.000690891
0.000684572
0.000678115
0.00067156
0.000664941
0.000658284
0.000651611
0.00064494
0.000638281
0.000631646
0.000625041
0.00061847
0.000611937
0.000605445
0.000598993
0.000592581
0.00058621
0.000579877
0.000573581
0.00056732
0.000561092
0.000554896
0.000548728
0.000542587
0.00053647
0.000530375
0.0005243
0.000518244
0.000512203
0.000506177
0.000500163
0.00049416
0.000488167
0.000482181
0.000476201
0.000470226
0.000464255
0.000458286
0.00045232
0.000446353
0.000440387
0.000434419
0.000428449
0.000422477
0.000416501
0.000410522
0.000404538
0.000398549
0.000392555
0.000386555
0.000380549
0.000374537
0.000368518
0.000362493
0.00035646
0.00035042
0.000344373
0.000338318
0.000332256
0.000326187
0.00032011
0.000314025
0.000307932
0.000301833
0.000295725
0.000289611
0.000283489
0.000277359
0.000271223
0.000265079
0.000258929
0.000252772
0.000246608
0.000240438
0.000234261
0.000228079
0.00022189
0.000215695
0.000209495
0.00020329
0.000197079
0.000190863
0.000184641
0.000178416
0.000172185
0.00016595
0.000159711
0.000153468
0.000147221
0.000140971
0.000134716
0.000128459
0.000122198
0.000115935
0.000109668
0.000103399
9.71274e-05
9.08534e-05
8.45773e-05
7.82991e-05
7.20191e-05
6.57374e-05
5.94542e-05
5.31697e-05
4.68839e-05
4.0597e-05
3.43092e-05
2.80205e-05
2.17306e-05
1.54422e-05
9.15708e-06
3.01685e-06
0.000749412
0.000741215
0.000733898
0.000727034
0.000720334
0.000713657
0.000706939
0.000700171
0.000693357
0.000686506
0.000679633
0.000672751
0.000665875
0.000659016
0.000652185
0.000645388
0.000638632
0.000631919
0.000625254
0.000618636
0.000612067
0.000605545
0.000599071
0.000592642
0.000586257
0.000579914
0.00057361
0.000567343
0.00056111
0.00055491
0.000548739
0.000542595
0.000536477
0.000530381
0.000524305
0.000518247
0.000512206
0.00050618
0.000500165
0.000494162
0.000488168
0.000482181
0.000476201
0.000470226
0.000464255
0.000458287
0.00045232
0.000446353
0.000440387
0.000434419
0.000428449
0.000422477
0.000416501
0.000410521
0.000404538
0.000398549
0.000392555
0.000386555
0.000380549
0.000374537
0.000368518
0.000362492
0.000356459
0.00035042
0.000344372
0.000338318
0.000332256
0.000326186
0.000320109
0.000314024
0.000307932
0.000301832
0.000295725
0.00028961
0.000283488
0.000277359
0.000271222
0.000265079
0.000258928
0.000252771
0.000246608
0.000240437
0.000234261
0.000228078
0.00022189
0.000215695
0.000209495
0.000203289
0.000197078
0.000190862
0.000184641
0.000178415
0.000172185
0.00016595
0.000159711
0.000153468
0.000147221
0.00014097
0.000134716
0.000128459
0.000122198
0.000115934
0.000109668
0.000103399
9.71271e-05
9.08531e-05
8.4577e-05
7.82989e-05
7.20189e-05
6.57372e-05
5.94541e-05
5.31695e-05
4.68837e-05
4.05969e-05
3.43092e-05
2.80205e-05
2.17308e-05
1.54425e-05
9.15769e-06
3.01717e-06
0.000764291
0.000753915
0.000744397
0.000735543
0.000727164
0.000719103
0.000711255
0.000703585
0.000696057
0.000688641
0.000681319
0.000674082
0.000666925
0.000659844
0.000652836
0.000645901
0.000639035
0.000632236
0.000625502
0.000618831
0.00061222
0.000605666
0.000599166
0.000592718
0.000586317
0.000579961
0.000573648
0.000567373
0.000561135
0.00055493
0.000548755
0.000542609
0.000536488
0.00053039
0.000524312
0.000518254
0.000512211
0.000506184
0.000500169
0.000494165
0.00048817
0.000482183
0.000476203
0.000470227
0.000464256
0.000458287
0.00045232
0.000446353
0.000440386
0.000434418
0.000428448
0.000422476
0.0004165
0.00041052
0.000404536
0.000398547
0.000392553
0.000386553
0.000380547
0.000374535
0.000368516
0.00036249
0.000356458
0.000350418
0.000344371
0.000338316
0.000332254
0.000326184
0.000320107
0.000314022
0.00030793
0.00030183
0.000295723
0.000289608
0.000283486
0.000277357
0.000271221
0.000265077
0.000258927
0.00025277
0.000246606
0.000240436
0.000234259
0.000228077
0.000221888
0.000215694
0.000209493
0.000203288
0.000197077
0.000190861
0.00018464
0.000178414
0.000172184
0.000165949
0.00015971
0.000153467
0.00014722
0.000140969
0.000134715
0.000128458
0.000122197
0.000115934
0.000109667
0.000103398
9.71265e-05
9.08525e-05
8.45765e-05
7.82984e-05
7.20184e-05
6.57368e-05
5.94536e-05
5.31691e-05
4.68834e-05
4.05966e-05
3.4309e-05
2.80203e-05
2.17307e-05
1.54427e-05
9.15796e-06
3.01722e-06
0.00077849
0.000766027
0.000754497
0.000743836
0.000733881
0.000724495
0.000715578
0.000707041
0.000698812
0.000690831
0.000683058
0.000675462
0.000668017
0.000660708
0.00065352
0.000646441
0.000639461
0.000632573
0.000625769
0.000619042
0.000612387
0.000605799
0.000599272
0.000592802
0.000586385
0.000580016
0.000573692
0.00056741
0.000561165
0.000554954
0.000548776
0.000542626
0.000536502
0.000530402
0.000524322
0.000518262
0.000512218
0.00050619
0.000500174
0.000494169
0.000488173
0.000482186
0.000476204
0.000470229
0.000464257
0.000458287
0.00045232
0.000446353
0.000440385
0.000434417
0.000428447
0.000422474
0.000416498
0.000410518
0.000404534
0.000398545
0.000392551
0.000386551
0.000380545
0.000374532
0.000368513
0.000362487
0.000356455
0.000350415
0.000344368
0.000338313
0.000332251
0.000326181
0.000320104
0.000314019
0.000307927
0.000301827
0.00029572
0.000289605
0.000283483
0.000277354
0.000271218
0.000265074
0.000258924
0.000252767
0.000246603
0.000240433
0.000234257
0.000228074
0.000221886
0.000215691
0.000209491
0.000203286
0.000197075
0.000190859
0.000184638
0.000178412
0.000172182
0.000165947
0.000159708
0.000153465
0.000147219
0.000140968
0.000134714
0.000128457
0.000122196
0.000115932
0.000109666
0.000103397
9.71255e-05
9.08516e-05
8.45756e-05
7.82976e-05
7.20177e-05
6.57361e-05
5.9453e-05
5.31686e-05
4.68829e-05
4.05962e-05
3.43086e-05
2.802e-05
2.17305e-05
1.54425e-05
9.15786e-06
3.01719e-06
0.0007921
0.000777437
0.00076393
0.000751545
0.000740136
0.000729554
0.000719658
0.000710323
0.000701442
0.000692935
0.000684737
0.000676799
0.000669081
0.000661553
0.000654191
0.000646973
0.000639883
0.000632908
0.000626035
0.000619254
0.000612557
0.000605935
0.000599382
0.000592891
0.000586457
0.000580075
0.000573741
0.00056745
0.000561198
0.000554983
0.000548799
0.000542646
0.000536519
0.000530416
0.000524335
0.000518272
0.000512227
0.000506197
0.00050018
0.000494174
0.000488177
0.000482189
0.000476207
0.00047023
0.000464258
0.000458288
0.000452319
0.000446352
0.000440384
0.000434416
0.000428445
0.000422472
0.000416496
0.000410516
0.000404531
0.000398542
0.000392547
0.000386547
0.000380541
0.000374528
0.000368509
0.000362484
0.000356451
0.000350411
0.000344363
0.000338309
0.000332247
0.000326177
0.0003201
0.000314015
0.000307923
0.000301823
0.000295716
0.000289601
0.000283479
0.00027735
0.000271214
0.000265071
0.000258921
0.000252764
0.0002466
0.00024043
0.000234254
0.000228071
0.000221883
0.000215688
0.000209488
0.000203283
0.000197072
0.000190856
0.000184635
0.00017841
0.00017218
0.000165945
0.000159706
0.000153463
0.000147217
0.000140966
0.000134712
0.000128455
0.000122194
0.000115931
0.000109665
0.000103396
9.71242e-05
9.08504e-05
8.45745e-05
7.82965e-05
7.20167e-05
6.57352e-05
5.94522e-05
5.31678e-05
4.68822e-05
4.05956e-05
3.43081e-05
2.80196e-05
2.173e-05
1.5442e-05
9.1574e-06
3.01708e-06
0.000805247
0.000788009
0.000772451
0.000758414
0.000745675
0.000734027
0.000723271
0.000713236
0.000703787
0.000694817
0.000686244
0.000678004
0.000670043
0.00066232
0.000654802
0.00064746
0.000640272
0.000633219
0.000626284
0.000619454
0.000612718
0.000606065
0.000599488
0.000592978
0.000586529
0.000580135
0.000573791
0.000567492
0.000561234
0.000555013
0.000548825
0.000542668
0.000536538
0.000530432
0.000524349
0.000518284
0.000512237
0.000506205
0.000500187
0.000494179
0.000488182
0.000482192
0.00047621
0.000470232
0.000464259
0.000458288
0.000452319
0.000446351
0.000440383
0.000434414
0.000428443
0.00042247
0.000416493
0.000410512
0.000404528
0.000398538
0.000392543
0.000386543
0.000380537
0.000374524
0.000368505
0.000362479
0.000356446
0.000350406
0.000344359
0.000338304
0.000332242
0.000326172
0.000320095
0.00031401
0.000307918
0.000301818
0.000295711
0.000289597
0.000283475
0.000277346
0.000271209
0.000265066
0.000258916
0.000252759
0.000246596
0.000240426
0.00023425
0.000228067
0.000221879
0.000215685
0.000209485
0.000203279
0.000197069
0.000190853
0.000184632
0.000178407
0.000172177
0.000165942
0.000159704
0.000153461
0.000147214
0.000140964
0.00013471
0.000128453
0.000122192
0.000115929
0.000109663
0.000103394
9.71226e-05
9.0849e-05
8.45731e-05
7.82953e-05
7.20155e-05
6.57342e-05
5.94512e-05
5.3167e-05
4.68815e-05
4.05949e-05
3.43074e-05
2.8019e-05
2.17295e-05
1.54414e-05
9.15661e-06
3.0167e-06
0.000817948
0.000797397
0.000779694
0.000764123
0.000750227
0.000737691
0.000726233
0.000715631
0.000705721
0.000696375
0.000687496
0.000679008
0.000670847
0.000662964
0.000655317
0.000647872
0.000640603
0.000633485
0.000626499
0.000619628
0.00061286
0.000606182
0.000599584
0.000593058
0.000586596
0.000580192
0.000573839
0.000567533
0.000561269
0.000555043
0.000548852
0.000542691
0.000536558
0.00053045
0.000524364
0.000518297
0.000512249
0.000506215
0.000500195
0.000494186
0.000488187
0.000482197
0.000476213
0.000470235
0.00046426
0.000458289
0.00045232
0.000446351
0.000440382
0.000434412
0.000428441
0.000422467
0.00041649
0.000410509
0.000404524
0.000398534
0.000392539
0.000386539
0.000380532
0.000374519
0.0003685
0.000362474
0.000356441
0.000350401
0.000344353
0.000338298
0.000332236
0.000326167
0.000320089
0.000314005
0.000307913
0.000301813
0.000295706
0.000289591
0.000283469
0.00027734
0.000271204
0.000265061
0.000258911
0.000252754
0.000246591
0.000240421
0.000234245
0.000228063
0.000221875
0.000215681
0.000209481
0.000203276
0.000197065
0.000190849
0.000184629
0.000178403
0.000172173
0.000165939
0.000159701
0.000153458
0.000147211
0.000140961
0.000134707
0.00012845
0.00012219
0.000115927
0.000109661
0.000103392
9.71209e-05
9.08473e-05
8.45716e-05
7.82939e-05
7.20143e-05
6.5733e-05
5.94502e-05
5.3166e-05
4.68806e-05
4.05941e-05
3.43067e-05
2.80184e-05
2.17289e-05
1.54409e-05
9.15567e-06
3.01611e-06
0.000829519
0.000804578
0.00078501
0.000768259
0.000753519
0.000740361
0.000728413
0.000717408
0.000707163
0.000697541
0.000688436
0.000679763
0.000671453
0.000663449
0.000655707
0.000648186
0.000640856
0.00063369
0.000626666
0.000619766
0.000612974
0.000606277
0.000599664
0.000593126
0.000586654
0.000580242
0.000573882
0.000567571
0.000561302
0.000555072
0.000548877
0.000542713
0.000536578
0.000530467
0.000524379
0.000518311
0.00051226
0.000506225
0.000500203
0.000494193
0.000488193
0.000482202
0.000476217
0.000470237
0.000464262
0.00045829
0.00045232
0.000446351
0.000440381
0.000434411
0.000428439
0.000422464
0.000416487
0.000410506
0.00040452
0.00039853
0.000392535
0.000386534
0.000380527
0.000374514
0.000368495
0.000362468
0.000356435
0.000350395
0.000344348
0.000338293
0.000332231
0.000326161
0.000320084
0.000313999
0.000307907
0.000301807
0.0002957
0.000289586
0.000283464
0.000277335
0.000271199
0.000265056
0.000258906
0.00025275
0.000246586
0.000240417
0.000234241
0.000228058
0.00022187
0.000215676
0.000209477
0.000203272
0.000197061
0.000190846
0.000184625
0.0001784
0.00017217
0.000165936
0.000159698
0.000153455
0.000147209
0.000140959
0.000134705
0.000128448
0.000122188
0.000115925
0.000109659
0.00010339
9.71191e-05
9.08457e-05
8.45701e-05
7.82924e-05
7.2013e-05
6.57318e-05
5.94491e-05
5.3165e-05
4.68797e-05
4.05934e-05
3.43061e-05
2.80178e-05
2.17287e-05
1.54411e-05
9.15507e-06
3.01533e-06
0.000837871
0.000808451
0.000788062
0.000770601
0.000755383
0.000741904
0.000729696
0.000718468
0.00070803
0.000698245
0.000689004
0.000680219
0.000671819
0.000663743
0.000655942
0.000648376
0.00064101
0.000633816
0.00062677
0.000619853
0.000613047
0.000606339
0.000599717
0.000593172
0.000586694
0.000580277
0.000573914
0.000567599
0.000561327
0.000555094
0.000548897
0.000542731
0.000536593
0.000530481
0.000524391
0.000518322
0.00051227
0.000506233
0.00050021
0.000494199
0.000488198
0.000482206
0.00047622
0.00047024
0.000464264
0.000458291
0.00045232
0.00044635
0.000440381
0.00043441
0.000428437
0.000422462
0.000416485
0.000410503
0.000404517
0.000398527
0.000392531
0.00038653
0.000380523
0.00037451
0.000368491
0.000362464
0.000356431
0.000350391
0.000344343
0.000338288
0.000332226
0.000326156
0.000320079
0.000313995
0.000307902
0.000301803
0.000295696
0.000289581
0.00028346
0.000277331
0.000271195
0.000265052
0.000258902
0.000252746
0.000246582
0.000240413
0.000234237
0.000228055
0.000221867
0.000215673
0.000209473
0.000203268
0.000197058
0.000190843
0.000184622
0.000178397
0.000172168
0.000165933
0.000159695
0.000153453
0.000147206
0.000140956
0.000134703
0.000128446
0.000122186
0.000115923
0.000109657
0.000103389
9.71177e-05
9.08443e-05
8.45688e-05
7.82913e-05
7.20119e-05
6.57308e-05
5.94482e-05
5.31642e-05
4.6879e-05
4.05928e-05
3.43055e-05
2.80174e-05
2.17286e-05
1.54417e-05
9.15748e-06
3.01651e-06
)
;

boundaryField
{
    frontWall
    {
        type            empty;
    }
    backWall
    {
        type            empty;
    }
    sideWall
    {
        type            zeroGradient;
    }
    outlet
    {
        type            fixedValue;
        value           uniform 0;
    }
    inlet
    {
        type            zeroGradient;
    }
}


// ************************************************************************* //
