/*--------------------------------*- C++ -*----------------------------------*\
  =========                 |
  \\      /  F ield         | OpenFOAM: The Open Source CFD Toolbox
   \\    /   O peration     | Website:  https://openfoam.org
    \\  /    A nd           | Version:  13
     \\/     M anipulation  |
\*---------------------------------------------------------------------------*/
FoamFile
{
    format      ascii;
    class       volScalarField;
    location    "16";
    object      p;
}
// * * * * * * * * * * * * * * * * * * * * * * * * * * * * * * * * * * * * * //

dimensions      [0 2 -2 0 0 0 0];

internalField   nonuniform List<scalar> 
6440
(
0.000482302
0.000482215
0.000482033
0.000481761
0.000481395
0.000480943
0.00048042
0.000479853
0.000479267
0.000478689
0.000478148
0.000477673
0.00047729
0.000477012
0.000476865
0.000476862
0.00047702
0.000477318
0.000477733
0.000478243
0.000478822
0.000479446
0.000480083
0.000480715
0.000481256
0.000482787
0.000482714
0.000482557
0.000482314
0.000481989
0.000481589
0.00048112
0.0004806
0.000480046
0.000479488
0.000478951
0.000478462
0.000478049
0.000477739
0.000477557
0.000477533
0.00047768
0.000477994
0.00047846
0.00047906
0.00047977
0.000480578
0.000481444
0.000482334
0.000483136
0.000483555
0.000483481
0.00048333
0.000483098
0.000482787
0.000482405
0.000481954
0.000481447
0.000480906
0.000480341
0.000479791
0.000479282
0.000478846
0.000478516
0.000478325
0.000478299
0.000478457
0.000478802
0.000479332
0.000480034
0.000480905
0.000481928
0.000483054
0.000484192
0.000485182
0.000484518
0.000484435
0.000484277
0.000484037
0.000483721
0.000483332
0.000482876
0.000482363
0.000481804
0.00048122
0.000480642
0.000480101
0.000479633
0.000479273
0.000479059
0.000479023
0.000479187
0.000479564
0.000480154
0.000480957
0.000482008
0.000483258
0.000484632
0.000486008
0.000487172
0.000485657
0.000485565
0.000485395
0.000485144
0.000484814
0.000484413
0.000483947
0.000483418
0.000482837
0.000482224
0.000481608
0.000481021
0.000480502
0.00048009
0.000479828
0.000479752
0.000479895
0.000480278
0.000480912
0.000481806
0.000482989
0.000484449
0.000486065
0.000487691
0.000489038
0.00048696
0.000486858
0.000486675
0.000486407
0.000486058
0.000485636
0.000485148
0.000484604
0.000484011
0.000483375
0.000482722
0.000482089
0.000481513
0.000481036
0.000480705
0.000480563
0.000480653
0.00048101
0.000481656
0.000482604
0.000483882
0.000485522
0.000487367
0.000489221
0.000490752
0.000488419
0.000488307
0.000488109
0.00048782
0.000487447
0.000486998
0.000486483
0.000485915
0.000485307
0.000484663
0.000483983
0.000483316
0.000482693
0.00048215
0.000481739
0.000481512
0.000481522
0.000481817
0.000482437
0.000483401
0.000484738
0.000486496
0.000488538
0.000490606
0.000492319
0.000490027
0.000489904
0.00048969
0.000489378
0.000488976
0.000488496
0.00048795
0.000487353
0.00048672
0.000486062
0.000485377
0.000484689
0.000484034
0.000483442
0.000482957
0.000482638
0.000482549
0.00048275
0.000483298
0.000484234
0.000485589
0.000487421
0.000489626
0.000491906
0.000493794
0.000491779
0.000491646
0.000491414
0.000491077
0.000490644
0.000490129
0.000489547
0.000488916
0.000488255
0.00048758
0.000486899
0.000486185
0.000485514
0.000484895
0.000484358
0.000483954
0.000483754
0.000483838
0.000484272
0.00048513
0.000486452
0.000488305
0.000490657
0.000493142
0.000495185
0.000493667
0.000493525
0.000493276
0.000492914
0.000492449
0.000491896
0.000491273
0.000490601
0.000489901
0.000489195
0.000488498
0.000487791
0.000487111
0.000486479
0.000485915
0.000485449
0.000485147
0.000485095
0.000485391
0.000486114
0.000487358
0.000489181
0.00049163
0.000494282
0.00049648
0.000495685
0.000495536
0.000495272
0.000494886
0.000494391
0.000493801
0.000493137
0.000492421
0.000491678
0.000490931
0.000490199
0.000489503
0.000488817
0.000488178
0.000487599
0.0004871
0.000486721
0.000486539
0.000486667
0.000487233
0.000488339
0.000490084
0.000492544
0.000495351
0.000497706
0.000497823
0.00049767
0.000497395
0.000496993
0.000496477
0.000495861
0.000495164
0.000494409
0.000493618
0.000492817
0.000492035
0.000491303
0.000490616
0.000489989
0.00048941
0.000488888
0.000488453
0.000488158
0.000488117
0.000488483
0.00048939
0.000491011
0.000493433
0.000496365
0.000498869
0.000500068
0.000499915
0.000499638
0.000499232
0.000498709
0.000498082
0.000497368
0.000496583
0.000495753
0.000494905
0.000494067
0.000493274
0.000492572
0.000491926
0.000491327
0.000490781
0.000490292
0.00048992
0.000489741
0.000489892
0.000490565
0.000491989
0.000494314
0.000497338
0.000499981
0.000502402
0.000502255
0.000501986
0.000501591
0.000501079
0.000500461
0.000499752
0.000498967
0.000498127
0.000497248
0.000496358
0.000495511
0.000494712
0.000493983
0.000493337
0.000492752
0.000492227
0.00049178
0.000491475
0.000491455
0.000491901
0.000493075
0.000495256
0.000498308
0.000501108
0.000504801
0.000504666
0.000504416
0.000504047
0.000503565
0.000502982
0.00050231
0.000501557
0.000500741
0.000499867
0.000498959
0.000498062
0.00049717
0.000496308
0.00049552
0.000494811
0.000494189
0.000493677
0.000493291
0.000493181
0.000493435
0.00049439
0.000496335
0.000499267
0.000502178
0.000507236
0.000507117
0.000506897
0.000506567
0.000506135
0.000505609
0.000504999
0.000504319
0.000503584
0.000502774
0.000501947
0.000501028
0.000500056
0.000499036
0.000498034
0.000497119
0.000496329
0.000495688
0.000495228
0.000494986
0.000495021
0.000495659
0.000497318
0.000500109
0.00050305
0.000509674
0.000509576
0.000509389
0.000509113
0.000508757
0.000508303
0.000507806
0.000507252
0.000506647
0.00050602
0.00050527
0.000504397
0.000503418
0.000502331
0.000501155
0.000499981
0.00049891
0.000498001
0.000497289
0.000496813
0.000496645
0.000496962
0.000498128
0.000500538
0.000503466
0.000512085
0.000512007
0.00051186
0.00051164
0.00051138
0.000511055
0.000510691
0.000510342
0.000509907
0.000509328
0.000508636
0.000507849
0.000506969
0.000506001
0.000504946
0.000503699
0.000502385
0.000501129
0.000499982
0.000499017
0.000498319
0.00049803
0.000498369
0.000499892
0.00050257
0.000514424
0.000514371
0.000514284
0.000514159
0.000513994
0.000513803
0.000513649
0.000513353
0.000512997
0.000512559
0.000512035
0.000511427
0.000510732
0.000509941
0.00050904
0.000508011
0.000506729
0.000505254
0.000503755
0.000502182
0.000500559
0.000499013
0.000497422
0.000497146
0.000498483
0.000516673
0.000516663
0.000516642
0.000516597
0.000516529
0.000516507
0.00051637
0.0005162
0.000515987
0.000515718
0.000515385
0.000514982
0.0005145
0.000513922
0.000513233
0.000512417
0.00051143
0.000510085
0.00050828
0.000506055
0.000503323
0.000499625
0.000495108
0.000490043
0.000486957
0.000518825
0.000518845
0.000518863
0.000518875
0.000518898
0.000518844
0.000518767
0.000518666
0.000518531
0.000518355
0.000518127
0.000517838
0.000517474
0.000517018
0.000516446
0.000515727
0.000514811
0.000513619
0.000511893
0.000509375
0.000505852
0.000501115
0.000494485
0.000484
0.000464569
0.000520915
0.000520943
0.000520968
0.00052098
0.000520972
0.000520929
0.000520858
0.000520759
0.000520628
0.000520457
0.000520237
0.000519956
0.0005196
0.000519146
0.000518565
0.000517819
0.000516842
0.000515543
0.000513768
0.000511329
0.000507758
0.000502832
0.000495967
0.000485906
0.000471048
0.000522939
0.000522971
0.000522995
0.000523
0.000522982
0.000522936
0.000522862
0.000522759
0.000522621
0.000522443
0.000522216
0.000521927
0.000521559
0.00052109
0.000520488
0.000519709
0.00051869
0.000517344
0.000515547
0.000513138
0.000509883
0.000505406
0.000499494
0.000491735
0.000482129
0.000524901
0.000524935
0.00052496
0.000524962
0.000524941
0.000524895
0.000524821
0.000524717
0.00052458
0.000524403
0.000524178
0.000523892
0.000523528
0.000523065
0.000522471
0.000521707
0.000520717
0.000519431
0.000517755
0.000515572
0.000512743
0.000509105
0.000504582
0.00049923
0.00049349
0.000526803
0.000526839
0.000526866
0.00052687
0.000526851
0.000526808
0.00052674
0.000526643
0.000526515
0.000526351
0.000526141
0.000525876
0.000525539
0.00052511
0.000524564
0.000523867
0.000522977
0.000521841
0.000520399
0.000518585
0.000516333
0.00051361
0.000510459
0.000507087
0.000503948
0.000528646
0.000528685
0.000528715
0.000528724
0.000528711
0.000528676
0.000528618
0.000528535
0.000528425
0.000528282
0.000528101
0.000527871
0.00052758
0.000527212
0.000526745
0.000526157
0.000525416
0.000524492
0.000523351
0.000521967
0.000520331
0.000518473
0.000516507
0.000514646
0.000513258
0.000530431
0.000530473
0.000530509
0.000530524
0.00053052
0.000530497
0.000530454
0.000530391
0.000530305
0.000530193
0.00053005
0.000529869
0.00052964
0.000529352
0.000528989
0.000528536
0.000527976
0.000527294
0.000526481
0.000525537
0.000524488
0.000523396
0.000522386
0.000521652
0.000521469
0.000532158
0.000532203
0.000532245
0.000532269
0.000532277
0.000532269
0.000532245
0.000532207
0.000532151
0.000532078
0.000531982
0.00053186
0.000531705
0.000531509
0.000531264
0.000530962
0.000530597
0.000530166
0.000529677
0.000529147
0.000528621
0.000528171
0.000527913
0.000528012
0.00052867
0.000533826
0.000533876
0.000533924
0.000533959
0.00053398
0.00053399
0.000533989
0.000533979
0.000533959
0.000533928
0.000533886
0.000533829
0.000533755
0.00053366
0.00053354
0.000533394
0.000533225
0.000533038
0.000532851
0.000532693
0.000532613
0.000532684
0.000533009
0.000533718
0.000534964
0.000535436
0.00053549
0.000535546
0.000535591
0.000535627
0.000535657
0.000535682
0.000535703
0.000535721
0.000535737
0.000535752
0.000535765
0.000535775
0.000535783
0.000535789
0.000535796
0.000535813
0.000535853
0.000535937
0.000536101
0.000536391
0.000536877
0.000537645
0.000538799
0.000540452
0.000536987
0.000537044
0.000537108
0.000537165
0.000537218
0.000537269
0.00053732
0.000537374
0.000537432
0.000537497
0.00053757
0.000537653
0.000537748
0.000537857
0.000537984
0.000538137
0.000538326
0.000538569
0.00053889
0.000539324
0.000539916
0.000540726
0.000541825
0.000543297
0.000545227
0.000538477
0.000538539
0.00053861
0.000538679
0.000538748
0.000538821
0.0005389
0.000538987
0.000539086
0.0005392
0.000539331
0.000539483
0.000539659
0.000539865
0.000540105
0.000540391
0.000540735
0.000541155
0.000541677
0.000542334
0.000543166
0.000544224
0.000545567
0.000547261
0.00054937
0.000539906
0.000539971
0.00054005
0.000540131
0.000540217
0.000540312
0.000540418
0.000540539
0.000540678
0.000540839
0.000541026
0.000541244
0.000541497
0.000541792
0.000542136
0.00054254
0.000543019
0.000543591
0.00054428
0.000545115
0.000546134
0.000547379
0.000548897
0.000550739
0.000552956
0.000541272
0.00054134
0.000541427
0.00054152
0.000541622
0.000541739
0.000541871
0.000542025
0.000542202
0.000542409
0.000542649
0.000542928
0.000543251
0.000543627
0.000544063
0.000544571
0.000545165
0.000545862
0.000546686
0.000547663
0.000548824
0.000550205
0.000551843
0.000553779
0.000556051
0.000542574
0.000542646
0.000542739
0.000542844
0.000542962
0.000543099
0.000543257
0.000543441
0.000543655
0.000543904
0.000544193
0.000544528
0.000544914
0.000545361
0.000545877
0.000546473
0.000547163
0.000547963
0.000548895
0.00054998
0.000551245
0.00055272
0.000554435
0.000556422
0.000558708
0.000543812
0.000543887
0.000543987
0.000544102
0.000544235
0.000544391
0.000544573
0.000544786
0.000545033
0.000545321
0.000545654
0.000546038
0.000546481
0.000546989
0.000547573
0.000548242
0.00054901
0.000549892
0.000550905
0.00055207
0.000553408
0.000554945
0.000556703
0.000558707
0.000560978
0.000544985
0.000545062
0.000545168
0.000545293
0.00054544
0.000545614
0.000545818
0.000546057
0.000546334
0.000546656
0.000547028
0.000547456
0.000547946
0.000548507
0.000549147
0.000549876
0.000550705
0.000551649
0.000552723
0.000553944
0.00055533
0.0005569
0.000558674
0.00056067
0.000562905
0.000546093
0.000546172
0.000546283
0.000546417
0.000546577
0.000546767
0.00054699
0.000547252
0.000547557
0.000547909
0.000548314
0.000548779
0.00054931
0.000549914
0.000550599
0.000551374
0.000552251
0.00055324
0.000554356
0.000555612
0.000557024
0.000558607
0.000560376
0.000562345
0.000564527
0.000547135
0.000547216
0.000547332
0.000547473
0.000547644
0.000547849
0.00054809
0.000548372
0.000548699
0.000549078
0.000549512
0.000550007
0.000550571
0.000551209
0.000551929
0.000552739
0.00055365
0.00055467
0.000555812
0.000557087
0.000558508
0.000560086
0.000561834
0.000563762
0.000565878
0.000548112
0.000548195
0.000548315
0.000548463
0.000548643
0.00054886
0.000549116
0.000549415
0.000549763
0.000550163
0.00055062
0.000551141
0.00055173
0.000552394
0.00055314
0.000553975
0.000554908
0.000555947
0.000557102
0.000558382
0.000559797
0.000561358
0.000563072
0.000564948
0.000566991
0.000549025
0.000549109
0.000549232
0.000549385
0.000549574
0.000549801
0.000550069
0.000550383
0.000550747
0.000551165
0.000551641
0.00055218
0.000552789
0.000553472
0.000554236
0.000555087
0.000556032
0.000557079
0.000558235
0.000559509
0.000560908
0.00056244
0.000564111
0.000565927
0.000567891
0.000549875
0.000549959
0.000550084
0.000550242
0.000550437
0.000550672
0.000550951
0.000551277
0.000551654
0.000552085
0.000552575
0.000553129
0.000553751
0.000554447
0.000555221
0.000556079
0.000557028
0.000558074
0.000559223
0.000560481
0.000561855
0.00056335
0.000564971
0.000566722
0.000568604
0.000550661
0.000550745
0.000550872
0.000551033
0.000551234
0.000551476
0.000551763
0.000552098
0.000552484
0.000552925
0.000553425
0.000553989
0.000554619
0.000555321
0.0005561
0.000556959
0.000557905
0.000558942
0.000560076
0.000561311
0.000562653
0.000564105
0.000565671
0.000567353
0.000569151
0.000551386
0.000551471
0.000551598
0.000551762
0.000551966
0.000552213
0.000552506
0.000552848
0.000553241
0.000553689
0.000554195
0.000554763
0.000555397
0.000556101
0.000556878
0.000557732
0.000558669
0.000559692
0.000560804
0.000562011
0.000563315
0.00056472
0.000566227
0.000567838
0.000569552
0.000552052
0.000552136
0.000552263
0.000552429
0.000552635
0.000552886
0.000553183
0.000553528
0.000553926
0.000554377
0.000554886
0.000555456
0.000556089
0.00055679
0.000557561
0.000558406
0.000559328
0.000560331
0.000561418
0.000562591
0.000563854
0.000565208
0.000566655
0.000568194
0.000569824
0.00055266
0.000552742
0.000552869
0.000553036
0.000553244
0.000553496
0.000553795
0.000554143
0.000554542
0.000554994
0.000555503
0.000556071
0.0005567
0.000557394
0.000558155
0.000558986
0.00055989
0.000560869
0.000561926
0.000563063
0.000564282
0.000565583
0.000566968
0.000568435
0.000569983
0.000553211
0.000553293
0.000553419
0.000553585
0.000553793
0.000554046
0.000554346
0.000554694
0.000555092
0.000555543
0.000556049
0.000556612
0.000557234
0.000557918
0.000558666
0.00055948
0.000560362
0.000561315
0.000562339
0.000563437
0.00056461
0.000565857
0.000567179
0.000568575
0.000570043
0.000553709
0.000553789
0.000553914
0.000554078
0.000554286
0.000554539
0.000554837
0.000555184
0.00055558
0.000556027
0.000556528
0.000557083
0.000557696
0.000558367
0.000559099
0.000559893
0.000560751
0.000561675
0.000562665
0.000563722
0.000564847
0.00056604
0.0005673
0.000568626
0.000570016
0.000554155
0.000554233
0.000554356
0.000554519
0.000554725
0.000554976
0.000555272
0.000555616
0.000556008
0.00055645
0.000556943
0.000557489
0.00055809
0.000558747
0.00055946
0.000560233
0.000561064
0.000561957
0.000562911
0.000563926
0.000565004
0.000566142
0.000567341
0.000568599
0.000569913
0.000554551
0.000554627
0.000554748
0.000554909
0.000555112
0.00055536
0.000555653
0.000555993
0.000556379
0.000556814
0.000557299
0.000557834
0.000558421
0.000559061
0.000559755
0.000560504
0.000561308
0.000562168
0.000563085
0.000564059
0.000565088
0.000566173
0.000567312
0.000568504
0.000569745
0.0005549
0.000554974
0.000555092
0.00055525
0.000555451
0.000555695
0.000555984
0.000556318
0.000556698
0.000557124
0.000557599
0.000558122
0.000558694
0.000559316
0.000559988
0.000560712
0.000561488
0.000562315
0.000563195
0.000564126
0.000565108
0.00056614
0.000567221
0.000568348
0.00056952
0.000555204
0.000555276
0.000555391
0.000555546
0.000555743
0.000555983
0.000556267
0.000556594
0.000556966
0.000557384
0.000557847
0.000558356
0.000558912
0.000559515
0.000560166
0.000560864
0.00056161
0.000562405
0.000563247
0.000564136
0.000565071
0.000566052
0.000567076
0.000568141
0.000569245
0.000555465
0.000555535
0.000555647
0.000555799
0.000555992
0.000556227
0.000556504
0.000556825
0.000557189
0.000557596
0.000558047
0.000558541
0.00055908
0.000559663
0.000560291
0.000560964
0.000561681
0.000562442
0.000563246
0.000564094
0.000564984
0.000565914
0.000566883
0.000567889
0.000568929
0.000555687
0.000555754
0.000555863
0.000556011
0.000556199
0.000556429
0.0005567
0.000557013
0.000557367
0.000557764
0.000558202
0.000558681
0.000559203
0.000559766
0.00056037
0.000561016
0.000561704
0.000562432
0.0005632
0.000564007
0.000564852
0.000565734
0.00056665
0.000567599
0.000568578
0.00055587
0.000555935
0.000556041
0.000556185
0.000556368
0.000556592
0.000556857
0.000557161
0.000557506
0.000557891
0.000558315
0.000558779
0.000559283
0.000559825
0.000560407
0.000561027
0.000561684
0.00056238
0.000563112
0.000563879
0.000564681
0.000565516
0.000566382
0.000567276
0.000568197
0.000556019
0.000556081
0.000556183
0.000556323
0.000556502
0.00055672
0.000556977
0.000557273
0.000557608
0.000557981
0.000558391
0.000558839
0.000559325
0.000559847
0.000560405
0.000560998
0.000561627
0.000562291
0.000562988
0.000563717
0.000564477
0.000565266
0.000566083
0.000566926
0.000567791
0.000556134
0.000556194
0.000556293
0.000556428
0.000556602
0.000556814
0.000557063
0.000557351
0.000557675
0.000558036
0.000558433
0.000558865
0.000559332
0.000559833
0.000560368
0.000560936
0.000561537
0.000562169
0.000562831
0.000563523
0.000564243
0.000564989
0.00056576
0.000566553
0.000567366
0.000556219
0.000556277
0.000556372
0.000556503
0.000556671
0.000556877
0.000557119
0.000557397
0.000557711
0.00055806
0.000558442
0.000558858
0.000559307
0.000559788
0.000560301
0.000560844
0.000561416
0.000562018
0.000562647
0.000563303
0.000563984
0.000564689
0.000565415
0.000566161
0.000566924
0.000556276
0.000556331
0.000556423
0.000556549
0.000556712
0.000556911
0.000557146
0.000557415
0.000557718
0.000558055
0.000558423
0.000558824
0.000559255
0.000559716
0.000560206
0.000560724
0.00056127
0.000561842
0.000562439
0.000563061
0.000563704
0.000564369
0.000565053
0.000565754
0.00056647
0.000556306
0.000556359
0.000556447
0.00055657
0.000556727
0.00055692
0.000557147
0.000557407
0.0005577
0.000558024
0.000558379
0.000558764
0.000559177
0.000559618
0.000560086
0.000560581
0.0005611
0.000561644
0.00056221
0.000562799
0.000563407
0.000564034
0.000564678
0.000565337
0.000566008
0.000556313
0.000556363
0.000556448
0.000556566
0.000556719
0.000556905
0.000557124
0.000557375
0.000557658
0.00055797
0.000558311
0.000558681
0.000559077
0.000559499
0.000559946
0.000560417
0.000560911
0.000561427
0.000561964
0.000562521
0.000563095
0.000563686
0.000564292
0.00056491
0.00056554
0.000556297
0.000556346
0.000556428
0.000556542
0.000556689
0.000556869
0.00055708
0.000557322
0.000557595
0.000557895
0.000558223
0.000558577
0.000558957
0.00055936
0.000559787
0.000560235
0.000560705
0.000561195
0.000561704
0.00056223
0.000562772
0.000563329
0.000563898
0.000564479
0.000565068
0.000556262
0.000556309
0.000556387
0.000556497
0.000556639
0.000556813
0.000557017
0.000557251
0.000557513
0.000557802
0.000558117
0.000558457
0.00055882
0.000559205
0.000559612
0.000560039
0.000560485
0.00056095
0.000561431
0.000561928
0.00056244
0.000562964
0.000563499
0.000564044
0.000564596
0.000556209
0.000556254
0.000556329
0.000556436
0.000556573
0.00055674
0.000556937
0.000557163
0.000557415
0.000557693
0.000557995
0.000558321
0.000558668
0.000559036
0.000559423
0.00055983
0.000560254
0.000560694
0.000561149
0.000561619
0.000562101
0.000562595
0.000563098
0.000563608
0.000564125
0.00055614
0.000556183
0.000556256
0.000556359
0.000556491
0.000556653
0.000556843
0.00055706
0.000557303
0.00055757
0.00055786
0.000558171
0.000558503
0.000558855
0.000559224
0.00055961
0.000560013
0.00056043
0.000560861
0.000561304
0.000561759
0.000562223
0.000562695
0.000563174
0.000563658
0.000556056
0.000556098
0.000556169
0.000556268
0.000556396
0.000556552
0.000556735
0.000556945
0.000557178
0.000557435
0.000557713
0.000558011
0.000558329
0.000558664
0.000559015
0.000559383
0.000559765
0.00056016
0.000560567
0.000560986
0.000561414
0.000561851
0.000562294
0.000562743
0.000563195
0.000555961
0.000556001
0.00055607
0.000556166
0.000556289
0.00055644
0.000556617
0.000556819
0.000557043
0.00055729
0.000557557
0.000557842
0.000558146
0.000558465
0.0005588
0.000559149
0.000559511
0.000559886
0.000560271
0.000560666
0.000561069
0.00056148
0.000561896
0.000562316
0.000562739
0.000555854
0.000555894
0.00055596
0.000556053
0.000556173
0.000556319
0.00055649
0.000556684
0.0005569
0.000557137
0.000557393
0.000557666
0.000557956
0.000558261
0.00055858
0.000558911
0.000559255
0.000559609
0.000559973
0.000560346
0.000560726
0.000561112
0.000561502
0.000561896
0.000562292
0.000555739
0.000555777
0.000555842
0.000555933
0.000556049
0.00055619
0.000556355
0.000556542
0.00055675
0.000556978
0.000557223
0.000557485
0.000557762
0.000558053
0.000558356
0.000558671
0.000558997
0.000559332
0.000559676
0.000560028
0.000560385
0.000560748
0.000561114
0.000561483
0.000561853
0.000555616
0.000555654
0.000555717
0.000555805
0.000555918
0.000556055
0.000556214
0.000556395
0.000556596
0.000556814
0.00055705
0.0005573
0.000557565
0.000557842
0.000558131
0.00055843
0.000558739
0.000559056
0.000559381
0.000559713
0.000560049
0.00056039
0.000560734
0.000561079
0.000561424
0.000555487
0.000555525
0.000555587
0.000555673
0.000555783
0.000555915
0.00055607
0.000556244
0.000556438
0.000556648
0.000556874
0.000557114
0.000557366
0.000557631
0.000557905
0.00055819
0.000558483
0.000558783
0.00055909
0.000559402
0.000559719
0.000560039
0.000560361
0.000560684
0.000561007
0.000555353
0.000555391
0.000555453
0.000555537
0.000555644
0.000555773
0.000555923
0.000556091
0.000556278
0.00055648
0.000556697
0.000556927
0.000557168
0.00055742
0.000557681
0.000557951
0.000558229
0.000558513
0.000558803
0.000559097
0.000559395
0.000559696
0.000559998
0.000560301
0.000560602
0.000555216
0.000555255
0.000555316
0.000555399
0.000555504
0.00055563
0.000555775
0.000555938
0.000556118
0.000556313
0.000556521
0.000556741
0.000556971
0.000557211
0.00055746
0.000557717
0.000557979
0.000558248
0.000558522
0.000558799
0.00055908
0.000559362
0.000559645
0.000559928
0.00056021
0.000555078
0.000555117
0.000555179
0.000555261
0.000555364
0.000555486
0.000555627
0.000555786
0.000555959
0.000556147
0.000556346
0.000556557
0.000556777
0.000557006
0.000557243
0.000557486
0.000557735
0.000557989
0.000558248
0.000558509
0.000558773
0.000559038
0.000559303
0.000559568
0.000559831
0.000554938
0.00055498
0.000555042
0.000555124
0.000555225
0.000555345
0.000555482
0.000555636
0.000555803
0.000555984
0.000556176
0.000556377
0.000556588
0.000556806
0.000557031
0.000557262
0.000557498
0.000557738
0.000557981
0.000558228
0.000558476
0.000558725
0.000558973
0.000559221
0.000559467
0.0005548
0.000554843
0.000554907
0.000554989
0.000555089
0.000555207
0.000555341
0.00055549
0.000555652
0.000555826
0.00055601
0.000556203
0.000556404
0.000556612
0.000556825
0.000557044
0.000557267
0.000557494
0.000557724
0.000557956
0.000558189
0.000558422
0.000558655
0.000558887
0.000559117
0.000554664
0.00055471
0.000554775
0.000554858
0.000554957
0.000555073
0.000555204
0.000555349
0.000555506
0.000555673
0.00055585
0.000556035
0.000556226
0.000556424
0.000556627
0.000556834
0.000557045
0.000557259
0.000557476
0.000557694
0.000557913
0.000558132
0.00055835
0.000558567
0.000558781
0.000554532
0.000554581
0.000554649
0.000554732
0.000554831
0.000554946
0.000555074
0.000555215
0.000555367
0.000555528
0.000555698
0.000555874
0.000556057
0.000556245
0.000556437
0.000556633
0.000556832
0.000557034
0.000557238
0.000557443
0.000557649
0.000557854
0.000558058
0.000558261
0.000558461
0.000554404
0.000554457
0.000554528
0.000554614
0.000554713
0.000554827
0.000554953
0.00055509
0.000555236
0.000555391
0.000555554
0.000555722
0.000555896
0.000556074
0.000556256
0.000556441
0.000556629
0.000556819
0.000557011
0.000557203
0.000557396
0.000557589
0.00055778
0.000557969
0.000558156
0.000554283
0.000554341
0.000554416
0.000554504
0.000554604
0.000554717
0.000554841
0.000554974
0.000555116
0.000555265
0.00055542
0.00055558
0.000555745
0.000555914
0.000556086
0.00055626
0.000556437
0.000556615
0.000556795
0.000556975
0.000557156
0.000557336
0.000557515
0.000557692
0.000557867
0.000554169
0.000554233
0.000554314
0.000554405
0.000554506
0.000554619
0.00055474
0.00055487
0.000555007
0.000555149
0.000555297
0.000555449
0.000555605
0.000555764
0.000555925
0.000556089
0.000556255
0.000556422
0.00055659
0.000556759
0.000556928
0.000557096
0.000557264
0.000557429
0.000557592
0.000554065
0.000554136
0.000554223
0.000554318
0.000554421
0.000554533
0.000554653
0.000554779
0.00055491
0.000555047
0.000555187
0.00055533
0.000555477
0.000555626
0.000555777
0.00055593
0.000556084
0.000556241
0.000556398
0.000556555
0.000556713
0.00055687
0.000557026
0.000557181
0.000557333
0.000553971
0.000554052
0.000554147
0.000554246
0.000554352
0.000554464
0.000554581
0.000554703
0.000554829
0.000554958
0.00055509
0.000555224
0.000555361
0.000555499
0.00055564
0.000555782
0.000555926
0.000556071
0.000556217
0.000556363
0.00055651
0.000556656
0.000556802
0.000556946
0.000557089
0.000553891
0.000553982
0.000554087
0.000554192
0.000554301
0.000554412
0.000554527
0.000554644
0.000554763
0.000554884
0.000555007
0.000555131
0.000555258
0.000555385
0.000555515
0.000555646
0.000555778
0.000555912
0.000556047
0.000556183
0.000556319
0.000556456
0.000556591
0.000556726
0.000556859
0.000553827
0.000553931
0.000554047
0.000554159
0.00055427
0.000554381
0.000554493
0.000554604
0.000554715
0.000554827
0.00055494
0.000555053
0.000555168
0.000555284
0.000555402
0.000555522
0.000555643
0.000555766
0.00055589
0.000556015
0.000556141
0.000556267
0.000556394
0.000556519
0.000556644
0.000553781
0.000553901
0.00055403
0.00055415
0.000554264
0.000554374
0.000554481
0.000554585
0.000554687
0.000554788
0.000554889
0.00055499
0.000555093
0.000555196
0.000555302
0.000555409
0.000555519
0.00055563
0.000555744
0.000555858
0.000555974
0.000556091
0.000556208
0.000556325
0.000556442
0.000553757
0.000553897
0.000554042
0.00055417
0.000554287
0.000554395
0.000554495
0.000554589
0.00055468
0.000554768
0.000554855
0.000554942
0.000555031
0.000555121
0.000555213
0.000555308
0.000555406
0.000555506
0.000555608
0.000555712
0.000555819
0.000555926
0.000556035
0.000556144
0.000556253
0.000553761
0.000553924
0.000554088
0.000554226
0.000554344
0.000554447
0.000554538
0.000554619
0.000554695
0.000554767
0.000554838
0.00055491
0.000554983
0.000555058
0.000555136
0.000555218
0.000555303
0.000555391
0.000555483
0.000555577
0.000555674
0.000555772
0.000555873
0.000555974
0.000556077
0.000553798
0.00055399
0.000554177
0.000554324
0.000554441
0.000554536
0.000554613
0.000554677
0.000554734
0.000554787
0.000554839
0.000554892
0.000554948
0.000555007
0.00055507
0.000555138
0.00055521
0.000555286
0.000555367
0.000555451
0.000555538
0.000555629
0.000555721
0.000555816
0.000555912
0.000553877
0.000554106
0.00055432
0.000554475
0.000554586
0.000554667
0.000554724
0.000554765
0.000554798
0.000554828
0.000554857
0.000554889
0.000554925
0.000554966
0.000555013
0.000555066
0.000555125
0.000555189
0.000555259
0.000555333
0.000555412
0.000555494
0.00055558
0.000555668
0.000555758
0.000554013
0.000554288
0.000554531
0.00055469
0.000554789
0.000554846
0.000554874
0.000554885
0.000554887
0.000554887
0.000554889
0.000554897
0.000554911
0.000554933
0.000554963
0.000555001
0.000555046
0.000555099
0.000555158
0.000555223
0.000555293
0.000555368
0.000555447
0.000555529
0.000555614
0.000554227
0.000554558
0.000554833
0.000554987
0.00055506
0.00055508
0.000555067
0.000555036
0.000554999
0.000554964
0.000554934
0.000554914
0.000554905
0.000554906
0.000554919
0.000554941
0.000554974
0.000555015
0.000555064
0.00055512
0.000555182
0.00055525
0.000555322
0.000555399
0.000555479
0.000554555
0.00055495
0.000555253
0.000555386
0.000555411
0.000555374
0.000555302
0.000555217
0.000555131
0.000555053
0.000554988
0.000554937
0.000554903
0.000554883
0.000554877
0.000554885
0.000554904
0.000554934
0.000554974
0.000555021
0.000555076
0.000555138
0.000555205
0.000555277
0.000555353
0.000555059
0.000555519
0.000555834
0.000555913
0.000555855
0.000555731
0.000555579
0.000555422
0.000555276
0.000555149
0.000555044
0.000554961
0.0005549
0.000554858
0.000554835
0.000554829
0.000554836
0.000554856
0.000554887
0.000554927
0.000554976
0.000555032
0.000555094
0.000555162
0.000555234
0.000555856
0.000556353
0.000556634
0.000556596
0.000556401
0.000556149
0.000555887
0.000555642
0.000555425
0.000555242
0.000555094
0.000554978
0.000554891
0.000554829
0.00055479
0.00055477
0.000554767
0.000554779
0.000554802
0.000554837
0.00055488
0.000554931
0.00055499
0.000555054
0.000555123
0.000557154
0.000557585
0.000557723
0.000557463
0.000557049
0.000556615
0.000556211
0.000555858
0.000555562
0.000555321
0.000555129
0.000554981
0.00055487
0.000554791
0.000554738
0.000554708
0.000554696
0.000554701
0.000554719
0.000554748
0.000554788
0.000554836
0.000554891
0.000554952
0.000555019
0.000559309
0.00055941
0.000559178
0.00055852
0.000557775
0.000557094
0.000556517
0.000556045
0.000555666
0.000555368
0.000555137
0.000554962
0.000554832
0.000554739
0.000554676
0.000554638
0.000554621
0.000554621
0.000554635
0.000554662
0.000554699
0.000554744
0.000554797
0.000554856
0.000554922
0.000563223
0.000562232
0.000561049
0.000559701
0.000558492
0.000557512
0.000556746
0.000556155
0.000555704
0.000555361
0.000555102
0.000554909
0.000554768
0.000554667
0.000554599
0.000554558
0.000554539
0.000554537
0.00055455
0.000554575
0.000554611
0.000554655
0.000554707
0.000554766
0.00055483
0.000572103
0.000566936
0.00056327
0.000560799
0.000559017
0.000557725
0.000556796
0.000556124
0.000555632
0.00055527
0.000555003
0.000554808
0.000554666
0.000554567
0.000554502
0.000554462
0.000554445
0.000554445
0.000554459
0.000554485
0.000554522
0.000554566
0.000554618
0.000554676
0.00055474
0.000590293
0.000573374
0.000565344
0.000561547
0.000559223
0.000557696
0.000556676
0.000555976
0.000555482
0.000555127
0.00055487
0.000554684
0.000554552
0.00055446
0.000554401
0.000554368
0.000554355
0.000554358
0.000554376
0.000554404
0.000554442
0.000554488
0.000554541
0.0005546
0.000554663
0.0300483
0.0291902
0.0277406
0.0257564
0.0234912
0.0210727
0.0185825
0.0160772
0.013671
0.0115049
0.00964961
0.00816851
0.00697582
0.00596784
0.00500582
0.00423884
0.00359562
0.00308451
0.00270901
0.00243631
0.00224891
0.00212857
0.00206296
0.00204386
0.00205487
0.0275685
0.0266318
0.0249389
0.022553
0.0198059
0.0170121
0.0143205
0.0118594
0.00971119
0.0079024
0.00642813
0.00526524
0.00445488
0.00387287
0.00340905
0.00298258
0.00262748
0.00240241
0.00222231
0.00208825
0.00200124
0.00195334
0.00193498
0.00193583
0.00194755
0.0221951
0.0212166
0.0195903
0.0175279
0.0151572
0.0126647
0.0103524
0.00828922
0.00654978
0.00520866
0.00419293
0.00349454
0.00298338
0.00260567
0.00232426
0.00210511
0.00193261
0.00180699
0.00172328
0.00168555
0.0016805
0.0016892
0.00169718
0.00169829
0.00169048
0.0162954
0.0152012
0.0135817
0.0117127
0.00979359
0.00801474
0.00648932
0.0052234
0.00412947
0.00333332
0.00291718
0.00264973
0.00243048
0.00224082
0.00207244
0.00193114
0.00182042
0.00173546
0.00167165
0.00163034
0.0016059
0.00159207
0.00157788
0.00155523
0.00152851
0.0113447
0.0102383
0.00881701
0.0073212
0.00603771
0.00502046
0.00426066
0.00370316
0.00326715
0.00290858
0.00263542
0.00242334
0.00225672
0.00211372
0.00198793
0.00187965
0.00179072
0.00172055
0.00166603
0.00162435
0.00159174
0.00156286
0.00153258
0.00149824
0.00146776
0.00630099
0.0053177
0.00409356
0.00310764
0.00259185
0.00239844
0.0023374
0.00234865
0.00235838
0.00232407
0.00224539
0.00215306
0.0020536
0.00195757
0.00186892
0.00178938
0.00172119
0.0016642
0.00161725
0.00157827
0.00154475
0.00151396
0.00148359
0.0014534
0.00142911
0.00333388
0.00245856
0.00139899
0.000650655
0.000401251
0.000537057
0.000872669
0.00119716
0.00146278
0.00164211
0.00173463
0.00176429
0.00175674
0.00172977
0.0016934
0.0016536
0.00161408
0.00157678
0.00154277
0.00151202
0.00148375
0.00145715
0.00143182
0.00140854
0.00139132
0.00133454
0.000755202
-0.000100049
-0.000818774
-0.00100755
-0.000807327
-0.000373356
0.000132811
0.00058002
0.000921898
0.00115714
0.00130762
0.00139772
0.00144751
0.0014713
0.00147815
0.00147342
0.00146168
0.00144618
0.00142878
0.00141046
0.00139186
0.0013738
0.00135761
0.00134623
0.000277799
-7.69251e-05
-0.000674628
-0.00125439
-0.00150354
-0.00139855
-0.00105137
-0.000570529
-8.83912e-05
0.000325346
0.000648376
0.000886048
0.00105409
0.00116915
0.0012455
0.00129369
0.00132163
0.00133558
0.00133986
0.00133764
0.00133114
0.00132202
0.00131181
0.00130215
0.00129543
-9.93354e-05
-0.000329922
-0.000649477
-0.000985248
-0.00121452
-0.00123606
-0.00105077
-0.000726924
-0.000350463
1.4601e-05
0.000332605
0.00059104
0.000791779
0.000942177
0.00105123
0.00112797
0.00118091
0.00121545
0.00123638
0.00124764
0.00125215
0.00125204
0.00124916
0.00124529
0.00124235
-0.000143682
-0.000311549
-0.000447479
-0.000588739
-0.000704568
-0.000754756
-0.000698464
-0.000533871
-0.00029996
-4.05858e-05
0.00021385
0.000441698
0.000633262
0.000787742
0.000908307
0.000997168
0.00106446
0.00111213
0.00114444
0.00116577
0.00117882
0.00118591
0.00118901
0.00118986
0.00118998
-0.000108981
-0.000227333
-0.000282578
-0.000314423
-0.000337136
-0.000349235
-0.000327328
-0.000252548
-0.000124191
3.86414e-05
0.000217476
0.000395729
0.000557607
0.000696962
0.000812274
0.000904001
0.000975323
0.00102951
0.00106679
0.00109491
0.00111391
0.00112601
0.00113355
0.00113793
0.00114034
-4.9555e-05
-0.00012319
-0.00013869
-0.000124252
-0.000101163
-8.13832e-05
-5.73519e-05
-1.35234e-05
6.00379e-05
0.000160632
0.000279844
0.000409194
0.000536254
0.000652762
0.000754512
0.000839817
0.000909039
0.00096362
0.001005
0.00103602
0.00105858
0.00107284
0.00108365
0.00109041
0.00109448
2.21542e-05
-2.20934e-05
-1.82037e-05
1.34223e-05
5.46967e-05
9.15894e-05
0.000123451
0.000159217
0.000208594
0.000275103
0.000356586
0.00044855
0.000544596
0.000637771
0.000723254
0.000798268
0.000861675
0.000913533
0.000954656
0.00098648
0.00101042
0.00102765
0.00104009
0.00104747
0.00105271
9.69287e-05
6.91785e-05
7.96864e-05
0.000113541
0.000157815
0.000201244
0.000239475
0.000275602
0.000316049
0.000365469
0.000424705
0.000491678
0.000564567
0.000638021
0.000708108
0.000772025
0.00082806
0.000875481
0.000914393
0.000945459
0.000969532
0.000987576
0.0010007
0.0010098
0.00101556
0.000165615
0.00014906
0.000160628
0.000190231
0.00023
0.000272563
0.000313002
0.000350659
0.000388532
0.000430211
0.000477543
0.000530514
0.000586315
0.000644227
0.000701283
0.000755028
0.000803673
0.0008461
0.000881921
0.000911286
0.000934653
0.000952655
0.000966058
0.000975742
0.000981994
0.000225712
0.00021596
0.000227295
0.000251794
0.00028526
0.000323508
0.000362501
0.000399959
0.000436459
0.000474018
0.000514265
0.000557707
0.000603459
0.000650531
0.000697633
0.000742943
0.000784974
0.000822583
0.000855111
0.000882389
0.000904577
0.000922037
0.000935307
0.000945124
0.000951563
0.000278309
0.000271817
0.000282384
0.000302957
0.000330978
0.000364118
0.000399584
0.000434794
0.00046914
0.000503497
0.000538963
0.000576106
0.000614721
0.000654266
0.000694125
0.000732906
0.000769462
0.000802813
0.00083224
0.000857392
0.00087822
0.000894894
0.00090777
0.000917444
0.000923877
0.000324045
0.000320352
0.000329476
0.000347218
0.000370878
0.0003991
0.0004301
0.000461617
0.000492751
0.000523781
0.000555332
0.000587846
0.000621286
0.000655007
0.000689899
0.000723798
0.000755951
0.000785661
0.000812272
0.000835345
0.000854718
0.000870436
0.000882743
0.000892131
0.000898495
0.000361494
0.000360769
0.000368206
0.000382997
0.000402524
0.000426363
0.000453096
0.000481028
0.000509281
0.000537728
0.000566565
0.000596016
0.000626211
0.000657203
0.000686889
0.000716435
0.000744725
0.000771071
0.000794914
0.000815811
0.000833541
0.000848084
0.000859633
0.000868653
0.00087497
0.000420728
0.000407911
0.00041113
0.000422099
0.000437766
0.000456773
0.000477904
0.000500244
0.00052339
0.000547309
0.000572112
0.000597883
0.000624551
0.000651817
0.000679226
0.000706137
0.000731972
0.000756173
0.000778269
0.000797838
0.000814599
0.000828436
0.000839425
0.000847888
0.00085364
0.000450924
0.000441609
0.000441972
0.00044974
0.000462449
0.000478548
0.000496935
0.000516858
0.000537869
0.000559742
0.000582376
0.00060569
0.000629553
0.00065373
0.000677762
0.000701357
0.000724031
0.000745325
0.000764866
0.000782292
0.000797337
0.000809873
0.000819957
0.000827885
0.000833406
0.00047229
0.000466899
0.000467486
0.000473545
0.000483857
0.000497335
0.000513135
0.000530618
0.000549318
0.000568936
0.000589276
0.000610181
0.000631464
0.000652899
0.000674254
0.000695244
0.000715445
0.000734475
0.000752012
0.000767738
0.000781408
0.000792883
0.00080219
0.000809581
0.000814786
0.000488649
0.000486405
0.0004879
0.000493253
0.000501982
0.000513461
0.000527095
0.000542371
0.00055888
0.000576323
0.000594481
0.000613166
0.000632171
0.000651279
0.000670316
0.000689042
0.000707101
0.000724164
0.000739947
0.000754177
0.000766628
0.000777159
0.000785772
0.000792677
0.000797578
0.000501847
0.000501633
0.000503975
0.000509103
0.000516866
0.00052692
0.000538865
0.000552311
0.000566924
0.000582434
0.000598624
0.0006153
0.000632261
0.000649304
0.000666274
0.000682974
0.000699109
0.000714398
0.000728598
0.000741472
0.000752819
0.000762499
0.000770503
0.00077701
0.000781686
0.000512854
0.000513929
0.000516898
0.000521957
0.000529077
0.00053807
0.00054867
0.000560594
0.000573576
0.000587385
0.000601817
0.000616688
0.00063181
0.000647003
0.000662122
0.000677
0.000691396
0.000705076
0.000717833
0.00072947
0.00073981
0.000748728
0.00075622
0.000762453
0.000767035
0.000522173
0.000524086
0.000527475
0.000532483
0.000539117
0.000547273
0.000556775
0.000567417
0.000578992
0.000591302
0.000604169
0.000617423
0.000630894
0.000644421
0.000657873
0.000671105
0.00068392
0.000696124
0.000707548
0.000718031
0.000727431
0.000735654
0.000742729
0.000748853
0.000753521
0.000530117
0.000532572
0.000536212
0.000541139
0.000547366
0.000554832
0.000563416
0.000572967
0.000583322
0.000594317
0.000605795
0.000617604
0.000629595
0.000641623
0.000653569
0.000665305
0.000676668
0.0006875
0.000697664
0.000707034
0.000715511
0.000723051
0.000729773
0.000736054
0.000741236
0.000536909
0.000539704
0.000543469
0.000548276
0.000554137
0.000561011
0.000568812
0.000577424
0.000586717
0.000596556
0.000606804
0.000617327
0.000627992
0.000638671
0.000649254
0.000659626
0.000669647
0.000679184
0.000688124
0.000696371
0.000703861
0.000710604
0.000716899
0.000723783
0.000731186
0.000542723
0.000545717
0.000549517
0.000554172
0.00055969
0.000566041
0.000573159
0.000580953
0.000589318
0.000598139
0.000607298
0.000616677
0.000626158
0.000635625
0.000644976
0.000654102
0.000662878
0.000671184
0.000678911
0.000685964
0.000692272
0.000697821
0.000703017
0.000709835
0.000721125
0.0005477
0.000550794
0.000554564
0.000559043
0.000564235
0.000570115
0.000576628
0.000583702
0.000591249
0.000599172
0.000607368
0.000615732
0.000624157
0.00063254
0.000640782
0.000648776
0.000656405
0.000663547
0.000670076
0.00067585
0.000680685
0.000684325
0.000686512
0.000686939
0.00068193
0.000551959
0.00055508
0.000558774
0.000563062
0.000567941
0.000573389
0.000579362
0.000585798
0.000592622
0.000599751
0.000607095
0.000614559
0.000622048
0.000629466
0.000636718
0.000643698
0.000650292
0.000656376
0.00066181
0.000666416
0.00066996
0.000672098
0.000672342
0.000669959
0.000663066
0.000555595
0.000558694
0.00056228
0.000566365
0.000570945
0.000575997
0.000581482
0.000587348
0.000593531
0.000599958
0.000606548
0.000613218
0.00061988
0.000626445
0.000632821
0.000638906
0.000644591
0.00064975
0.000654238
0.000657874
0.000660417
0.000661547
0.000660835
0.000657738
0.000651475
0.000558693
0.000561733
0.00056519
0.000569068
0.00057336
0.000578045
0.000583089
0.000588446
0.000594058
0.000599862
0.000605787
0.000611756
0.000617691
0.000623507
0.000629117
0.000634426
0.000639327
0.000643702
0.00064741
0.000650279
0.000652094
0.000652589
0.000651455
0.000648361
0.000643006
0.00056132
0.000564277
0.00056759
0.000571261
0.000575279
0.000579626
0.000584268
0.000589167
0.00059427
0.000599522
0.000604859
0.000610211
0.000615508
0.000620671
0.00062562
0.000630263
0.000634504
0.00063823
0.000641311
0.000643594
0.000644897
0.000645008
0.000643708
0.000640809
0.000636225
0.000563536
0.000566393
0.000569555
0.000573021
0.00057678
0.000580812
0.000585089
0.000589574
0.000594223
0.000598985
0.000603802
0.000608613
0.000613353
0.000617952
0.000622333
0.000626415
0.000630107
0.000633306
0.000635897
0.000637744
0.000638693
0.000638575
0.00063723
0.000634545
0.000630519
0.000565391
0.000568137
0.000571144
0.000574411
0.000577924
0.000581665
0.000585609
0.000589722
0.000593964
0.000598289
0.000602648
0.000606986
0.000611242
0.000615353
0.000619252
0.000622864
0.000626108
0.000628891
0.000631108
0.000632641
0.000633356
0.000633111
0.000631774
0.000629262
0.000625589
0.000566929
0.000569557
0.00057241
0.000575483
0.000578765
0.000582238
0.000585877
0.000589653
0.000593531
0.000597469
0.000601424
0.000605345
0.000609182
0.000612877
0.000616369
0.000619593
0.000622476
0.000624937
0.000626883
0.000628208
0.000628789
0.000628498
0.000627208
0.000624826
0.000621328
0.000568189
0.000570695
0.000573396
0.000576284
0.000579349
0.000582572
0.000585933
0.000589405
0.000592956
0.00059655
0.000600147
0.000603706
0.000607179
0.000610518
0.000613669
0.000616577
0.000619178
0.000621402
0.000623167
0.000624379
0.000624925
0.000624676
0.000623492
0.000621249
0.000617805
0.000569204
0.000571588
0.00057414
0.000576851
0.000579712
0.000582706
0.000585813
0.000589009
0.000592266
0.000595553
0.000598835
0.000602076
0.000605234
0.00060827
0.000611137
0.00061379
0.000616175
0.000618237
0.000619906
0.000621102
0.000621722
0.00062163
0.000620667
0.000618665
0.000615239
0.000570005
0.000572268
0.000574675
0.000577218
0.000579888
0.00058267
0.000585544
0.00058849
0.000591483
0.000594496
0.000597499
0.00060046
0.000603346
0.000606122
0.000608753
0.000611201
0.000613428
0.000615392
0.000617044
0.000618326
0.000619155
0.000619407
0.000618915
0.000617484
0.000614158
0.000570618
0.000572761
0.000575029
0.000577414
0.000579905
0.00058249
0.000585151
0.00058787
0.000590626
0.000593393
0.000596148
0.000598862
0.00060151
0.000604063
0.000606495
0.000608778
0.00061089
0.000612805
0.000614506
0.000615973
0.000617181
0.00061808
0.000618681
0.000619139
0.000617448
0.000571065
0.000573092
0.000575226
0.000577461
0.000579786
0.000582189
0.000584655
0.000587167
0.000589707
0.000592254
0.000594787
0.000597283
0.00059972
0.000602078
0.000604338
0.000606483
0.000608501
0.000610392
0.000612165
0.000613859
0.000615555
0.000617407
0.000619941
0.000625046
0.000635693
0.000571368
0.000573282
0.000575289
0.000577382
0.000579552
0.000581786
0.000584073
0.000586397
0.000588741
0.000591089
0.000593421
0.000595721
0.000597971
0.000600154
0.000602259
0.000604276
0.000606204
0.000608051
0.000609845
0.000611639
0.000613531
0.000615692
0.000618564
0.000623221
0.000629595
0.000571544
0.00057335
0.000575236
0.000577196
0.00057922
0.000581299
0.00058342
0.000585571
0.000587737
0.000589903
0.000592055
0.000594177
0.000596256
0.000598279
0.00060024
0.000602132
0.00060396
0.000605736
0.000607486
0.000609257
0.000611118
0.00061318
0.000615651
0.000618835
0.000621957
0.00057161
0.000573312
0.000575083
0.000576917
0.000578805
0.00058074
0.000582709
0.000584701
0.000586704
0.000588705
0.000590691
0.000592651
0.000594572
0.000596447
0.000598269
0.000600038
0.000601756
0.000603435
0.000605096
0.000606771
0.0006085
0.000610338
0.00061236
0.000614624
0.000616618
0.00057158
0.000573182
0.000574844
0.00057656
0.000578322
0.000580122
0.00058195
0.000583796
0.000585649
0.000587498
0.000589333
0.000591142
0.000592918
0.000594653
0.000596343
0.000597987
0.000599588
0.000601154
0.000602699
0.000604241
0.000605801
0.000607394
0.000609037
0.00061072
0.000612128
0.000571466
0.000572974
0.000574532
0.000576137
0.000577781
0.000579456
0.000581153
0.000582864
0.000584579
0.000586289
0.000587983
0.000589654
0.000591294
0.000592897
0.000594459
0.000595979
0.00059746
0.000598905
0.000600322
0.000601718
0.000603099
0.000604464
0.000605799
0.000607074
0.000608085
0.000571281
0.000572697
0.000574159
0.000575659
0.000577192
0.000578751
0.000580327
0.000581913
0.000583501
0.000585081
0.000586646
0.000588188
0.0005897
0.000591178
0.000592618
0.000594018
0.000595378
0.0005967
0.000597987
0.000599238
0.000600451
0.000601614
0.000602706
0.000603693
0.000604438
0.000571033
0.000572364
0.000573733
0.000575135
0.000576565
0.000578015
0.000579479
0.000580949
0.000582418
0.000583879
0.000585323
0.000586745
0.000588138
0.000589498
0.000590822
0.000592106
0.00059335
0.000594552
0.000595713
0.000596827
0.000597888
0.000598881
0.000599784
0.000600567
0.000601135
0.000570732
0.000571981
0.000573263
0.000574573
0.000575906
0.000577255
0.000578614
0.000579977
0.000581337
0.000582686
0.000584019
0.000585329
0.000586611
0.00058786
0.000589073
0.000590247
0.00059138
0.000592469
0.000593512
0.000594501
0.000595429
0.00059628
0.000597035
0.00059767
0.000598117
0.000570385
0.000571557
0.000572757
0.000573981
0.000575223
0.000576478
0.00057774
0.000579002
0.00058026
0.000581506
0.000582735
0.000583941
0.000585119
0.000586265
0.000587375
0.000588446
0.000589474
0.000590458
0.000591391
0.000592269
0.000593081
0.000593814
0.000594452
0.000594977
0.000595338
0.000570001
0.000571099
0.000572222
0.000573365
0.000574522
0.000575688
0.000576859
0.000578029
0.000579192
0.000580343
0.000581475
0.000582584
0.000583665
0.000584715
0.000585728
0.000586703
0.000587635
0.000588521
0.000589356
0.000590134
0.000590847
0.000591482
0.000592026
0.000592467
0.000592765
0.000569584
0.000570614
0.000571664
0.00057273
0.000573807
0.000574892
0.000575978
0.000577062
0.000578137
0.000579198
0.00058024
0.00058126
0.000582251
0.000583211
0.000584135
0.00058502
0.000585863
0.000586661
0.000587407
0.000588098
0.000588724
0.000589277
0.000589746
0.000590121
0.000590371
0.000569141
0.000570106
0.000571087
0.000572081
0.000573085
0.000574092
0.0005751
0.000576103
0.000577096
0.000578074
0.000579034
0.00057997
0.000580878
0.000581754
0.000582596
0.000583399
0.000584161
0.000584877
0.000585545
0.000586158
0.00058671
0.000587193
0.0005876
0.000587923
0.000588136
0.000568677
0.00056958
0.000570497
0.000571424
0.000572357
0.000573293
0.000574227
0.000575155
0.000576072
0.000576974
0.000577856
0.000578715
0.000579546
0.000580345
0.000581111
0.000581839
0.000582526
0.00058317
0.000583767
0.000584312
0.0005848
0.000585224
0.000585579
0.000585859
0.000586042
0.000568196
0.000569041
0.000569897
0.000570761
0.000571629
0.000572498
0.000573364
0.000574222
0.000575068
0.000575899
0.000576709
0.000577496
0.000578256
0.000578985
0.00057968
0.00058034
0.00058096
0.000581538
0.000582072
0.000582556
0.000582988
0.000583362
0.000583673
0.000583918
0.000584077
0.000567702
0.000568492
0.000569291
0.000570096
0.000570904
0.00057171
0.000572512
0.000573305
0.000574085
0.00057485
0.000575594
0.000576315
0.000577009
0.000577673
0.000578304
0.000578901
0.00057946
0.000579979
0.000580456
0.000580887
0.00058127
0.0005816
0.000581874
0.000582089
0.000582229
0.000567199
0.000567937
0.000568683
0.000569433
0.000570183
0.000570931
0.000571673
0.000572406
0.000573125
0.000573829
0.000574512
0.000575171
0.000575805
0.000576409
0.000576982
0.000577521
0.000578024
0.00057849
0.000578916
0.0005793
0.00057964
0.000579932
0.000580175
0.000580365
0.000580488
0.00056669
0.00056738
0.000568075
0.000568773
0.00056947
0.000570163
0.00057085
0.000571527
0.00057219
0.000572836
0.000573462
0.000574066
0.000574643
0.000575193
0.000575712
0.000576198
0.000576651
0.000577069
0.00057745
0.000577793
0.000578094
0.000578354
0.000578568
0.000578737
0.000578846
0.000566178
0.000566822
0.00056747
0.000568119
0.000568766
0.000569409
0.000570044
0.000570668
0.000571279
0.000571873
0.000572447
0.000572998
0.000573524
0.000574023
0.000574493
0.000574932
0.00057534
0.000575714
0.000576055
0.00057636
0.000576628
0.000576858
0.000577049
0.000577199
0.000577295
0.000565665
0.000566266
0.00056687
0.000567474
0.000568074
0.00056867
0.000569257
0.000569833
0.000570394
0.000570939
0.000571465
0.000571968
0.000572447
0.0005729
0.000573325
0.000573721
0.000574087
0.000574423
0.000574727
0.000574998
0.000575237
0.000575441
0.000575611
0.000575744
0.00057583
0.000565154
0.000565715
0.000566277
0.000566838
0.000567396
0.000567947
0.000568489
0.00056902
0.000569536
0.000570036
0.000570517
0.000570976
0.000571412
0.000571823
0.000572207
0.000572563
0.000572892
0.000573192
0.000573463
0.000573705
0.000573917
0.000574098
0.000574249
0.000574368
0.000574445
0.000564647
0.00056517
0.000565693
0.000566214
0.000566731
0.000567241
0.000567742
0.000568231
0.000568705
0.000569164
0.000569603
0.000570022
0.000570418
0.000570789
0.000571136
0.000571457
0.000571751
0.000572019
0.000572261
0.000572476
0.000572664
0.000572825
0.00057296
0.000573066
0.000573134
0.000564145
0.000564633
0.00056512
0.000565604
0.000566082
0.000566554
0.000567016
0.000567466
0.000567902
0.000568322
0.000568723
0.000569104
0.000569464
0.0005698
0.000570112
0.0005704
0.000570664
0.000570903
0.000571118
0.000571309
0.000571476
0.000571619
0.000571738
0.000571833
0.000571894
0.00056365
0.000564105
0.000564558
0.000565007
0.000565451
0.000565886
0.000566313
0.000566727
0.000567127
0.000567511
0.000567877
0.000568224
0.00056855
0.000568853
0.000569134
0.000569393
0.000569628
0.000569841
0.000570032
0.000570201
0.000570348
0.000570475
0.000570581
0.000570665
0.00057072
0.000563164
0.000563587
0.000564008
0.000564425
0.000564836
0.000565239
0.000565632
0.000566013
0.000566379
0.000566731
0.000567065
0.00056738
0.000567674
0.000567948
0.000568201
0.000568432
0.000568642
0.000568831
0.000569
0.000569149
0.000569279
0.000569391
0.000569485
0.00056956
0.000569609
0.000562687
0.000563082
0.000563473
0.00056386
0.00056424
0.000564612
0.000564974
0.000565324
0.00056566
0.000565981
0.000566285
0.000566571
0.000566838
0.000567084
0.000567311
0.000567517
0.000567703
0.000567871
0.00056802
0.000568151
0.000568266
0.000568364
0.000568447
0.000568514
0.000568556
0.000562222
0.000562589
0.000562953
0.000563312
0.000563664
0.000564007
0.00056434
0.000564661
0.000564969
0.000565262
0.000565539
0.000565798
0.000566038
0.00056626
0.000566463
0.000566646
0.000566811
0.000566959
0.00056709
0.000567205
0.000567306
0.000567392
0.000567465
0.000567523
0.000567561
0.000561769
0.000562111
0.000562449
0.000562781
0.000563106
0.000563423
0.00056373
0.000564025
0.000564306
0.000564573
0.000564825
0.000565059
0.000565276
0.000565475
0.000565656
0.000565819
0.000565964
0.000566094
0.000566209
0.000566309
0.000566397
0.000566472
0.000566535
0.000566586
0.000566618
0.000561328
0.000561647
0.00056196
0.000562268
0.000562569
0.000562861
0.000563143
0.000563414
0.000563672
0.000563915
0.000564143
0.000564355
0.00056455
0.000564728
0.000564889
0.000565033
0.000565161
0.000565275
0.000565374
0.000565461
0.000565537
0.000565601
0.000565656
0.0005657
0.000565727
0.000560902
0.000561198
0.000561489
0.000561774
0.000562053
0.000562322
0.000562581
0.000562829
0.000563065
0.000563286
0.000563493
0.000563685
0.00056386
0.000564019
0.000564161
0.000564288
0.0005644
0.000564499
0.000564585
0.000564659
0.000564724
0.000564779
0.000564826
0.000564863
0.000564884
0.000560489
0.000560765
0.000561035
0.0005613
0.000561557
0.000561805
0.000562043
0.000562271
0.000562486
0.000562688
0.000562875
0.000563048
0.000563205
0.000563346
0.000563472
0.000563583
0.000563681
0.000563766
0.000563839
0.000563902
0.000563956
0.000564003
0.000564042
0.000564074
0.000564088
0.000560092
0.000560348
0.000560599
0.000560844
0.000561082
0.000561311
0.00056153
0.000561738
0.000561935
0.000562118
0.000562288
0.000562443
0.000562584
0.000562709
0.00056282
0.000562918
0.000563002
0.000563074
0.000563136
0.000563189
0.000563233
0.000563271
0.000563302
0.000563327
0.00056334
0.000559709
0.000559948
0.000560181
0.000560408
0.000560628
0.000560839
0.000561041
0.000561232
0.000561411
0.000561578
0.000561731
0.000561871
0.000561997
0.000562108
0.000562205
0.00056229
0.000562362
0.000562423
0.000562474
0.000562517
0.000562553
0.000562582
0.000562607
0.000562625
0.000562634
0.000559343
0.000559565
0.000559781
0.000559992
0.000560195
0.00056039
0.000560575
0.00056075
0.000560914
0.000561066
0.000561205
0.000561331
0.000561443
0.000561541
0.000561627
0.000561699
0.000561761
0.000561811
0.000561853
0.000561887
0.000561914
0.000561936
0.000561954
0.000561966
0.00056197
0.000558992
0.000559199
0.0005594
0.000559595
0.000559783
0.000559963
0.000560134
0.000560295
0.000560445
0.000560583
0.000560709
0.000560822
0.000560922
0.000561009
0.000561083
0.000561146
0.000561197
0.000561239
0.000561272
0.000561297
0.000561317
0.000561331
0.000561342
0.000561347
0.000561346
0.000558658
0.00055885
0.000559038
0.000559219
0.000559393
0.000559559
0.000559717
0.000559865
0.000560002
0.000560128
0.000560242
0.000560344
0.000560434
0.000560511
0.000560575
0.000560629
0.000560671
0.000560704
0.000560729
0.000560747
0.000560759
0.000560766
0.00056077
0.000560768
0.000560761
0.00055834
0.000558519
0.000558693
0.000558862
0.000559023
0.000559177
0.000559323
0.000559459
0.000559586
0.000559701
0.000559805
0.000559897
0.000559977
0.000560046
0.000560102
0.000560147
0.000560182
0.000560208
0.000560226
0.000560237
0.000560241
0.000560242
0.000560238
0.000560229
0.000560215
0.000558038
0.000558205
0.000558368
0.000558524
0.000558675
0.000558818
0.000558953
0.000559079
0.000559195
0.000559301
0.000559397
0.000559481
0.000559553
0.000559614
0.000559663
0.000559702
0.00055973
0.00055975
0.000559761
0.000559765
0.000559763
0.000559757
0.000559745
0.000559729
0.000559707
0.000557752
0.000557908
0.00055806
0.000558206
0.000558346
0.00055848
0.000558605
0.000558722
0.000558831
0.000558929
0.000559017
0.000559094
0.00055916
0.000559215
0.000559259
0.000559292
0.000559315
0.000559329
0.000559335
0.000559333
0.000559324
0.000559311
0.000559292
0.000559267
0.000559236
0.000557483
0.000557629
0.00055777
0.000557907
0.000558038
0.000558163
0.000558281
0.00055839
0.000558491
0.000558583
0.000558665
0.000558737
0.000558798
0.000558849
0.000558888
0.000558917
0.000558936
0.000558946
0.000558947
0.00055894
0.000558926
0.000558905
0.000558878
0.000558843
0.000558804
0.000557229
0.000557365
0.000557498
0.000557627
0.00055775
0.000557867
0.000557978
0.000558081
0.000558177
0.000558264
0.000558341
0.000558409
0.000558467
0.000558515
0.000558552
0.000558578
0.000558595
0.000558602
0.000558599
0.000558587
0.000558567
0.00055854
0.000558504
0.000558458
0.000558408
0.00055699
0.000557118
0.000557243
0.000557364
0.000557481
0.000557592
0.000557697
0.000557795
0.000557886
0.00055797
0.000558045
0.000558111
0.000558167
0.000558213
0.000558249
0.000558275
0.000558291
0.000558296
0.000558291
0.000558276
0.000558251
0.000558216
0.000558171
0.000558113
0.000558051
0.000556767
0.000556887
0.000557005
0.000557119
0.00055723
0.000557336
0.000557436
0.000557531
0.00055762
0.000557701
0.000557775
0.00055784
0.000557896
0.000557943
0.000557981
0.000558008
0.000558024
0.00055803
0.000558024
0.000558007
0.000557977
0.000557936
0.000557881
0.00055781
0.000557733
0.000556557
0.000556671
0.000556782
0.000556891
0.000556997
0.000557099
0.000557196
0.000557288
0.000557375
0.000557456
0.00055753
0.000557597
0.000557655
0.000557705
0.000557746
0.000557777
0.000557796
0.000557805
0.000557801
0.000557783
0.00055775
0.000557702
0.000557637
0.00055755
0.000557455
0.000556362
0.000556469
0.000556575
0.000556679
0.000556781
0.00055688
0.000556975
0.000557066
0.000557153
0.000557234
0.000557311
0.00055738
0.000557443
0.000557498
0.000557545
0.000557581
0.000557608
0.000557622
0.000557622
0.000557606
0.000557571
0.000557518
0.000557441
0.000557336
0.000557221
0.000556179
0.000556281
0.000556382
0.000556482
0.000556581
0.000556677
0.000556772
0.000556863
0.000556951
0.000557035
0.000557114
0.000557189
0.000557258
0.000557321
0.000557376
0.000557423
0.000557459
0.000557482
0.00055749
0.000557479
0.000557446
0.000557388
0.0005573
0.000557173
0.000557034
0.000556008
0.000556106
0.000556203
0.0005563
0.000556396
0.000556491
0.000556585
0.000556677
0.000556768
0.000556855
0.000556941
0.000557022
0.0005571
0.000557173
0.00055724
0.0005573
0.00055735
0.000557387
0.000557407
0.000557406
0.000557379
0.000557319
0.000557219
0.000557069
0.000556899
0.000555849
0.000555942
0.000556036
0.00055613
0.000556225
0.00055632
0.000556414
0.000556508
0.000556602
0.000556695
0.000556787
0.000556878
0.000556966
0.000557053
0.000557135
0.000557212
0.000557281
0.000557338
0.000557378
0.000557393
0.000557377
0.00055732
0.00055721
0.000557032
0.000556824
0.000555701
0.00055579
0.000555881
0.000555973
0.000556067
0.000556161
0.000556257
0.000556354
0.000556452
0.000556551
0.000556651
0.000556753
0.000556855
0.000556957
0.000557059
0.000557158
0.000557252
0.000557336
0.000557403
0.000557444
0.000557449
0.000557403
0.000557287
0.000557078
0.000556823
0.000555562
0.000555648
0.000555737
0.000555827
0.00055592
0.000556015
0.000556113
0.000556213
0.000556316
0.000556422
0.000556531
0.000556645
0.000556762
0.000556883
0.000557008
0.000557135
0.00055726
0.00055738
0.000557485
0.000557565
0.000557604
0.000557582
0.00055747
0.000557227
0.000556917
0.000555432
0.000555516
0.000555602
0.000555692
0.000555784
0.00055588
0.000555979
0.000556083
0.000556191
0.000556304
0.000556424
0.00055655
0.000556684
0.000556827
0.000556978
0.000557137
0.000557302
0.000557467
0.000557625
0.000557761
0.000557856
0.000557879
0.000557787
0.000557515
0.000557139
0.000555311
0.000555392
0.000555477
0.000555565
0.000555657
0.000555754
0.000555855
0.000555962
0.000556075
0.000556196
0.000556325
0.000556465
0.000556616
0.000556782
0.000556962
0.000557159
0.00055737
0.000557593
0.00055782
0.000558035
0.000558214
0.000558319
0.00055828
0.000557995
0.000557554
0.000555198
0.000555276
0.000555359
0.000555447
0.000555539
0.000555636
0.000555739
0.000555849
0.000555966
0.000556094
0.000556232
0.000556384
0.000556553
0.000556741
0.000556953
0.000557189
0.000557454
0.000557746
0.00055806
0.000558382
0.000558688
0.000558929
0.000559005
0.000558754
0.000558275
0.000555091
0.000555168
0.00055525
0.000555337
0.000555428
0.000555526
0.00055563
0.000555741
0.000555862
0.000555995
0.000556141
0.000556304
0.000556488
0.000556698
0.000556939
0.000557217
0.000557538
0.000557908
0.000558327
0.000558791
0.000559278
0.000559736
0.000560034
0.000559925
0.000559512
0.000554992
0.000555068
0.000555148
0.000555234
0.000555325
0.000555422
0.000555526
0.000555638
0.000555761
0.000555897
0.000556048
0.000556219
0.000556415
0.000556642
0.000556908
0.000557224
0.000557601
0.000558052
0.00055859
0.000559225
0.000559958
0.000560747
0.000561441
0.000561703
0.000561619
0.000554899
0.000554973
0.000555052
0.000555137
0.000555226
0.000555322
0.000555425
0.000555537
0.00055566
0.000555796
0.000555949
0.000556123
0.000556325
0.000556562
0.000556845
0.000557187
0.000557608
0.000558131
0.000558787
0.000559611
0.000560642
0.000561895
0.000563279
0.00056449
0.000565497
0.000554808
0.000554882
0.000554959
0.000555042
0.00055513
0.000555223
0.000555324
0.000555433
0.000555553
0.000555686
0.000555836
0.000556007
0.000556207
0.000556443
0.000556727
0.000557078
0.000557517
0.00055808
0.000558817
0.000559803
0.000561145
0.000562972
0.000565479
0.000569173
0.000574355
0.000554731
0.000554804
0.00055488
0.000554961
0.000555047
0.000555138
0.000555235
0.000555341
0.000555456
0.000555584
0.000555728
0.000555892
0.000556083
0.00055631
0.000556585
0.000556925
0.000557357
0.000557922
0.000558687
0.000559764
0.000561343
0.00056371
0.000567543
0.0005756
0.000592534
0.00065091
0.000634178
0.00062421
0.0006158
0.000608358
0.000601613
0.000595308
0.000589291
0.00058348
0.000577822
0.00057228
0.000566824
0.000561434
0.000556091
0.000550782
0.000545497
0.000540229
0.000534972
0.000529722
0.000524476
0.000519231
0.000513987
0.000508743
0.000503497
0.00049825
0.000493001
0.00048775
0.000482497
0.000477242
0.000471986
0.000466728
0.000461469
0.000456209
0.000450948
0.000445687
0.000440424
0.000435162
0.000429899
0.000424637
0.000419374
0.000414112
0.000408851
0.00040359
0.00039833
0.000393072
0.000387814
0.000382557
0.000377302
0.000372048
0.000366795
0.000361544
0.000356294
0.000351046
0.0003458
0.000340555
0.000335312
0.000330071
0.000324832
0.000319594
0.000314358
0.000309124
0.000303892
0.000298662
0.000293433
0.000288206
0.000282981
0.000277758
0.000272536
0.000267316
0.000262098
0.000256882
0.000251667
0.000246453
0.000241242
0.000236032
0.000230823
0.000225616
0.00022041
0.000215206
0.000210003
0.000204802
0.000199601
0.000194402
0.000189205
0.000184008
0.000178813
0.000173618
0.000168425
0.000163233
0.000158041
0.000152851
0.000147662
0.000142473
0.000137285
0.000132099
0.000126912
0.000121727
0.000116542
0.000111358
0.000106175
0.000100992
9.58097e-05
9.06279e-05
8.54467e-05
8.02658e-05
7.50854e-05
6.99054e-05
6.47258e-05
5.95465e-05
5.43675e-05
4.91888e-05
4.40104e-05
3.88321e-05
3.36541e-05
2.84762e-05
2.32985e-05
1.8121e-05
1.29426e-05
7.7626e-06
2.58657e-06
0.000646969
0.000633343
0.0006236
0.000615448
0.000608145
0.000601446
0.000595164
0.000589168
0.000583379
0.00057774
0.000572215
0.000566773
0.000561393
0.000556058
0.000550756
0.000545477
0.000540213
0.000534959
0.000529711
0.000524468
0.000519225
0.000513983
0.000508739
0.000503495
0.000498248
0.000492999
0.000487749
0.000482496
0.000477242
0.000471986
0.000466728
0.000461469
0.000456209
0.000450948
0.000445687
0.000440424
0.000435162
0.000429899
0.000424637
0.000419374
0.000414112
0.000408851
0.00040359
0.00039833
0.000393071
0.000387813
0.000382557
0.000377301
0.000372047
0.000366795
0.000361543
0.000356294
0.000351046
0.0003458
0.000340555
0.000335312
0.000330071
0.000324831
0.000319594
0.000314358
0.000309124
0.000303892
0.000298661
0.000293433
0.000288206
0.000282981
0.000277757
0.000272536
0.000267316
0.000262098
0.000256881
0.000251666
0.000246453
0.000241241
0.000236031
0.000230823
0.000225616
0.00022041
0.000215206
0.000210003
0.000204801
0.000199601
0.000194402
0.000189204
0.000184008
0.000178812
0.000173618
0.000168425
0.000163232
0.000158041
0.000152851
0.000147661
0.000142473
0.000137285
0.000132098
0.000126912
0.000121727
0.000116542
0.000111358
0.000106175
0.000100992
9.58096e-05
9.06278e-05
8.54466e-05
8.02657e-05
7.50854e-05
6.99054e-05
6.47257e-05
5.95465e-05
5.43675e-05
4.91888e-05
4.40103e-05
3.88321e-05
3.3654e-05
2.84762e-05
2.32985e-05
1.81209e-05
1.29424e-05
7.76258e-06
2.58695e-06
0.000641038
0.000630777
0.000622102
0.000614441
0.000607429
0.000600906
0.000594743
0.000588838
0.000583119
0.000577538
0.000572057
0.000566651
0.000561298
0.000555985
0.000550699
0.000545432
0.000540178
0.000534932
0.000529691
0.000524451
0.000519212
0.000513973
0.000508732
0.000503489
0.000498244
0.000492996
0.000487747
0.000482495
0.000477241
0.000471985
0.000466728
0.000461469
0.000456209
0.000450948
0.000445687
0.000440424
0.000435162
0.000429899
0.000424637
0.000419374
0.000414112
0.000408851
0.00040359
0.00039833
0.000393071
0.000387813
0.000382557
0.000377301
0.000372047
0.000366794
0.000361543
0.000356294
0.000351046
0.000345799
0.000340555
0.000335312
0.00033007
0.000324831
0.000319593
0.000314357
0.000309123
0.000303891
0.000298661
0.000293432
0.000288205
0.00028298
0.000277757
0.000272535
0.000267316
0.000262097
0.000256881
0.000251666
0.000246453
0.000241241
0.000236031
0.000230822
0.000225615
0.00022041
0.000215205
0.000210003
0.000204801
0.000199601
0.000194402
0.000189204
0.000184007
0.000178812
0.000173618
0.000168424
0.000163232
0.000158041
0.000152851
0.000147661
0.000142473
0.000137285
0.000132098
0.000126912
0.000121727
0.000116542
0.000111358
0.000106175
0.000100992
9.58095e-05
9.06277e-05
8.54465e-05
8.02657e-05
7.50853e-05
6.99053e-05
6.47257e-05
5.95464e-05
5.43674e-05
4.91887e-05
4.40103e-05
3.8832e-05
3.3654e-05
2.84762e-05
2.32985e-05
1.81209e-05
1.29425e-05
7.76254e-06
2.58678e-06
0.000635326
0.000627261
0.000619742
0.000612758
0.000606199
0.000599984
0.000594039
0.000588296
0.000582701
0.000577216
0.000571809
0.00056646
0.000561152
0.000555872
0.000550613
0.000545366
0.000540127
0.000534892
0.00052966
0.000524427
0.000519194
0.000513958
0.00050872
0.00050348
0.000498237
0.000492991
0.000487742
0.000482492
0.000477238
0.000471983
0.000466727
0.000461468
0.000456208
0.000450948
0.000445686
0.000440424
0.000435162
0.000429899
0.000424637
0.000419374
0.000414112
0.000408851
0.00040359
0.00039833
0.000393071
0.000387813
0.000382556
0.000377301
0.000372047
0.000366794
0.000361543
0.000356293
0.000351045
0.000345799
0.000340554
0.000335311
0.00033007
0.000324831
0.000319593
0.000314357
0.000309123
0.000303891
0.000298661
0.000293432
0.000288205
0.00028298
0.000277757
0.000272535
0.000267315
0.000262097
0.000256881
0.000251666
0.000246453
0.000241241
0.000236031
0.000230822
0.000225615
0.00022041
0.000215205
0.000210002
0.000204801
0.000199601
0.000194402
0.000189204
0.000184007
0.000178812
0.000173618
0.000168424
0.000163232
0.000158041
0.000152851
0.000147661
0.000142473
0.000137285
0.000132098
0.000126912
0.000121727
0.000116542
0.000111358
0.000106175
0.000100992
9.58094e-05
9.06277e-05
8.54464e-05
8.02656e-05
7.50852e-05
6.99053e-05
6.47257e-05
5.95464e-05
5.43674e-05
4.91887e-05
4.40103e-05
3.8832e-05
3.3654e-05
2.84761e-05
2.32985e-05
1.81209e-05
1.29425e-05
7.7625e-06
2.58661e-06
0.000630126
0.000623494
0.000616957
0.000610668
0.000604625
0.000598785
0.000593117
0.000587586
0.000582156
0.000576798
0.00057149
0.000566216
0.000560965
0.000555729
0.000550503
0.000545281
0.000540062
0.000534842
0.00052962
0.000524396
0.00051917
0.000513939
0.000508706
0.000503468
0.000498228
0.000492984
0.000487737
0.000482487
0.000477235
0.000471981
0.000466725
0.000461467
0.000456207
0.000450947
0.000445686
0.000440424
0.000435161
0.000429899
0.000424636
0.000419374
0.000414112
0.000408851
0.00040359
0.00039833
0.000393071
0.000387813
0.000382557
0.000377301
0.000372047
0.000366794
0.000361543
0.000356294
0.000351046
0.000345799
0.000340555
0.000335312
0.00033007
0.000324831
0.000319593
0.000314357
0.000309123
0.000303891
0.000298661
0.000293432
0.000288205
0.00028298
0.000277757
0.000272535
0.000267315
0.000262097
0.000256881
0.000251666
0.000246453
0.000241241
0.000236031
0.000230822
0.000225615
0.00022041
0.000215205
0.000210002
0.000204801
0.000199601
0.000194402
0.000189204
0.000184007
0.000178812
0.000173618
0.000168424
0.000163232
0.000158041
0.000152851
0.000147661
0.000142473
0.000137285
0.000132098
0.000126912
0.000121727
0.000116542
0.000111358
0.000106175
0.000100992
9.58095e-05
9.06277e-05
8.54465e-05
8.02657e-05
7.50853e-05
6.99053e-05
6.47257e-05
5.95464e-05
5.43674e-05
4.91887e-05
4.40103e-05
3.88321e-05
3.3654e-05
2.84762e-05
2.32985e-05
1.81209e-05
1.29425e-05
7.76247e-06
2.58652e-06
0.000625364
0.000619693
0.000613956
0.000608332
0.000602828
0.000597396
0.000592041
0.000586758
0.000581523
0.000576315
0.000571122
0.000565936
0.000560752
0.000555567
0.000550378
0.000545185
0.000539988
0.000534784
0.000529576
0.000524361
0.000519142
0.000513918
0.000508688
0.000503455
0.000498217
0.000492975
0.00048773
0.000482482
0.000477231
0.000471977
0.000466722
0.000461465
0.000456206
0.000450946
0.000445685
0.000440423
0.000435161
0.000429899
0.000424636
0.000419374
0.000414112
0.000408851
0.00040359
0.00039833
0.000393072
0.000387814
0.000382557
0.000377302
0.000372047
0.000366795
0.000361544
0.000356294
0.000351046
0.0003458
0.000340555
0.000335312
0.000330071
0.000324831
0.000319594
0.000314358
0.000309124
0.000303892
0.000298661
0.000293433
0.000288206
0.000282981
0.000277757
0.000272536
0.000267316
0.000262098
0.000256881
0.000251666
0.000246453
0.000241241
0.000236031
0.000230823
0.000225616
0.00022041
0.000215206
0.000210003
0.000204801
0.000199601
0.000194402
0.000189204
0.000184008
0.000178812
0.000173618
0.000168425
0.000163232
0.000158041
0.000152851
0.000147661
0.000142473
0.000137285
0.000132098
0.000126912
0.000121727
0.000116542
0.000111358
0.000106175
0.000100992
9.58096e-05
9.06279e-05
8.54466e-05
8.02658e-05
7.50854e-05
6.99054e-05
6.47258e-05
5.95465e-05
5.43675e-05
4.91888e-05
4.40104e-05
3.88321e-05
3.36541e-05
2.84762e-05
2.32985e-05
1.81209e-05
1.29425e-05
7.76242e-06
2.58648e-06
0.000620955
0.000615929
0.00061086
0.000605858
0.000600885
0.000595884
0.000590879
0.000585872
0.000580849
0.000575804
0.000570735
0.000565642
0.000560528
0.000555396
0.000550247
0.000545085
0.00053991
0.000534724
0.000529528
0.000524324
0.000519113
0.000513894
0.00050867
0.00050344
0.000498205
0.000492966
0.000487723
0.000482476
0.000477226
0.000471974
0.000466719
0.000461462
0.000456204
0.000450944
0.000445684
0.000440422
0.000435161
0.000429898
0.000424636
0.000419374
0.000414112
0.000408851
0.000403591
0.000398331
0.000393072
0.000387814
0.000382558
0.000377302
0.000372048
0.000366795
0.000361544
0.000356295
0.000351047
0.0003458
0.000340556
0.000335313
0.000330072
0.000324832
0.000319594
0.000314359
0.000309125
0.000303892
0.000298662
0.000293433
0.000288206
0.000282981
0.000277758
0.000272536
0.000267317
0.000262098
0.000256882
0.000251667
0.000246454
0.000241242
0.000236032
0.000230823
0.000225616
0.000220411
0.000215206
0.000210003
0.000204802
0.000199602
0.000194403
0.000189205
0.000184008
0.000178813
0.000173618
0.000168425
0.000163233
0.000158042
0.000152851
0.000147662
0.000142473
0.000137286
0.000132099
0.000126913
0.000121727
0.000116542
0.000111358
0.000106175
0.000100992
9.58098e-05
9.06281e-05
8.54468e-05
8.0266e-05
7.50856e-05
6.99056e-05
6.47259e-05
5.95466e-05
5.43676e-05
4.91889e-05
4.40105e-05
3.88322e-05
3.36542e-05
2.84763e-05
2.32986e-05
1.81209e-05
1.29425e-05
7.76243e-06
2.58648e-06
0.000616854
0.000612238
0.000607764
0.000603346
0.00059889
0.000594347
0.000589713
0.000584991
0.000580185
0.000575304
0.000570357
0.000565356
0.000560311
0.00055523
0.00055012
0.000544987
0.000539833
0.000534664
0.000529481
0.000524287
0.000519083
0.000513871
0.000508651
0.000503425
0.000498193
0.000492956
0.000487715
0.00048247
0.000477221
0.00047197
0.000466716
0.00046146
0.000456202
0.000450943
0.000445683
0.000440422
0.00043516
0.000429898
0.000424636
0.000419374
0.000414113
0.000408852
0.000403591
0.000398331
0.000393073
0.000387815
0.000382558
0.000377303
0.000372049
0.000366796
0.000361545
0.000356296
0.000351048
0.000345801
0.000340557
0.000335314
0.000330073
0.000324833
0.000319596
0.00031436
0.000309126
0.000303893
0.000298663
0.000293434
0.000288207
0.000282982
0.000277759
0.000272537
0.000267318
0.000262099
0.000256883
0.000251668
0.000246455
0.000241243
0.000236033
0.000230824
0.000225617
0.000220411
0.000215207
0.000210004
0.000204803
0.000199602
0.000194403
0.000189205
0.000184009
0.000178813
0.000173619
0.000168426
0.000163233
0.000158042
0.000152852
0.000147662
0.000142474
0.000137286
0.000132099
0.000126913
0.000121728
0.000116543
0.000111359
0.000106175
0.000100992
9.58101e-05
9.06283e-05
8.5447e-05
8.02662e-05
7.50858e-05
6.99058e-05
6.47261e-05
5.95468e-05
5.43678e-05
4.91891e-05
4.40106e-05
3.88323e-05
3.36543e-05
2.84764e-05
2.32986e-05
1.8121e-05
1.29426e-05
7.76252e-06
2.58654e-06
0.000613061
0.000608646
0.000604749
0.000600936
0.000597008
0.000592913
0.000588633
0.000584182
0.00057958
0.00057485
0.000570017
0.000565099
0.000560116
0.000555082
0.000550006
0.000544898
0.000539764
0.00053461
0.000529438
0.000524253
0.000519056
0.000513849
0.000508633
0.000503411
0.000498181
0.000492947
0.000487707
0.000482463
0.000477216
0.000471966
0.000466713
0.000461457
0.0004562
0.000450941
0.000445682
0.000440421
0.00043516
0.000429898
0.000424636
0.000419374
0.000414113
0.000408852
0.000403592
0.000398332
0.000393073
0.000387816
0.000382559
0.000377304
0.00037205
0.000366797
0.000361546
0.000356297
0.000351049
0.000345802
0.000340558
0.000335315
0.000330074
0.000324834
0.000319597
0.000314361
0.000309127
0.000303895
0.000298664
0.000293435
0.000288209
0.000282984
0.00027776
0.000272539
0.000267319
0.0002621
0.000256884
0.000251669
0.000246456
0.000241244
0.000236034
0.000230825
0.000225618
0.000220412
0.000215208
0.000210005
0.000204803
0.000199603
0.000194404
0.000189206
0.00018401
0.000178814
0.00017362
0.000168426
0.000163234
0.000158043
0.000152852
0.000147663
0.000142474
0.000137287
0.0001321
0.000126913
0.000121728
0.000116543
0.000111359
0.000106176
0.000100993
9.58105e-05
9.06287e-05
8.54474e-05
8.02665e-05
7.50861e-05
6.9906e-05
6.47264e-05
5.9547e-05
5.4368e-05
4.91893e-05
4.40108e-05
3.88325e-05
3.36544e-05
2.84765e-05
2.32987e-05
1.81211e-05
1.29427e-05
7.76259e-06
2.58664e-06
0.000609519
0.000605092
0.000601885
0.000598749
0.000595359
0.000591687
0.00058773
0.000583518
0.00057909
0.000574487
0.000569744
0.000564894
0.00055996
0.000554961
0.000549913
0.000544825
0.000539706
0.000534564
0.000529402
0.000524223
0.000519032
0.000513829
0.000508618
0.000503398
0.000498171
0.000492938
0.0004877
0.000482458
0.000477211
0.000471962
0.000466709
0.000461455
0.000456198
0.00045094
0.00044568
0.00044042
0.000435159
0.000429898
0.000424636
0.000419374
0.000414113
0.000408852
0.000403592
0.000398333
0.000393074
0.000387816
0.00038256
0.000377305
0.000372051
0.000366798
0.000361547
0.000356298
0.00035105
0.000345804
0.000340559
0.000335316
0.000330075
0.000324836
0.000319598
0.000314362
0.000309128
0.000303896
0.000298665
0.000293437
0.00028821
0.000282985
0.000277761
0.00027254
0.00026732
0.000262102
0.000256885
0.00025167
0.000246457
0.000241245
0.000236035
0.000230826
0.000225619
0.000220413
0.000215209
0.000210006
0.000204804
0.000199604
0.000194405
0.000189207
0.00018401
0.000178815
0.00017362
0.000168427
0.000163235
0.000158043
0.000152853
0.000147664
0.000142475
0.000137287
0.0001321
0.000126914
0.000121729
0.000116544
0.00011136
0.000106176
0.000100993
9.58109e-05
9.06291e-05
8.54477e-05
8.02668e-05
7.50864e-05
6.99063e-05
6.47266e-05
5.95473e-05
5.43682e-05
4.91895e-05
4.40109e-05
3.88326e-05
3.36545e-05
2.84766e-05
2.32989e-05
1.81212e-05
1.29427e-05
7.76266e-06
2.58682e-06
0.000605514
0.000601113
0.00059914
0.000596871
0.000594045
0.000590766
0.000587093
0.00058307
0.000578769
0.000574252
0.00056957
0.000564762
0.000559858
0.000554881
0.000549849
0.000544774
0.000539665
0.00053453
0.000529374
0.000524201
0.000519013
0.000513814
0.000508605
0.000503387
0.000498162
0.00049293
0.000487694
0.000482452
0.000477207
0.000471958
0.000466707
0.000461452
0.000456196
0.000450938
0.000445679
0.000440419
0.000435158
0.000429897
0.000424636
0.000419374
0.000414113
0.000408853
0.000403593
0.000398333
0.000393075
0.000387817
0.000382561
0.000377306
0.000372052
0.000366799
0.000361549
0.000356299
0.000351051
0.000345805
0.00034056
0.000335318
0.000330076
0.000324837
0.000319599
0.000314364
0.00030913
0.000303897
0.000298667
0.000293438
0.000288211
0.000282986
0.000277763
0.000272541
0.000267321
0.000262103
0.000256886
0.000251671
0.000246458
0.000241246
0.000236036
0.000230827
0.00022562
0.000220414
0.00021521
0.000210007
0.000204805
0.000199605
0.000194406
0.000189208
0.000184011
0.000178816
0.000173621
0.000168428
0.000163236
0.000158044
0.000152854
0.000147664
0.000142476
0.000137288
0.000132101
0.000126915
0.000121729
0.000116544
0.00011136
0.000106177
0.000100994
9.58113e-05
9.06294e-05
8.54481e-05
8.02672e-05
7.50867e-05
6.99066e-05
6.47269e-05
5.95475e-05
5.43685e-05
4.91897e-05
4.40111e-05
3.88328e-05
3.36547e-05
2.84767e-05
2.3299e-05
1.81213e-05
1.29427e-05
7.76272e-06
2.587e-06
0.000599142
0.000596769
0.00059709
0.00059564
0.000593245
0.000590265
0.000586776
0.000582866
0.000578633
0.000574157
0.0005695
0.000564707
0.000559814
0.000554845
0.000549818
0.000544748
0.000539644
0.000534512
0.000529358
0.000524187
0.000519002
0.000513804
0.000508596
0.00050338
0.000498156
0.000492925
0.00048769
0.000482449
0.000477204
0.000471956
0.000466705
0.000461451
0.000456195
0.000450937
0.000445679
0.000440419
0.000435158
0.000429897
0.000424636
0.000419375
0.000414114
0.000408853
0.000403593
0.000398334
0.000393075
0.000387818
0.000382562
0.000377306
0.000372053
0.0003668
0.000361549
0.0003563
0.000351052
0.000345806
0.000340561
0.000335318
0.000330077
0.000324838
0.0003196
0.000314365
0.000309131
0.000303898
0.000298668
0.000293439
0.000288212
0.000282987
0.000277764
0.000272542
0.000267322
0.000262104
0.000256887
0.000251672
0.000246459
0.000241247
0.000236037
0.000230828
0.000225621
0.000220415
0.000215211
0.000210008
0.000204806
0.000199606
0.000194407
0.000189209
0.000184012
0.000178816
0.000173622
0.000168429
0.000163236
0.000158045
0.000152854
0.000147665
0.000142476
0.000137288
0.000132101
0.000126915
0.00012173
0.000116545
0.000111361
0.000106177
0.000100994
9.58116e-05
9.06297e-05
8.54484e-05
8.02674e-05
7.50869e-05
6.99068e-05
6.47271e-05
5.95477e-05
5.43686e-05
4.91898e-05
4.40113e-05
3.88329e-05
3.36548e-05
2.84768e-05
2.3299e-05
1.81214e-05
1.29429e-05
7.76276e-06
2.58662e-06
)
;

boundaryField
{
    frontWall
    {
        type            empty;
    }
    backWall
    {
        type            empty;
    }
    sideWall
    {
        type            zeroGradient;
    }
    outlet
    {
        type            fixedValue;
        value           uniform 0;
    }
    inlet
    {
        type            zeroGradient;
    }
}


// ************************************************************************* //
