/*--------------------------------*- C++ -*----------------------------------*\
  =========                 |
  \\      /  F ield         | OpenFOAM: The Open Source CFD Toolbox
   \\    /   O peration     | Website:  https://openfoam.org
    \\  /    A nd           | Version:  13
     \\/     M anipulation  |
\*---------------------------------------------------------------------------*/
FoamFile
{
    format      ascii;
    class       volScalarField;
    location    "7";
    object      p;
}
// * * * * * * * * * * * * * * * * * * * * * * * * * * * * * * * * * * * * * //

dimensions      [0 2 -2 0 0 0 0];

internalField   nonuniform List<scalar> 
6440
(
145.213
145.213
145.212
145.21
145.207
145.202
145.197
145.191
145.185
145.176
145.166
145.154
145.14
145.122
145.102
145.079
145.055
145.029
145.004
144.983
144.967
144.955
144.949
144.946
144.946
145.213
145.212
145.211
145.208
145.205
145.201
145.196
145.19
145.183
145.174
145.164
145.151
145.135
145.116
145.094
145.067
145.039
145.009
144.981
144.958
144.942
144.933
144.931
144.932
144.933
145.214
145.213
145.21
145.207
145.204
145.199
145.194
145.188
145.18
145.17
145.158
145.143
145.125
145.104
145.079
145.049
145.016
144.981
144.948
144.92
144.902
144.892
144.891
144.894
144.893
145.216
145.215
145.212
145.208
145.204
145.2
145.194
145.186
145.177
145.164
145.149
145.132
145.111
145.085
145.055
145.021
144.982
144.94
144.9
144.866
144.843
144.832
144.829
144.831
144.826
145.221
145.219
145.216
145.212
145.207
145.202
145.195
145.186
145.174
145.159
145.141
145.12
145.094
145.063
145.027
144.984
144.937
144.885
144.835
144.793
144.766
144.753
144.751
144.749
144.739
145.227
145.225
145.221
145.216
145.211
145.204
145.196
145.184
145.171
145.153
145.132
145.107
145.077
145.04
144.996
144.944
144.885
144.82
144.756
144.705
144.674
144.661
144.658
144.655
144.641
145.233
145.23
145.226
145.22
145.213
145.205
145.195
145.182
145.166
145.146
145.123
145.094
145.06
145.018
144.968
144.907
144.835
144.755
144.676
144.613
144.574
144.561
144.56
144.555
144.538
145.237
145.234
145.229
145.222
145.214
145.204
145.192
145.177
145.159
145.138
145.112
145.082
145.044
144.999
144.943
144.874
144.793
144.701
144.605
144.527
144.477
144.462
144.461
144.456
144.435
145.239
145.235
145.229
145.221
145.211
145.199
145.185
145.169
145.149
145.126
145.099
145.067
145.027
144.979
144.919
144.847
144.76
144.659
144.551
144.453
144.394
144.367
144.365
144.357
144.334
145.236
145.231
145.224
145.215
145.204
145.19
145.175
145.156
145.134
145.11
145.081
145.046
145.004
144.953
144.891
144.815
144.726
144.623
144.508
144.394
144.319
144.281
144.27
144.261
144.234
145.226
145.222
145.214
145.203
145.191
145.176
145.158
145.137
145.113
145.085
145.053
145.015
144.968
144.913
144.846
144.767
144.675
144.571
144.456
144.336
144.242
144.199
144.178
144.162
144.133
145.211
145.206
145.197
145.186
145.171
145.154
145.135
145.111
145.083
145.05
145.012
144.966
144.912
144.848
144.772
144.684
144.586
144.479
144.365
144.248
144.147
144.108
144.082
144.063
144.032
145.19
145.185
145.175
145.162
145.145
145.126
145.103
145.075
145.042
145.001
144.953
144.896
144.828
144.749
144.658
144.557
144.448
144.335
144.221
144.11
144.018
143.988
143.982
143.963
143.933
145.165
145.159
145.148
145.132
145.113
145.089
145.061
145.028
144.986
144.935
144.873
144.798
144.711
144.612
144.501
144.382
144.261
144.143
144.034
143.933
143.854
143.841
143.882
143.866
143.839
145.136
145.129
145.116
145.098
145.074
145.045
145.011
144.968
144.915
144.849
144.768
144.671
144.558
144.433
144.301
144.166
144.037
143.922
143.827
143.75
143.698
143.707
143.789
143.782
143.75
145.106
145.099
145.083
145.061
145.032
144.995
144.951
144.896
144.827
144.741
144.637
144.512
144.37
144.217
144.062
143.914
143.784
143.682
143.614
143.578
143.572
143.616
143.726
143.722
143.665
145.079
145.07
145.051
145.023
144.988
144.942
144.884
144.813
144.724
144.615
144.481
144.325
144.148
143.966
143.785
143.626
143.496
143.41
143.376
143.39
143.453
143.556
143.693
143.702
143.598
145.059
145.048
145.024
144.991
144.946
144.888
144.816
144.725
144.612
144.471
144.304
144.108
143.899
143.678
143.471
143.29
143.153
143.078
143.072
143.146
143.28
143.472
143.661
143.713
143.589
145.052
145.038
145.01
144.969
144.914
144.843
144.752
144.639
144.497
144.323
144.115
143.883
143.627
143.361
143.105
142.888
142.732
142.659
142.692
142.827
143.074
143.376
143.637
143.677
143.524
145.058
145.042
145.008
144.961
144.895
144.809
144.7
144.561
144.387
144.173
143.92
143.633
143.319
142.986
142.668
142.409
142.232
142.173
142.258
142.5
142.887
143.371
143.79
143.831
143.415
145.077
145.058
145.02
144.965
144.89
144.792
144.665
144.503
144.3
144.049
143.752
143.416
143.038
142.63
142.237
141.932
141.746
141.709
141.853
142.19
142.722
143.416
144.129
144.738
145.681
145.103
145.085
145.042
144.984
144.903
144.797
144.659
144.48
144.253
143.973
143.638
143.248
142.802
142.305
141.82
141.46
141.263
141.222
141.389
141.771
142.376
143.189
144.149
145.325
146.907
145.134
145.118
145.072
145.008
144.927
144.817
144.672
144.484
144.241
143.938
143.57
143.138
142.631
142.06
141.5
141.094
140.913
140.88
141.061
141.46
142.086
142.938
143.984
145.221
146.602
145.159
145.151
145.103
145.036
144.95
144.841
144.696
144.503
144.254
143.938
143.55
143.085
142.541
141.927
141.318
140.885
140.741
140.733
140.917
141.298
141.9
142.741
143.8
145.007
146.209
145.18
145.175
145.126
145.055
144.972
144.864
144.723
144.536
144.291
143.977
143.585
143.113
142.56
141.944
141.337
140.898
140.766
140.801
140.984
141.323
141.866
142.634
143.604
144.697
145.757
145.178
145.168
145.127
145.063
144.98
144.882
144.751
144.579
144.352
144.058
143.687
143.235
142.708
142.139
141.587
141.17
141.011
141.066
141.222
141.49
141.94
142.596
143.444
144.404
145.351
145.14
145.121
145.094
145.04
144.973
144.884
144.773
144.626
144.43
144.175
143.848
143.445
142.977
142.486
142.014
141.64
141.45
141.457
141.551
141.744
142.096
142.629
143.338
144.17
144.997
145.063
145.043
145.021
144.991
144.935
144.867
144.779
144.663
144.509
144.306
144.042
143.715
143.324
142.909
142.501
142.154
141.936
141.876
141.919
142.06
142.324
142.736
143.312
144.005
144.714
144.974
144.954
144.926
144.908
144.878
144.828
144.764
144.681
144.571
144.424
144.232
143.979
143.671
143.317
142.955
142.637
142.425
142.342
142.357
142.442
142.611
142.907
143.353
143.919
144.501
144.883
144.859
144.825
144.818
144.802
144.775
144.735
144.683
144.612
144.516
144.382
144.205
143.963
143.674
143.374
143.113
142.938
142.86
142.84
142.848
142.92
143.115
143.456
143.89
144.359
144.794
144.763
144.728
144.719
144.723
144.715
144.699
144.675
144.639
144.583
144.503
144.376
144.209
144.004
143.792
143.603
143.466
143.371
143.284
143.213
143.214
143.339
143.584
143.892
144.243
144.706
144.675
144.643
144.632
144.641
144.655
144.664
144.667
144.663
144.643
144.6
144.537
144.439
144.321
144.187
144.049
143.913
143.767
143.619
143.509
143.485
143.566
143.717
143.897
144.135
144.629
144.597
144.571
144.559
144.575
144.601
144.632
144.663
144.688
144.703
144.708
144.688
144.652
144.586
144.487
144.355
144.19
144.012
143.86
143.762
143.737
143.766
143.81
143.914
144.036
144.581
144.548
144.516
144.506
144.514
144.554
144.607
144.664
144.718
144.766
144.801
144.822
144.801
144.74
144.637
144.495
144.331
144.183
144.069
143.988
143.933
143.896
143.888
143.901
143.937
144.588
144.55
144.506
144.476
144.476
144.515
144.587
144.668
144.746
144.812
144.872
144.888
144.859
144.783
144.677
144.555
144.437
144.339
144.247
144.154
144.061
143.974
143.901
143.855
143.816
144.648
144.601
144.539
144.493
144.469
144.496
144.575
144.671
144.762
144.831
144.881
144.886
144.838
144.762
144.679
144.6
144.527
144.448
144.355
144.242
144.112
143.981
143.869
143.772
143.699
144.729
144.656
144.569
144.502
144.473
144.492
144.567
144.667
144.754
144.809
144.84
144.824
144.773
144.711
144.66
144.617
144.567
144.495
144.392
144.255
144.099
143.948
143.81
143.695
143.583
144.791
144.677
144.562
144.476
144.431
144.443
144.514
144.615
144.699
144.764
144.783
144.76
144.704
144.657
144.629
144.61
144.571
144.491
144.368
144.216
144.052
143.893
143.746
143.602
143.471
144.82
144.69
144.569
144.441
144.335
144.293
144.331
144.434
144.558
144.663
144.711
144.708
144.667
144.626
144.607
144.583
144.525
144.425
144.293
144.141
143.981
143.822
143.663
143.514
143.357
144.814
144.692
144.551
144.378
144.209
144.107
144.111
144.207
144.356
144.507
144.6
144.643
144.635
144.603
144.56
144.504
144.425
144.32
144.192
144.05
143.898
143.741
143.585
143.419
143.255
144.867
144.729
144.525
144.269
144.031
143.889
143.857
143.95
144.131
144.322
144.458
144.533
144.552
144.522
144.464
144.394
144.31
144.21
144.091
143.959
143.815
143.663
143.5
143.335
143.155
144.938
144.763
144.448
144.072
143.772
143.604
143.592
143.709
143.902
144.114
144.278
144.381
144.419
144.401
144.349
144.281
144.2
144.105
143.995
143.87
143.732
143.581
143.422
143.246
143.064
144.896
144.673
144.242
143.781
143.469
143.35
143.382
143.503
143.692
143.908
144.095
144.216
144.268
144.264
144.225
144.166
144.092
144.004
143.901
143.782
143.649
143.502
143.339
143.168
142.976
144.695
144.42
143.936
143.47
143.22
143.184
143.261
143.379
143.538
143.74
143.93
144.058
144.118
144.126
144.101
144.054
143.99
143.909
143.812
143.698
143.569
143.424
143.266
143.087
142.897
144.443
144.148
143.684
143.269
143.101
143.114
143.224
143.341
143.461
143.634
143.808
143.928
143.989
144.005
143.992
143.955
143.898
143.823
143.73
143.62
143.493
143.351
143.191
143.019
142.823
144.317
144.026
143.604
143.235
143.107
143.123
143.255
143.367
143.462
143.601
143.74
143.842
143.897
143.915
143.906
143.874
143.82
143.747
143.656
143.548
143.424
143.284
143.129
142.952
142.762
144.334
144.083
143.698
143.355
143.217
143.228
143.359
143.459
143.537
143.634
143.728
143.805
143.848
143.86
143.847
143.813
143.758
143.685
143.594
143.488
143.365
143.228
143.072
142.902
142.71
144.506
144.3
143.95
143.623
143.468
143.462
143.549
143.619
143.676
143.722
143.77
143.818
143.841
143.838
143.815
143.773
143.714
143.638
143.547
143.44
143.319
143.182
143.031
142.86
142.675
144.753
144.607
144.299
143.999
143.841
143.806
143.828
143.852
143.868
143.85
143.859
143.873
143.867
143.844
143.806
143.754
143.688
143.608
143.514
143.407
143.286
143.152
143.001
142.837
142.654
144.933
144.856
144.633
144.393
144.256
144.197
144.158
144.138
144.081
143.998
143.973
143.952
143.915
143.87
143.816
143.753
143.679
143.595
143.498
143.389
143.268
143.135
142.989
142.826
142.649
145.004
144.962
144.835
144.693
144.603
144.551
144.485
144.427
144.279
144.147
144.089
144.032
143.971
143.907
143.839
143.765
143.684
143.595
143.496
143.385
143.264
143.132
142.987
142.83
142.657
145.02
144.977
144.912
144.859
144.827
144.794
144.745
144.65
144.437
144.277
144.186
144.105
144.026
143.947
143.868
143.786
143.699
143.606
143.504
143.392
143.271
143.14
142.999
142.844
142.677
145.029
144.977
144.938
144.931
144.947
144.932
144.906
144.772
144.545
144.375
144.265
144.166
144.075
143.987
143.9
143.812
143.72
143.623
143.519
143.407
143.286
143.157
143.016
142.867
142.703
145.028
144.969
144.934
144.947
144.984
145.002
144.977
144.819
144.613
144.447
144.324
144.217
144.117
144.023
143.931
143.838
143.743
143.644
143.539
143.427
143.307
143.178
143.041
142.893
142.735
145.004
144.935
144.893
144.917
144.97
145.02
144.983
144.835
144.65
144.497
144.37
144.256
144.153
144.055
143.96
143.865
143.768
143.668
143.562
143.45
143.331
143.204
143.069
142.925
142.77
144.96
144.88
144.83
144.862
144.934
144.996
144.956
144.826
144.664
144.525
144.4
144.287
144.184
144.085
143.989
143.892
143.794
143.693
143.588
143.476
143.359
143.234
143.101
142.959
142.809
144.919
144.839
144.785
144.824
144.908
144.953
144.917
144.805
144.667
144.542
144.425
144.316
144.214
144.116
144.019
143.922
143.823
143.722
143.616
143.506
143.39
143.267
143.137
142.999
142.853
144.898
144.835
144.789
144.823
144.898
144.925
144.878
144.78
144.671
144.558
144.449
144.346
144.247
144.149
144.053
143.955
143.856
143.755
143.65
143.541
143.426
143.306
143.179
143.045
142.904
144.893
144.855
144.827
144.846
144.902
144.908
144.853
144.769
144.676
144.577
144.477
144.379
144.282
144.186
144.09
143.993
143.894
143.793
143.689
143.581
143.468
143.35
143.227
143.097
142.961
144.897
144.875
144.871
144.882
144.915
144.892
144.841
144.774
144.691
144.601
144.508
144.414
144.32
144.226
144.131
144.034
143.936
143.835
143.732
143.625
143.515
143.4
143.28
143.155
143.024
144.915
144.896
144.906
144.923
144.929
144.889
144.845
144.786
144.712
144.629
144.541
144.451
144.359
144.267
144.173
144.077
143.98
143.881
143.779
143.674
143.566
143.454
143.337
143.216
143.09
144.955
144.933
144.941
144.959
144.941
144.905
144.862
144.804
144.735
144.658
144.574
144.487
144.398
144.307
144.215
144.121
144.025
143.927
143.827
143.724
143.618
143.509
143.396
143.279
143.157
145.014
144.988
144.99
144.998
144.961
144.932
144.884
144.826
144.76
144.686
144.605
144.521
144.434
144.345
144.255
144.163
144.069
143.973
143.875
143.774
143.67
143.564
143.454
143.341
143.224
145.079
145.058
145.055
145.04
144.992
144.96
144.908
144.849
144.784
144.712
144.635
144.553
144.468
144.382
144.293
144.203
144.111
144.018
143.921
143.823
143.722
143.618
143.512
143.402
143.289
145.138
145.13
145.125
145.087
145.034
144.989
144.933
144.873
144.808
144.738
144.663
144.584
144.501
144.417
144.33
144.242
144.153
144.061
143.967
143.871
143.773
143.672
143.569
143.462
143.354
145.182
145.19
145.187
145.128
145.081
145.021
144.96
144.899
144.834
144.764
144.691
144.614
144.534
144.452
144.367
144.281
144.194
144.104
144.013
143.919
143.824
143.726
143.626
143.524
143.418
145.213
145.231
145.233
145.16
145.113
145.052
144.988
144.925
144.86
144.792
144.72
144.645
144.567
144.487
144.404
144.32
144.235
144.148
144.059
143.968
143.875
143.78
143.684
143.585
143.484
145.24
145.263
145.258
145.185
145.137
145.079
145.017
144.953
144.888
144.82
144.75
144.676
144.601
144.522
144.442
144.36
144.277
144.192
144.105
144.017
143.927
143.835
143.742
143.648
143.55
145.265
145.29
145.27
145.214
145.162
145.105
145.045
144.982
144.917
144.85
144.78
144.709
144.635
144.559
144.48
144.4
144.319
144.236
144.152
144.066
143.979
143.891
143.801
143.709
143.617
145.29
145.317
145.283
145.245
145.19
145.132
145.073
145.01
144.946
144.879
144.812
144.741
144.669
144.595
144.518
144.44
144.361
144.28
144.198
144.115
144.031
143.946
143.859
143.772
143.682
145.319
145.35
145.296
145.269
145.216
145.158
145.1
145.039
144.975
144.91
144.842
144.774
144.703
144.63
144.556
144.479
144.402
144.323
144.244
144.163
144.082
143.999
143.916
143.831
143.747
145.362
145.385
145.316
145.293
145.243
145.186
145.128
145.067
145.004
144.939
144.874
144.805
144.736
144.665
144.592
144.518
144.443
144.366
144.289
144.21
144.131
144.052
143.971
143.891
143.808
145.418
145.424
145.347
145.32
145.269
145.213
145.156
145.096
145.033
144.969
144.903
144.837
144.769
144.699
144.628
144.556
144.482
144.407
144.332
144.256
144.18
144.102
144.025
143.946
143.868
145.477
145.464
145.39
145.348
145.298
145.241
145.183
145.124
145.062
144.998
144.934
144.868
144.801
144.733
144.663
144.592
144.52
144.448
144.374
144.3
144.226
144.151
144.076
144.001
143.925
145.529
145.499
145.429
145.378
145.323
145.268
145.21
145.151
145.09
145.027
144.963
144.898
144.832
144.765
144.696
144.627
144.557
144.486
144.415
144.343
144.271
144.198
144.126
144.053
143.98
145.571
145.524
145.461
145.401
145.348
145.292
145.235
145.177
145.116
145.054
144.991
144.927
144.862
144.796
144.729
144.661
144.592
144.523
144.454
144.384
144.314
144.244
144.173
144.104
144.033
145.592
145.533
145.478
145.421
145.367
145.313
145.258
145.201
145.141
145.08
145.017
144.955
144.891
144.826
144.76
144.693
144.626
144.559
144.491
144.423
144.355
144.287
144.219
144.15
144.083
145.593
145.534
145.487
145.433
145.383
145.331
145.279
145.223
145.165
145.105
145.044
144.981
144.918
144.854
144.789
144.724
144.658
144.592
144.526
144.46
144.394
144.328
144.262
144.197
144.131
145.582
145.53
145.489
145.442
145.395
145.347
145.297
145.243
145.187
145.128
145.067
145.006
144.944
144.881
144.817
144.753
144.689
144.625
144.56
144.496
144.431
144.367
144.304
144.24
144.178
145.566
145.523
145.488
145.445
145.404
145.359
145.312
145.261
145.206
145.149
145.09
145.029
144.968
144.907
144.844
144.781
144.718
144.655
144.592
144.53
144.467
144.405
144.343
144.283
144.222
145.548
145.514
145.484
145.447
145.41
145.369
145.325
145.276
145.224
145.168
145.11
145.051
144.991
144.93
144.869
144.808
144.746
144.685
144.623
144.562
144.501
144.441
144.382
144.322
144.264
145.531
145.503
145.479
145.446
145.414
145.376
145.335
145.288
145.238
145.184
145.128
145.07
145.012
144.952
144.892
144.832
144.772
144.712
144.652
144.593
144.534
144.475
144.417
144.361
144.303
145.515
145.492
145.472
145.444
145.414
145.38
145.341
145.297
145.249
145.197
145.143
145.087
145.03
144.972
144.913
144.855
144.796
144.738
144.679
144.621
144.564
144.507
144.451
144.395
144.341
145.501
145.482
145.464
145.438
145.412
145.38
145.344
145.303
145.257
145.207
145.155
145.101
145.045
144.989
144.932
144.875
144.818
144.761
144.704
144.648
144.592
144.536
144.482
144.428
144.375
145.487
145.471
145.456
145.433
145.408
145.379
145.345
145.306
145.262
145.215
145.164
145.112
145.058
145.003
144.948
144.893
144.837
144.781
144.726
144.671
144.617
144.563
144.51
144.457
144.406
145.475
145.461
145.447
145.425
145.404
145.375
145.344
145.306
145.265
145.219
145.171
145.12
145.068
145.016
144.962
144.908
144.854
144.8
144.746
144.693
144.64
144.587
144.535
144.485
144.434
145.463
145.451
145.438
145.419
145.398
145.371
145.341
145.306
145.266
145.222
145.175
145.127
145.077
145.026
144.974
144.921
144.869
144.816
144.764
144.712
144.66
144.609
144.559
144.509
144.46
145.453
145.442
145.431
145.412
145.392
145.367
145.338
145.304
145.266
145.224
145.179
145.132
145.084
145.035
144.984
144.933
144.882
144.831
144.78
144.729
144.679
144.629
144.58
144.532
144.484
145.444
145.434
145.423
145.406
145.387
145.363
145.335
145.303
145.266
145.226
145.182
145.137
145.091
145.043
144.994
144.944
144.895
144.845
144.795
144.746
144.697
144.648
144.601
144.553
144.507
145.436
145.427
145.418
145.4
145.383
145.36
145.333
145.302
145.266
145.227
145.186
145.142
145.097
145.05
145.002
144.954
144.906
144.857
144.809
144.761
144.713
144.666
144.619
144.573
144.527
145.429
145.421
145.412
145.396
145.379
145.357
145.331
145.3
145.266
145.229
145.188
145.146
145.102
145.057
145.01
144.963
144.916
144.869
144.821
144.774
144.728
144.682
144.636
144.591
144.546
145.423
145.415
145.408
145.392
145.375
145.353
145.328
145.298
145.265
145.229
145.19
145.149
145.106
145.062
145.017
144.971
144.925
144.879
144.833
144.787
144.741
144.696
144.651
144.607
144.563
145.419
145.411
145.404
145.388
145.371
145.349
145.325
145.296
145.263
145.228
145.19
145.151
145.109
145.067
145.023
144.978
144.933
144.888
144.843
144.798
144.753
144.708
144.665
144.621
144.578
145.416
145.408
145.4
145.384
145.367
145.345
145.32
145.292
145.26
145.226
145.19
145.151
145.111
145.069
145.026
144.983
144.939
144.895
144.85
144.806
144.762
144.719
144.675
144.633
144.59
145.415
145.405
145.397
145.38
145.362
145.34
145.315
145.286
145.256
145.222
145.187
145.149
145.11
145.07
145.028
144.986
144.943
144.9
144.856
144.813
144.769
144.726
144.684
144.641
144.6
145.415
145.404
145.395
145.376
145.357
145.334
145.309
145.281
145.25
145.217
145.183
145.146
145.108
145.069
145.028
144.987
144.945
144.902
144.86
144.817
144.774
144.732
144.69
144.648
144.607
145.415
145.404
145.395
145.374
145.354
145.329
145.303
145.275
145.244
145.212
145.178
145.142
145.105
145.067
145.027
144.987
144.945
144.904
144.862
144.82
144.777
144.735
144.694
144.652
144.612
145.422
145.407
145.399
145.375
145.352
145.326
145.298
145.27
145.239
145.207
145.173
145.138
145.102
145.064
145.025
144.986
144.945
144.904
144.862
144.821
144.779
144.737
144.696
144.655
144.615
145.46
145.425
145.407
145.379
145.352
145.324
145.295
145.266
145.235
145.203
145.17
145.135
145.099
145.062
145.024
144.984
144.944
144.903
144.862
144.821
144.779
144.738
144.697
144.656
144.616
145.535
145.455
145.413
145.381
145.351
145.323
145.294
145.264
145.234
145.202
145.169
145.134
145.098
145.061
145.023
144.984
144.944
144.903
144.862
144.821
144.779
144.738
144.697
144.657
144.617
149.972
149.971
149.967
149.963
149.961
149.962
149.961
149.96
149.957
149.955
149.953
149.953
149.955
149.959
149.965
149.967
149.956
149.93
149.896
149.864
149.848
149.846
149.85
149.85
149.849
149.968
149.963
149.958
149.957
149.96
149.964
149.966
149.962
149.954
149.943
149.929
149.918
149.912
149.915
149.922
149.929
149.926
149.91
149.883
149.855
149.839
149.836
149.84
149.842
149.843
149.964
149.958
149.952
149.949
149.951
149.947
149.929
149.897
149.858
149.817
149.779
149.75
149.734
149.732
149.745
149.767
149.793
149.814
149.827
149.832
149.834
149.836
149.838
149.837
149.835
149.967
149.961
149.956
149.949
149.935
149.9
149.841
149.767
149.687
149.61
149.541
149.483
149.447
149.437
149.451
149.484
149.537
149.602
149.672
149.738
149.791
149.824
149.835
149.833
149.827
149.973
149.971
149.967
149.955
149.917
149.844
149.741
149.623
149.501
149.381
149.268
149.174
149.11
149.083
149.089
149.126
149.198
149.3
149.419
149.545
149.664
149.757
149.81
149.82
149.813
149.98
149.979
149.98
149.961
149.901
149.793
149.652
149.495
149.329
149.162
149.003
148.867
148.768
148.718
148.714
148.757
148.845
148.971
149.127
149.299
149.473
149.629
149.747
149.799
149.797
149.983
149.983
149.988
149.969
149.894
149.761
149.592
149.401
149.197
148.987
148.782
148.6
148.464
148.39
148.375
148.417
148.516
148.663
148.846
149.051
149.262
149.463
149.64
149.758
149.779
149.984
149.981
149.99
149.978
149.904
149.759
149.572
149.359
149.127
148.883
148.639
148.416
148.244
148.146
148.122
148.159
148.261
148.418
148.617
148.841
149.075
149.3
149.506
149.67
149.734
149.981
149.977
149.985
149.981
149.927
149.79
149.598
149.374
149.126
148.863
148.595
148.345
148.144
148.026
147.996
148.021
148.114
148.269
148.472
148.703
148.947
149.185
149.4
149.566
149.654
149.976
149.971
149.974
149.978
149.953
149.844
149.665
149.441
149.192
148.923
148.645
148.38
148.161
148.023
147.987
148.001
148.078
148.225
148.426
148.658
148.903
149.145
149.357
149.511
149.591
149.967
149.963
149.963
149.973
149.971
149.905
149.755
149.551
149.315
149.056
148.785
148.52
148.288
148.121
148.047
148.058
148.133
148.277
148.476
148.705
148.946
149.181
149.383
149.524
149.595
149.955
149.954
149.958
149.968
149.976
149.956
149.857
149.685
149.47
149.23
148.978
148.727
148.502
148.33
148.237
148.23
148.294
148.428
148.614
148.832
149.063
149.285
149.472
149.604
149.669
149.94
149.94
149.948
149.961
149.978
149.983
149.941
149.817
149.633
149.417
149.187
148.959
148.752
148.59
148.495
148.476
148.529
148.647
148.816
149.017
149.232
149.438
149.61
149.725
149.779
149.926
149.926
149.935
149.952
149.971
149.989
149.986
149.923
149.785
149.599
149.393
149.188
149.003
148.857
148.766
148.743
148.785
148.888
149.04
149.226
149.425
149.611
149.758
149.852
149.886
149.916
149.914
149.921
149.938
149.959
149.981
149.994
149.979
149.899
149.757
149.579
149.395
149.227
149.093
149.01
148.986
149.021
149.115
149.257
149.43
149.612
149.777
149.899
149.965
149.98
149.912
149.907
149.909
149.922
149.94
149.964
149.983
149.986
149.953
149.862
149.721
149.56
149.406
149.282
149.206
149.184
149.218
149.308
149.444
149.605
149.769
149.91
150.007
150.056
150.064
149.912
149.904
149.899
149.906
149.916
149.937
149.959
149.969
149.952
149.895
149.795
149.664
149.529
149.416
149.348
149.329
149.36
149.445
149.572
149.72
149.867
149.989
150.071
150.113
150.123
149.908
149.9
149.885
149.885
149.885
149.898
149.916
149.926
149.916
149.875
149.796
149.691
149.579
149.482
149.419
149.401
149.432
149.51
149.627
149.764
149.9
150.014
150.093
150.136
150.149
149.857
149.873
149.846
149.84
149.831
149.835
149.847
149.854
149.846
149.813
149.751
149.663
149.566
149.479
149.42
149.401
149.429
149.503
149.616
149.75
149.885
150.001
150.085
150.133
150.15
149.635
149.778
149.737
149.734
149.73
149.734
149.742
149.747
149.74
149.712
149.659
149.586
149.503
149.425
149.368
149.346
149.367
149.435
149.543
149.678
149.818
149.944
150.04
150.103
150.127
148.582
149.264
149.455
149.524
149.562
149.586
149.602
149.608
149.599
149.571
149.52
149.452
149.373
149.298
149.243
149.221
149.24
149.304
149.408
149.54
149.684
149.822
149.936
150.017
150.051
148.316
148.793
149.1
149.246
149.325
149.37
149.395
149.401
149.389
149.357
149.306
149.237
149.163
149.092
149.039
149.016
149.033
149.092
149.189
149.318
149.461
149.606
149.736
149.841
149.895
147.715
148.304
148.675
148.891
149.015
149.088
149.125
149.136
149.124
149.091
149.038
148.973
148.899
148.828
148.77
148.739
148.744
148.788
148.869
148.978
149.109
149.248
149.383
149.503
149.569
147.161
147.795
148.214
148.478
148.641
148.738
148.789
148.806
148.795
148.759
148.706
148.634
148.557
148.48
148.411
148.364
148.348
148.366
148.415
148.492
148.587
148.697
148.812
148.931
149.017
146.64
147.285
147.728
148.022
148.212
148.327
148.39
148.412
148.401
148.363
148.303
148.228
148.14
148.048
147.959
147.882
147.828
147.8
147.797
147.809
147.837
147.875
147.921
147.981
148.016
146.162
146.786
147.232
147.538
147.74
147.866
147.934
147.958
147.944
147.901
147.834
147.743
147.639
147.522
147.4
147.276
147.163
147.062
146.967
146.877
146.778
146.675
146.569
146.49
146.471
145.732
146.313
146.74
147.038
147.238
147.364
147.431
147.451
147.431
147.379
147.293
147.187
147.052
146.899
146.726
146.536
146.334
146.121
145.892
145.625
145.312
144.942
144.505
144.036
143.542
145.358
145.877
146.263
146.537
146.721
146.836
146.894
146.903
146.871
146.8
146.697
146.555
146.384
146.179
145.936
145.655
145.331
144.961
144.523
143.996
143.328
142.496
141.436
140.247
138.843
145.044
145.481
145.81
146.044
146.202
146.296
146.336
146.327
146.275
146.18
146.042
145.866
145.641
145.366
145.035
144.635
144.152
143.568
142.848
141.925
140.705
139.069
136.69
133.554
127.855
144.781
145.124
145.384
145.57
145.692
145.758
145.772
145.738
145.657
145.529
145.354
145.121
144.833
144.473
144.032
143.487
142.809
141.957
140.859
139.416
137.389
134.583
129.971
124.466
106.509
144.549
144.798
144.989
145.123
145.204
145.235
145.216
145.148
145.031
144.862
144.632
144.344
143.975
143.517
142.948
142.236
141.332
140.167
138.631
136.539
133.45
128.884
119.741
104.318
48.0662
144.337
144.502
144.627
144.708
144.745
144.735
144.677
144.569
144.409
144.189
143.907
143.541
143.088
142.521
141.811
140.918
139.774
138.286
136.288
133.551
129.518
123.474
112.964
95.8355
66.9957
144.147
144.235
144.297
144.326
144.316
144.263
144.162
144.01
143.801
143.527
143.177
142.741
142.192
141.509
140.654
139.576
138.196
136.397
134.004
130.737
126.155
119.587
110.081
95.9331
78.7862
143.967
143.99
143.997
143.976
143.919
143.821
143.674
143.475
143.215
142.883
142.471
141.95
141.31
140.511
139.514
138.257
136.655
134.581
131.846
128.191
123.217
116.382
107.015
93.9392
77.2224
143.792
143.765
143.722
143.655
143.553
143.41
143.219
142.972
142.66
142.272
141.789
141.199
140.463
139.555
138.425
137.005
135.204
132.887
129.872
125.888
120.589
113.481
103.994
91.3674
75.4354
143.63
143.558
143.472
143.361
143.217
143.032
142.798
142.505
142.144
141.7
141.16
140.492
139.675
138.669
137.419
135.858
133.886
131.367
128.108
123.862
118.277
110.915
101.284
88.8196
73.3738
143.479
143.368
143.243
143.094
142.913
142.689
142.415
142.08
141.674
141.182
140.582
139.856
138.966
137.874
136.526
134.849
132.739
130.057
126.612
122.136
116.294
108.629
98.6517
85.7563
69.8843
143.335
143.193
143.036
142.855
142.64
142.382
142.073
141.702
141.256
140.72
140.078
139.295
138.35
137.192
135.771
134.007
131.798
129
125.406
120.759
114.677
106.673
96.196
82.3545
65.2284
143.202
143.035
142.851
142.642
142.399
142.112
141.773
141.371
140.894
140.326
139.643
138.828
137.839
136.639
135.171
133.358
131.093
128.228
124.546
119.765
113.434
105.049
93.8301
78.4888
59.3281
143.08
142.893
142.687
142.455
142.188
141.878
141.516
141.09
140.589
139.995
139.294
138.451
137.442
136.224
134.741
132.92
130.652
127.791
124.096
119.278
112.711
103.875
91.0384
73.2145
49.0872
142.968
142.765
142.541
142.291
142.007
141.679
141.299
140.857
140.341
139.735
139.019
138.173
137.161
135.949
134.485
132.699
130.493
127.723
124.168
119.512
113.076
104.184
89.659
68.9566
30.3314
142.865
142.65
142.413
142.15
141.852
141.513
141.122
140.671
140.147
139.537
138.825
137.983
136.99
135.807
134.394
132.686
130.602
128.019
124.753
120.548
114.884
107.14
94.5799
76.0977
24.7678
142.771
142.547
142.302
142.029
141.724
141.377
140.981
140.527
140.005
139.401
138.697
137.88
136.918
135.787
134.449
132.855
130.939
128.608
125.736
122.138
117.542
111.603
103.492
93.5408
73.6035
142.686
142.457
142.206
141.928
141.618
141.269
140.873
140.422
139.907
139.316
138.637
137.848
136.934
135.869
134.626
133.169
131.448
129.402
126.948
123.989
120.386
115.994
110.599
104.212
96.2939
142.612
142.38
142.126
141.847
141.535
141.187
140.796
140.353
139.852
139.281
138.628
137.882
137.023
136.035
134.899
133.588
132.072
130.312
128.264
125.881
123.126
119.981
116.497
112.952
109.94
142.549
142.318
142.064
141.785
141.476
141.132
140.748
140.318
139.834
139.288
138.671
137.968
137.172
136.267
135.242
134.079
132.762
131.268
129.579
127.686
125.589
123.325
120.99
118.826
117.22
142.501
142.271
142.02
141.744
141.44
141.104
140.73
140.315
139.852
139.334
138.752
138.102
137.369
136.549
135.633
134.612
133.477
132.22
130.839
129.338
127.742
126.101
124.515
123.166
122.29
142.469
142.243
141.996
141.726
141.429
141.102
140.741
140.343
139.903
139.415
138.874
138.272
137.605
136.867
136.054
135.163
134.19
133.137
132.006
130.816
129.591
128.381
127.268
126.373
125.827
142.453
142.233
141.993
141.73
141.442
141.126
140.78
140.401
139.984
139.528
139.026
138.475
137.87
137.209
136.49
135.714
134.882
133.998
133.073
132.12
131.171
130.263
129.463
128.847
128.493
142.454
142.241
142.009
141.755
141.477
141.175
140.844
140.484
140.093
139.667
139.205
138.701
138.155
137.564
136.929
136.253
135.541
134.797
134.034
133.268
132.522
131.829
131.238
130.796
130.552
142.469
142.264
142.04
141.796
141.531
141.242
140.929
140.589
140.223
139.828
139.402
138.944
138.451
137.923
137.363
136.774
136.161
135.534
134.901
134.278
133.685
133.147
132.701
132.372
132.192
142.495
142.297
142.083
141.85
141.597
141.324
141.028
140.71
140.368
140.003
139.613
139.196
138.751
138.28
137.785
137.271
136.743
136.211
135.683
135.171
134.694
134.27
133.928
133.676
133.54
142.527
142.337
142.132
141.911
141.672
141.414
141.136
140.839
140.522
140.185
139.828
139.45
139.05
138.629
138.192
137.743
137.289
136.835
136.391
135.969
135.58
135.242
134.972
134.772
134.669
142.564
142.381
142.186
141.976
141.75
141.507
141.248
140.972
140.679
140.369
140.043
139.701
139.342
138.968
138.583
138.192
137.799
137.412
137.037
136.685
136.365
136.091
135.872
135.708
135.629
142.605
142.429
142.242
142.043
141.83
141.603
141.361
141.105
140.835
140.552
140.255
139.946
139.626
139.295
138.957
138.617
138.278
137.946
137.628
137.332
137.066
136.84
136.657
136.52
136.457
142.649
142.48
142.301
142.113
141.912
141.7
141.475
141.238
140.99
140.731
140.462
140.185
139.899
139.608
139.313
139.017
138.724
138.439
138.168
137.917
137.694
137.503
137.349
137.238
137.18
142.699
142.536
142.366
142.187
141.998
141.799
141.59
141.371
141.143
140.906
140.663
140.415
140.162
139.905
139.647
139.39
139.137
138.892
138.658
138.444
138.254
138.091
137.959
137.866
137.811
142.755
142.599
142.436
142.266
142.088
141.901
141.707
141.504
141.294
141.078
140.858
140.636
140.411
140.185
139.959
139.735
139.515
139.302
139.101
138.915
138.751
138.609
138.494
138.41
138.362
142.818
142.669
142.513
142.351
142.183
142.007
141.825
141.637
141.444
141.247
141.047
140.846
140.645
140.444
140.245
140.048
139.856
139.67
139.495
139.334
139.19
139.065
138.964
138.891
138.848
142.887
142.744
142.596
142.441
142.282
142.116
141.946
141.77
141.591
141.41
141.227
141.044
140.862
140.682
140.504
140.33
140.161
139.997
139.844
139.703
139.577
139.467
139.378
139.313
139.277
142.958
142.822
142.68
142.534
142.382
142.226
142.065
141.901
141.735
141.567
141.398
141.23
141.063
140.898
140.738
140.582
140.432
140.287
140.152
140.028
139.918
139.822
139.745
139.69
139.658
143.031
142.9
142.765
142.626
142.482
142.334
142.183
142.029
141.874
141.717
141.559
141.403
141.248
141.096
140.95
140.809
140.674
140.546
140.427
140.318
140.222
140.139
140.074
140.028
140.001
143.102
142.977
142.849
142.716
142.58
142.44
142.298
142.153
142.007
141.86
141.712
141.565
141.42
141.279
141.145
141.017
140.896
140.782
140.676
140.581
140.497
140.427
140.372
140.334
140.311
143.172
143.053
142.93
142.804
142.675
142.543
142.409
142.272
142.135
141.996
141.857
141.719
141.584
141.453
141.328
141.211
141.102
141.001
140.908
140.824
140.752
140.692
140.646
140.614
140.595
143.242
143.127
143.01
142.891
142.768
142.644
142.517
142.388
142.259
142.129
141.998
141.869
141.742
141.62
141.506
141.399
141.3
141.209
141.126
141.054
140.991
140.939
140.901
140.874
140.856
143.311
143.201
143.09
142.976
142.86
142.742
142.623
142.502
142.38
142.258
142.136
142.016
141.898
141.785
141.679
141.582
141.492
141.41
141.337
141.272
141.218
141.173
141.139
141.115
141.099
143.381
143.276
143.17
143.062
142.952
142.84
142.728
142.614
142.5
142.386
142.272
142.16
142.052
141.948
141.851
141.761
141.68
141.606
141.54
141.483
141.434
141.394
141.363
141.342
141.326
143.452
143.351
143.25
143.147
143.043
142.937
142.831
142.724
142.618
142.511
142.406
142.303
142.204
142.108
142.019
141.937
141.862
141.795
141.735
141.683
141.639
141.603
141.575
141.554
141.539
143.522
143.426
143.329
143.231
143.133
143.033
142.933
142.833
142.733
142.634
142.538
142.443
142.351
142.264
142.183
142.107
142.039
141.977
141.922
141.875
141.834
141.8
141.774
141.755
141.74
143.592
143.5
143.408
143.314
143.221
143.126
143.032
142.938
142.846
142.754
142.664
142.578
142.494
142.415
142.34
142.271
142.208
142.151
142.102
142.057
142.019
141.987
141.963
141.944
141.93
143.66
143.572
143.484
143.395
143.306
143.217
143.129
143.041
142.954
142.869
142.787
142.707
142.632
142.559
142.491
142.428
142.37
142.318
142.271
142.23
142.194
142.164
142.14
142.122
142.108
143.725
143.642
143.558
143.473
143.389
143.305
143.222
143.139
143.059
142.98
142.904
142.832
142.762
142.696
142.634
142.576
142.524
142.475
142.432
142.393
142.359
142.33
142.308
142.29
142.277
143.788
143.708
143.628
143.548
143.469
143.389
143.311
143.234
143.159
143.086
143.017
142.95
142.887
142.827
142.77
142.717
142.669
142.624
142.584
142.547
142.515
142.487
142.465
142.448
142.435
143.849
143.773
143.696
143.62
143.545
143.47
143.396
143.324
143.254
143.187
143.122
143.062
143.004
142.95
142.898
142.85
142.806
142.765
142.727
142.692
142.662
142.635
142.614
142.596
142.584
143.907
143.834
143.761
143.689
143.618
143.547
143.478
143.41
143.345
143.282
143.224
143.168
143.116
143.066
143.019
142.975
142.935
142.897
142.861
142.829
142.8
142.774
142.753
142.736
142.723
143.963
143.893
143.823
143.755
143.687
143.62
143.555
143.492
143.431
143.373
143.318
143.268
143.22
143.175
143.133
143.093
143.055
143.019
142.987
142.956
142.928
142.903
142.883
142.866
142.854
144.016
143.949
143.882
143.817
143.753
143.69
143.628
143.569
143.512
143.458
143.408
143.361
143.318
143.277
143.238
143.202
143.167
143.134
143.103
143.074
143.047
143.023
143.003
142.987
142.975
144.066
144.002
143.938
143.876
143.815
143.755
143.697
143.641
143.588
143.538
143.492
143.45
143.409
143.372
143.337
143.303
143.271
143.24
143.212
143.183
143.158
143.135
143.116
143.1
143.088
144.115
144.053
143.992
143.932
143.874
143.817
143.762
143.71
143.66
143.613
143.571
143.53
143.494
143.46
143.427
143.396
143.367
143.338
143.31
143.285
143.26
143.238
143.219
143.204
143.193
144.161
144.102
144.043
143.986
143.93
143.876
143.824
143.774
143.727
143.683
143.643
143.606
143.572
143.54
143.51
143.481
143.454
143.427
143.402
143.377
143.354
143.333
143.315
143.3
143.29
144.206
144.148
144.091
144.036
143.983
143.931
143.881
143.834
143.79
143.748
143.71
143.675
143.643
143.614
143.586
143.559
143.534
143.509
143.485
143.462
143.441
143.42
143.403
143.39
143.38
144.247
144.192
144.137
144.084
144.032
143.983
143.935
143.89
143.847
143.808
143.771
143.739
143.708
143.68
143.654
143.629
143.605
143.582
143.561
143.538
143.519
143.5
143.484
143.471
143.462
144.286
144.232
144.179
144.128
144.078
144.031
143.985
143.942
143.901
143.863
143.828
143.795
143.767
143.74
143.715
143.692
143.67
143.649
143.628
143.608
143.59
143.572
143.558
143.546
143.538
144.322
144.27
144.219
144.169
144.121
144.075
144.031
143.989
143.95
143.913
143.878
143.848
143.82
143.794
143.77
143.748
143.728
143.708
143.689
143.671
143.655
143.638
143.626
143.614
143.607
144.355
144.304
144.255
144.207
144.16
144.116
144.073
144.033
143.994
143.958
143.925
143.895
143.868
143.843
143.82
143.799
143.78
143.762
143.744
143.728
143.713
143.698
143.687
143.677
143.671
144.385
144.336
144.288
144.241
144.196
144.153
144.112
144.073
144.035
144
143.967
143.938
143.911
143.887
143.866
143.846
143.828
143.81
143.795
143.779
143.767
143.753
143.744
143.735
143.729
144.412
144.364
144.318
144.273
144.229
144.187
144.147
144.109
144.073
144.038
144.007
143.978
143.952
143.929
143.908
143.889
143.872
143.856
143.841
143.827
143.816
143.804
143.796
143.788
143.783
144.437
144.391
144.345
144.302
144.259
144.219
144.18
144.143
144.107
144.074
144.043
144.016
143.99
143.968
143.948
143.929
143.913
143.898
143.885
143.872
143.861
143.851
143.844
143.836
143.832
144.46
144.415
144.371
144.328
144.287
144.248
144.21
144.174
144.139
144.107
144.078
144.051
144.026
144.005
143.985
143.967
143.952
143.938
143.925
143.913
143.904
143.894
143.888
143.881
143.878
144.482
144.438
144.395
144.353
144.313
144.275
144.238
144.203
144.169
144.138
144.109
144.084
144.06
144.039
144.02
144.003
143.988
143.974
143.963
143.951
143.943
143.934
143.929
143.922
143.919
144.502
144.459
144.417
144.376
144.337
144.3
144.263
144.229
144.197
144.167
144.139
144.114
144.091
144.071
144.053
144.036
144.022
144.009
143.997
143.987
143.979
143.97
143.966
143.959
143.957
144.52
144.478
144.437
144.397
144.359
144.322
144.287
144.253
144.222
144.193
144.166
144.142
144.12
144.1
144.082
144.066
144.052
144.039
144.028
144.018
144.011
144.003
143.999
143.993
143.992
144.536
144.495
144.454
144.415
144.378
144.342
144.307
144.275
144.244
144.216
144.19
144.166
144.144
144.125
144.107
144.092
144.078
144.066
144.055
144.046
144.04
144.032
144.029
144.024
144.023
144.549
144.509
144.469
144.431
144.394
144.359
144.325
144.293
144.263
144.235
144.209
144.186
144.165
144.146
144.129
144.113
144.1
144.088
144.078
144.07
144.064
144.058
144.056
144.051
144.051
144.56
144.52
144.481
144.443
144.407
144.372
144.339
144.308
144.278
144.251
144.225
144.202
144.181
144.162
144.145
144.13
144.117
144.106
144.097
144.089
144.085
144.079
144.079
144.075
144.077
144.567
144.528
144.49
144.453
144.417
144.383
144.35
144.319
144.29
144.263
144.238
144.214
144.193
144.175
144.158
144.143
144.13
144.12
144.111
144.105
144.101
144.097
144.1
144.097
144.1
144.573
144.534
144.496
144.46
144.425
144.391
144.359
144.328
144.299
144.272
144.247
144.224
144.203
144.184
144.167
144.152
144.14
144.13
144.123
144.118
144.115
144.114
144.118
144.114
144.119
144.576
144.538
144.501
144.465
144.43
144.396
144.364
144.334
144.305
144.278
144.253
144.23
144.209
144.19
144.173
144.159
144.147
144.138
144.132
144.129
144.128
144.13
144.136
144.13
144.14
144.578
144.54
144.503
144.467
144.433
144.399
144.368
144.337
144.309
144.282
144.257
144.234
144.213
144.194
144.177
144.163
144.152
144.143
144.138
144.136
144.137
144.143
144.154
144.16
144.188
144.579
144.541
144.504
144.468
144.434
144.401
144.369
144.339
144.31
144.283
144.258
144.235
144.214
144.195
144.179
144.165
144.154
144.145
144.14
144.138
144.141
144.149
144.164
144.194
144.266
-71.7259
-46.3227
-23.5569
-23.912
-28.012
-28.0907
-25.276
-22.6432
-21.3596
-21.0296
-21.1341
-21.519
-22.0808
-22.6713
-23.2225
-23.7082
-24.198
-24.5884
-24.8945
-25.0934
-25.1703
-25.1651
-25.165
-25.237
-25.4358
-25.8592
-26.4505
-26.9044
-26.9725
-26.6017
-26.1592
-26.0473
-28.3423
-38.1234
-56.4846
-76.8561
-91.4285
-96.8205
-94.1387
-84.5939
-69.4534
-51.4996
-34.0736
-19.5573
-8.74146
-0.662379
5.32782
9.07069
10.7663
11.0196
10.2769
8.89857
7.15871
5.26668
3.37155
1.55338
-0.126557
-1.60768
-2.84845
-3.84254
-4.61725
-5.20899
-5.64655
-5.97713
-6.24407
-6.47804
-6.68641
-6.85691
-6.9773
-7.04007
-7.04281
-6.98791
-6.88262
-6.73716
-6.56349
-6.37316
-6.17632
-5.98032
-5.78936
-5.60466
-5.42401
-5.24099
-5.04311
-4.81709
-4.55425
-4.25212
-3.91228
-3.54056
-3.14454
-2.73523
-2.32397
-1.92132
-1.53742
-1.18145
-0.860557
-0.57996
-0.342785
-0.149778
0.000490512
0.111335
0.187365
0.234045
0.257086
0.262139
0.254389
0.238456
0.218144
0.196473
0.175514
0.156529
0.139977
0.125713
0.113166
0.101525
0.0896316
0.0767453
0.0597933
0.044152
0.00545632
0.0438996
9.49718
-7.44732
-9.25748
-17.6492
-24.4131
-25.6978
-24.0761
-22.7195
-22.2342
-22.3522
-22.6766
-23.0733
-23.5142
-23.9322
-24.2613
-24.4899
-24.6623
-24.8357
-24.9224
-24.9505
-24.97
-25.0123
-25.1332
-25.3208
-25.5774
-25.9747
-26.428
-26.7716
-26.8486
-26.5553
-26.1151
-26.4033
-31.3888
-45.8222
-66.8523
-85.1053
-95.4652
-98.2697
-95.0075
-85.8009
-71.6957
-54.8727
-37.9456
-23.1214
-11.4762
-2.94472
3.01365
6.77178
8.63281
9.08821
8.57211
7.42685
5.91074
4.21604
2.48051
0.796757
-0.773785
-2.18263
-3.39533
-4.39351
-5.18354
-5.79024
-6.25174
-6.58757
-6.82146
-6.98171
-7.09176
-7.15952
-7.18399
-7.16302
-7.09664
-6.98757
-6.84199
-6.66818
-6.47603
-6.27504
-6.07349
-5.87713
-5.68878
-5.50786
-5.32899
-5.14355
-4.94259
-4.71783
-4.46146
-4.16958
-3.84258
-3.48499
-3.10206
-2.70714
-2.30983
-1.91791
-1.54244
-1.19377
-0.878936
-0.603399
-0.370428
-0.180807
-0.033115
0.0759467
0.150945
0.197291
0.220623
0.226484
0.219956
0.205533
0.186967
0.167182
0.148242
0.131379
0.11702
0.104997
0.0947447
0.0854349
0.0761178
0.0658067
0.0533656
0.0393617
0.0197511
0.0282602
48.6275
21.7635
6.6599
-3.98364
-11.886
-16.4961
-19.2114
-21.3222
-23.0934
-24.5588
-25.7843
-26.8839
-27.9487
-28.9791
-29.907
-30.5827
-30.8454
-30.9716
-30.5849
-29.7272
-28.57
-27.2704
-26.1712
-25.5417
-25.6523
-26.1082
-26.6038
-26.923
-26.9123
-26.3577
-25.3388
-25.9616
-33.3699
-49.5955
-69.8208
-86.1309
-95.24
-98.1829
-95.4828
-86.9978
-73.4265
-57.0151
-40.656
-26.3859
-15.2168
-7.003
-1.2311
2.49677
4.53284
5.28738
5.13291
4.36825
3.22238
1.86738
0.429652
-1.00197
-2.36457
-3.6105
-4.70604
-5.63324
-6.39026
-6.98519
-7.43222
-7.74501
-7.93945
-8.03261
-8.03877
-7.96715
-7.82509
-7.62168
-7.36786
-7.07656
-6.76193
-6.43847
-6.11958
-5.81653
-5.53749
-5.28698
-5.06567
-4.87075
-4.6964
-4.53236
-4.36638
-4.18689
-3.9841
-3.75106
-3.48519
-3.18809
-2.86464
-2.52225
-2.17103
-1.82165
-1.48393
-1.16679
-0.878064
-0.623622
-0.407291
-0.230429
-0.0921612
0.0103265
0.0812654
0.125581
0.14866
0.155607
0.151165
0.139511
0.124219
0.108026
0.0929214
0.0801062
0.0699245
0.0621096
0.056151
0.0512423
0.0465792
0.0412575
0.0351625
0.0262049
0.0196664
-0.0037509
53.8076
29.8696
12.9199
1.0125
-8.76403
-16.4732
-21.3484
-24.5787
-27.0228
-28.8623
-30.2987
-31.5586
-32.7908
-34.0537
-35.3257
-36.4477
-37.2241
-37.4643
-36.9206
-35.7681
-34.2556
-32.4302
-30.2888
-28.2928
-26.9915
-26.2725
-25.8573
-25.5321
-25.1757
-24.8232
-24.8116
-26.9195
-34.3732
-48.6899
-65.6632
-79.9546
-88.4645
-91.1057
-88.1122
-79.9044
-67.7829
-53.7324
-39.8739
-27.81
-18.1829
-10.9262
-5.65811
-2.09433
0.0467941
1.07225
1.27206
0.89228
0.12939
-0.864977
-1.97722
-3.12472
-4.24856
-5.30713
-6.27176
-7.12431
-7.85241
-8.4457
-8.89506
-9.19271
-9.33507
-9.32619
-9.17726
-8.90492
-8.53119
-8.08216
-7.58435
-7.06328
-6.54312
-6.04509
-5.58638
-5.17927
-4.83095
-4.54344
-4.31393
-4.1357
-3.99821
-3.8855
-3.77976
-3.66618
-3.53261
-3.36948
-3.17093
-2.93632
-2.67102
-2.37626
-2.06387
-1.7497
-1.44222
-1.14922
-0.880074
-0.641534
-0.438342
-0.272026
-0.142215
-0.0463155
0.0201546
0.0615058
0.0835138
0.0908062
0.087642
0.0780519
0.0653146
0.0523363
0.0408249
0.0323583
0.0269438
0.0238872
0.0228906
0.0231769
0.0237609
0.0240078
0.0243917
0.0214687
0.0254401
-0.00633811
55.9728
35.537
18.1258
4.43833
-6.64293
-15.3042
-21.3999
-25.6547
-28.822
-31.2245
-33.0652
-34.6458
-36.2707
-38.0881
-40.1195
-42.1114
-43.5938
-44.088
-43.238
-41.0974
-38.0658
-34.5814
-31.0049
-28.1295
-26.0604
-24.8951
-24.39
-24.115
-23.9961
-24.407
-25.9397
-29.3159
-35.6531
-45.7182
-57.4576
-67.4846
-73.5211
-75.2086
-72.7618
-66.6724
-57.9061
-47.5835
-37.1106
-27.8227
-20.0444
-13.905
-9.31304
-6.07833
-3.996
-2.85141
-2.42926
-2.5336
-3.00065
-3.70019
-4.53347
-5.42826
-6.33371
-7.21561
-8.05264
-8.83013
-9.53354
-10.1374
-10.6067
-10.9026
-10.9949
-10.8693
-10.533
-10.0134
-9.3547
-8.60784
-7.81993
-7.03235
-6.28047
-5.59245
-4.98722
-4.47581
-4.06174
-3.74243
-3.50941
-3.3519
-3.25655
-3.19972
-3.15471
-3.10409
-3.03656
-2.94066
-2.80712
-2.63314
-2.42102
-2.17609
-1.90852
-1.6305
-1.35301
-1.08593
-0.838879
-0.618916
-0.431261
-0.277731
-0.158072
-0.0705732
-0.0105248
0.0252753
0.0430689
0.0468019
0.0412568
0.0301799
0.0167669
0.00444318
-0.00576746
-0.0107654
-0.0120762
-0.011197
-0.00811071
-0.00384254
0.000756061
0.00456981
0.00843853
0.00846987
0.0166316
-0.0135028
55.1007
35.3666
17.1194
2.20746
-9.52595
-18.5774
-25.2953
-30.2009
-33.8484
-36.4462
-38.2807
-39.7842
-41.4272
-43.611
-46.4927
-49.62
-52.0999
-53.035
-51.7681
-48.4174
-43.7165
-38.4484
-33.3916
-29.1003
-25.6954
-23.214
-21.6271
-20.8235
-20.8012
-21.7102
-23.7691
-27.2981
-32.5259
-39.5778
-47.2803
-53.6667
-57.9343
-59.6583
-58.2492
-54.0803
-47.9953
-40.8088
-33.4018
-26.5348
-20.5957
-15.7472
-11.989
-9.23544
-7.37213
-6.26657
-5.76557
-5.71619
-5.98674
-6.46898
-7.08174
-7.76724
-8.4844
-9.2092
-9.92952
-10.6388
-11.3267
-11.959
-12.4715
-12.7862
-12.8394
-12.594
-12.0517
-11.253
-10.2712
-9.19027
-8.08055
-6.99904
-5.99337
-5.09872
-4.33538
-3.71236
-3.22957
-2.87998
-2.65006
-2.52168
-2.47249
-2.47561
-2.5034
-2.53263
-2.54463
-2.52427
-2.46102
-2.35064
-2.19466
-1.99896
-1.77328
-1.52976
-1.28062
-1.03725
-0.80982
-0.606301
-0.432131
-0.289859
-0.17966
-0.0996305
-0.0462728
-0.0153783
-0.00190841
-0.00102058
-0.0081909
-0.0194525
-0.0315108
-0.0419621
-0.0487726
-0.0511272
-0.0491009
-0.0439921
-0.0362744
-0.0277054
-0.0190335
-0.0116561
-0.00426023
-0.00133669
0.0133989
-0.019447
51.0937
30.8703
12.2959
-3.02351
-15.1435
-23.941
-30.0372
-34.6582
-38.2717
-40.7471
-42.2987
-43.4823
-45.0301
-47.7437
-52.1221
-57.2842
-61.5903
-63.6523
-61.9602
-56.729
-49.5892
-41.8228
-34.6618
-28.6463
-23.9324
-20.5955
-18.5868
-17.6177
-17.6307
-18.6757
-20.6955
-23.7314
-27.84
-32.8853
-38.2115
-42.8433
-46.0642
-47.4066
-46.6446
-43.997
-39.9506
-35.0558
-29.8835
-24.9345
-20.5312
-16.843
-13.9205
-11.7157
-10.1671
-9.21437
-8.74775
-8.63755
-8.78751
-9.1181
-9.56831
-10.0928
-10.6594
-11.2603
-11.8967
-12.5812
-13.3152
-14.0503
-14.6616
-15.0156
-15.0156
-14.6093
-13.7973
-12.6449
-11.2711
-9.80459
-8.33652
-6.93513
-5.6614
-4.55416
-3.63204
-2.8985
-2.34946
-1.97259
-1.74916
-1.65406
-1.65821
-1.72982
-1.83689
-1.95001
-2.04478
-2.1024
-2.11063
-2.06406
-1.96371
-1.81547
-1.62954
-1.4185
-1.19571
-0.973843
-0.764083
-0.575287
-0.413465
-0.281847
-0.180895
-0.109045
-0.0629216
-0.0382214
-0.0299236
-0.0331527
-0.0432382
-0.056224
-0.0688086
-0.0786788
-0.0842414
-0.0849048
-0.0808628
-0.0729353
-0.0621536
-0.0498583
-0.0372108
-0.0257144
-0.0137017
-0.00719889
0.0150542
-0.0287663
44.0712
21.2872
2.29203
-12.6028
-25.5537
-34.7905
-40.1089
-43.4789
-46.0409
-47.4385
-47.8501
-47.8818
-48.7031
-52.2078
-59.3114
-68.4725
-76.1997
-79.5038
-76.8238
-68.9009
-57.9683
-45.8693
-35.5417
-27.3448
-21.23
-17.0255
-14.513
-13.4085
-13.5042
-14.6454
-16.6885
-19.5329
-23.0571
-27.0462
-31.0754
-34.563
-37.0225
-38.1323
-37.7602
-36.0333
-33.2977
-29.956
-26.3776
-22.9026
-19.788
-17.1897
-15.1527
-13.628
-12.6095
-12.0355
-11.7495
-11.6527
-11.713
-11.8917
-12.1581
-12.4868
-12.8614
-13.2905
-13.8089
-14.4635
-15.2765
-16.1894
-17.0318
-17.5729
-17.609
-17.0424
-15.9005
-14.2733
-12.3754
-10.4393
-8.55588
-6.78364
-5.20646
-3.87251
-2.79062
-1.9527
-1.3461
-0.952699
-0.747745
-0.699469
-0.771486
-0.92606
-1.12547
-1.33442
-1.52289
-1.66789
-1.75525
-1.77968
-1.74146
-1.64571
-1.50303
-1.32689
-1.13178
-0.931809
-0.739447
-0.564597
-0.414145
-0.291897
-0.198802
-0.133493
-0.0928075
-0.0724456
-0.0674959
-0.0729903
-0.0842673
-0.0973415
-0.109038
-0.117146
-0.120345
-0.118192
-0.111029
-0.0997489
-0.0855465
-0.0698104
-0.0536962
-0.0386897
-0.0233457
-0.0142324
0.0137992
-0.0361933
31.5464
-0.223836
-21.8554
-33.8166
-42.5364
-47.8857
-51.4214
-53.5732
-54.5776
-54.23
-52.7676
-50.7935
-48.9221
-51.0467
-62.0793
-79.3204
-93.6756
-98.8886
-93.8775
-81.5821
-65.6908
-49.3729
-35.2583
-24.3997
-16.8054
-11.8185
-9.03347
-8.03195
-8.37899
-9.752
-11.9769
-14.8672
-18.1379
-21.5433
-24.8111
-27.5892
-29.5643
-30.5278
-30.4108
-29.3356
-27.6094
-25.5065
-23.2328
-21.0473
-19.1346
-17.5556
-16.2984
-15.3462
-14.6931
-14.3027
-14.1087
-14.0614
-14.1261
-14.2721
-14.4725
-14.6995
-14.9472
-15.2583
-15.7186
-16.435
-17.4654
-18.6992
-19.8645
-20.6142
-20.6529
-19.8568
-18.2441
-16.0125
-13.5256
-11.0468
-8.70161
-6.5509
-4.66104
-3.08797
-1.83718
-0.894151
-0.235219
0.166471
0.343472
0.334586
0.184003
-0.0630736
-0.363093
-0.675691
-0.966097
-1.20771
-1.38303
-1.48417
-1.51076
-1.46911
-1.37051
-1.22952
-1.06178
-0.883083
-0.707451
-0.545875
-0.406247
-0.292911
-0.207405
-0.148488
-0.113338
-0.0975701
-0.0963961
-0.104653
-0.117725
-0.131528
-0.142993
-0.14996
-0.151304
-0.146768
-0.136845
-0.122591
-0.105356
-0.0866604
-0.0678371
-0.0502352
-0.0340136
-0.0230114
-0.00803905
-0.0528502
5.51826
-31.569
-46.5614
-52.8053
-52.9697
-52.5639
-53.9008
-55.5656
-56.253
-55.25
-52.6107
-50.2967
-49.5647
-53.314
-66.2974
-87.2408
-105.491
-112.414
-106.703
-91.786
-71.6583
-51.2053
-33.4041
-19.9125
-10.6908
-4.96282
-2.08586
-1.46153
-2.35746
-4.22937
-6.80377
-9.84058
-13.0646
-16.2471
-19.1644
-21.5646
-23.2536
-24.1269
-24.1755
-23.5295
-22.4219
-21.0793
-19.7129
-18.515
-17.5751
-16.8907
-16.4208
-16.1268
-15.961
-15.8899
-15.8766
-15.8943
-15.9255
-15.9608
-15.9965
-16.0242
-16.0618
-16.1765
-16.4696
-17.1411
-18.4174
-20.2239
-22.0972
-23.4528
-23.7585
-22.795
-20.6966
-17.8755
-14.7595
-11.6296
-8.68213
-6.05341
-3.82698
-2.03415
-0.655882
0.345425
1.01098
1.37928
1.49039
1.39106
1.13608
0.778521
0.365788
-0.0580897
-0.455233
-0.795722
-1.05984
-1.23796
-1.32933
-1.3409
-1.28556
-1.17855
-1.03594
-0.875602
-0.71321
-0.561186
-0.428275
-0.319899
-0.237817
-0.181316
-0.147726
-0.132965
-0.132183
-0.140309
-0.152636
-0.165123
-0.174684
-0.179235
-0.177787
-0.170225
-0.157183
-0.139819
-0.119623
-0.0982149
-0.0770678
-0.0576867
-0.0399673
-0.0273418
-0.00493613
-0.0295941
-33.6093
-55.5818
-54.0781
-54.103
-54.4478
-54.4699
-54.5645
-55.0666
-55.6223
-55.6391
-54.1138
-51.5903
-50.0667
-52.5412
-64.5875
-86.3854
-106.579
-113.303
-106.985
-91.2931
-69.9816
-47.8803
-28.6742
-14.0886
-4.10604
1.94035
4.66582
4.76085
3.22682
0.762661
-2.23465
-5.47031
-8.69008
-11.728
-14.4392
-16.6303
-18.1553
-18.9743
-19.0842
-18.6293
-17.9059
-17.167
-16.5969
-16.2753
-16.1745
-16.2075
-16.2807
-16.3337
-16.3564
-16.3549
-16.3351
-16.3037
-16.2669
-16.2269
-16.1816
-16.1265
-16.0775
-16.1074
-16.3006
-16.8904
-18.186
-20.2265
-22.5855
-24.5106
-25.2492
-24.4289
-22.192
-19.0431
-15.5136
-11.9806
-8.62492
-5.59643
-3.06325
-1.06944
0.421202
1.47535
2.14802
2.486
2.54176
2.3721
2.03381
1.58317
1.07356
0.553355
0.0622235
-0.366476
-0.71132
-0.961507
-1.11606
-1.18166
-1.1713
-1.10038
-0.987389
-0.850881
-0.70688
-0.568859
-0.446019
-0.344682
-0.267502
-0.21461
-0.183509
-0.170491
-0.170542
-0.178694
-0.190099
-0.200835
-0.207812
-0.209134
-0.20401
-0.19253
-0.175514
-0.154284
-0.130539
-0.106028
-0.0825603
-0.061453
-0.0445492
-0.0296704
-0.0239702
0.0097701
-60.0322
-58.5454
-58.1742
-55.506
-54.757
-54.8455
-54.744
-54.3622
-54.0737
-54.1225
-54.0607
-53.3175
-52.3123
-52.8228
-59.1946
-74.557
-94.2884
-106.662
-104.296
-88.8226
-66.2235
-43.2297
-24.0208
-10.4642
-0.840882
5.61682
8.29503
7.98469
6.0629
3.23929
-0.0745179
-3.52034
-6.82251
-9.84148
-12.4212
-14.4145
-15.7874
-16.5352
-16.7521
-16.6483
-16.3952
-16.1309
-15.974
-15.9853
-16.1361
-16.3223
-16.4476
-16.4942
-16.4879
-16.4529
-16.404
-16.3516
-16.3016
-16.2537
-16.206
-16.1547
-16.1129
-16.1317
-16.3008
-16.7832
-17.8766
-19.735
-22.001
-23.8728
-24.5944
-23.799
-21.5999
-18.4984
-15.0266
-11.5212
-8.16327
-5.12522
-2.5796
-0.588491
0.889134
1.92784
2.58151
2.89123
2.91171
2.70356
2.32562
1.83504
1.28737
0.73221
0.21174
-0.24325
-0.611905
-0.883565
-1.05702
-1.1389
-1.14112
-1.08064
-0.976497
-0.846517
-0.707126
-0.571804
-0.451009
-0.351144
-0.275503
-0.224049
-0.194351
-0.182231
-0.182847
-0.191129
-0.202386
-0.212641
-0.218879
-0.219186
-0.212787
-0.199848
-0.181265
-0.158463
-0.133224
-0.107384
-0.0829871
-0.0611792
-0.0459242
-0.0299712
-0.0432672
0.034357
)
;

boundaryField
{
    frontWall
    {
        type            empty;
    }
    backWall
    {
        type            empty;
    }
    sideWall
    {
        type            zeroGradient;
    }
    outlet
    {
        type            fixedValue;
        value           uniform 0;
    }
    inlet
    {
        type            zeroGradient;
    }
}


// ************************************************************************* //
