/*--------------------------------*- C++ -*----------------------------------*\
  =========                 |
  \\      /  F ield         | OpenFOAM: The Open Source CFD Toolbox
   \\    /   O peration     | Website:  https://openfoam.org
    \\  /    A nd           | Version:  13
     \\/     M anipulation  |
\*---------------------------------------------------------------------------*/
FoamFile
{
    format      ascii;
    class       volScalarField;
    location    "28";
    object      p;
}
// * * * * * * * * * * * * * * * * * * * * * * * * * * * * * * * * * * * * * //

dimensions      [0 2 -2 0 0 0 0];

internalField   nonuniform List<scalar> 
6440
(
0.0020004
0.00200089
0.00200193
0.00200348
0.00200554
0.00200801
0.00201079
0.00201372
0.00201667
0.00201948
0.002022
0.00202407
0.00202556
0.00202637
0.0020264
0.00202566
0.00202414
0.00202193
0.00201913
0.00201587
0.00201228
0.00200849
0.00200467
0.00200095
0.00199775
0.00199776
0.00199823
0.00199922
0.00200072
0.00200269
0.00200508
0.00200779
0.00201071
0.00201369
0.00201661
0.00201931
0.00202163
0.00202342
0.00202454
0.00202486
0.0020243
0.00202282
0.00202045
0.00201727
0.00201324
0.00200852
0.00200322
0.00199759
0.00199189
0.00198667
0.00199373
0.00199427
0.00199533
0.00199693
0.00199904
0.00200159
0.00200451
0.00200772
0.00201105
0.00201436
0.00201748
0.00202024
0.00202245
0.00202393
0.00202452
0.00202408
0.00202255
0.00201989
0.00201606
0.00201102
0.00200494
0.00199797
0.00199044
0.00198287
0.00197612
0.00198855
0.0019892
0.00199041
0.00199223
0.00199462
0.00199751
0.00200081
0.00200445
0.00200829
0.00201214
0.00201582
0.00201914
0.00202188
0.00202384
0.0020248
0.00202459
0.00202308
0.00202018
0.00201574
0.00200975
0.00200237
0.00199379
0.00198441
0.00197504
0.00196685
0.00198215
0.00198291
0.00198432
0.00198641
0.00198914
0.00199244
0.00199621
0.00200035
0.00200477
0.00200924
0.00201357
0.00201756
0.00202097
0.00202355
0.00202505
0.00202525
0.00202395
0.00202101
0.00201622
0.00200947
0.00200097
0.00199091
0.00197977
0.00196856
0.00195886
0.00197443
0.00197532
0.00197693
0.00197931
0.00198242
0.00198616
0.00199044
0.00199514
0.00200015
0.00200531
0.00201036
0.0020151
0.00201928
0.00202262
0.00202484
0.00202565
0.0020248
0.00202207
0.00201723
0.00201
0.00200059
0.00198921
0.00197636
0.00196331
0.00195204
0.00196534
0.00196635
0.00196818
0.00197087
0.00197437
0.00197859
0.00198341
0.00198871
0.00199435
0.00200022
0.00200604
0.00201158
0.0020166
0.00202081
0.00202389
0.0020255
0.00202533
0.00202308
0.00201848
0.00201107
0.00200101
0.00198847
0.00197398
0.00195905
0.00194615
0.00195484
0.00195598
0.00195802
0.00196104
0.00196496
0.00196969
0.00197509
0.00198103
0.00198735
0.00199393
0.00200053
0.00200691
0.00201281
0.00201794
0.00202199
0.00202456
0.00202528
0.00202377
0.00201967
0.00201249
0.00200202
0.0019885
0.00197245
0.00195564
0.00194105
0.00194292
0.00194418
0.00194645
0.0019498
0.00195415
0.0019594
0.0019654
0.00197201
0.00197906
0.00198637
0.00199379
0.00200101
0.00200781
0.00201391
0.00201897
0.00202262
0.00202442
0.00202389
0.00202057
0.00201396
0.00200341
0.00198914
0.00197163
0.00195292
0.00193657
0.00192962
0.00193099
0.00193347
0.00193714
0.00194191
0.00194768
0.0019543
0.00196161
0.00196942
0.00197753
0.00198577
0.00199386
0.00200156
0.00200862
0.00201473
0.00201951
0.00202251
0.00202318
0.00202093
0.00201517
0.00200499
0.00199026
0.00197145
0.00195084
0.00193264
0.00191496
0.00191642
0.0019191
0.00192306
0.00192823
0.0019345
0.00194172
0.00194972
0.00195832
0.00196729
0.0019764
0.00198538
0.00199399
0.00200201
0.00200916
0.00201509
0.00201936
0.00202138
0.00202046
0.00201583
0.00200657
0.00199173
0.00197184
0.00194934
0.00192919
0.00189903
0.00190056
0.00190339
0.00190759
0.0019131
0.0019198
0.00192757
0.00193624
0.00194561
0.00195545
0.00196548
0.0019754
0.00198499
0.001994
0.0020022
0.00200926
0.0020148
0.00201826
0.00201888
0.00201575
0.00200777
0.00199337
0.00197274
0.00194841
0.00192618
0.00188194
0.0018835
0.00188643
0.0018908
0.00189655
0.00190358
0.0019118
0.00192103
0.00193109
0.00194175
0.00195272
0.00196365
0.0019743
0.00198441
0.00199371
0.00200193
0.00200874
0.00201364
0.00201592
0.00201455
0.00200819
0.00199509
0.00197409
0.00194801
0.00192345
0.00186384
0.0018654
0.00186835
0.00187278
0.00187864
0.00188586
0.00189433
0.00190394
0.00191453
0.00192588
0.00193772
0.00194969
0.0019615
0.00197284
0.0019834
0.0019929
0.00200103
0.00200739
0.00201138
0.002012
0.00200774
0.00199652
0.00197585
0.00194838
0.00192145
0.00184493
0.00184644
0.00184934
0.00185371
0.00185951
0.0018667
0.00187519
0.00188491
0.00189573
0.00190748
0.00191998
0.00193286
0.00194584
0.00195856
0.00197064
0.00198167
0.00199132
0.00199928
0.0020051
0.00200789
0.00200612
0.00199734
0.0019783
0.00194998
0.00192059
0.00182546
0.00182687
0.00182963
0.0018338
0.00183936
0.00184627
0.00185449
0.00186395
0.00187458
0.00188629
0.00189899
0.0019124
0.00192629
0.00194033
0.00195408
0.00196703
0.00197871
0.00198875
0.00199676
0.00200209
0.00200327
0.00199773
0.00198152
0.00195345
0.00192185
0.0018057
0.00180697
0.00180949
0.00181333
0.00181845
0.00182484
0.00183243
0.00184121
0.00185113
0.00186215
0.00187428
0.00188763
0.0019018
0.00191662
0.00193175
0.0019467
0.00196094
0.00197398
0.00198524
0.00199397
0.00199892
0.00199775
0.00198593
0.00196042
0.00192749
0.001786
0.00178708
0.00178926
0.00179263
0.00179715
0.00180273
0.00180935
0.00181701
0.00182568
0.00183537
0.00184608
0.00185809
0.00187158
0.00188618
0.00190168
0.00191786
0.00193436
0.00195076
0.00196642
0.00198041
0.00199131
0.00199673
0.00199231
0.00197485
0.00194444
0.00176677
0.00176763
0.0017694
0.00177215
0.0017759
0.00178043
0.00178576
0.00179189
0.00179883
0.00180659
0.0018153
0.00182519
0.0018364
0.00184917
0.00186356
0.00187917
0.00189626
0.00191483
0.00193456
0.00195489
0.00197474
0.00199189
0.002002
0.00200278
0.00198468
0.00174832
0.00174896
0.0017503
0.00175241
0.00175531
0.00175869
0.00176261
0.0017671
0.00177218
0.00177788
0.00178438
0.00179182
0.00180034
0.00181011
0.00182132
0.00183457
0.00185006
0.00186804
0.00188866
0.00191233
0.00193958
0.00197085
0.00200585
0.0020452
0.00207412
0.00173086
0.00173137
0.00173241
0.00173405
0.00173624
0.00173889
0.00174198
0.00174552
0.00174951
0.00175404
0.00175921
0.00176517
0.00177206
0.00178005
0.00178942
0.00180054
0.00181374
0.0018295
0.00184873
0.00187242
0.0019019
0.00193983
0.00199356
0.00208524
0.00226956
0.00171369
0.00171415
0.00171508
0.00171654
0.00171851
0.00172094
0.0017238
0.0017271
0.00173087
0.00173517
0.0017401
0.00174578
0.00175236
0.00176006
0.00176911
0.00177988
0.00179277
0.00180833
0.00182743
0.00185123
0.0018818
0.00192311
0.00198324
0.00207617
0.00221858
0.00169682
0.00169725
0.00169813
0.0016995
0.00170136
0.00170367
0.00170642
0.00170963
0.00171331
0.00171753
0.00172236
0.00172792
0.00173436
0.00174189
0.00175074
0.00176125
0.00177384
0.00178907
0.00180775
0.00183104
0.00186073
0.00189975
0.00195259
0.00202394
0.00211215
0.00168029
0.0016807
0.00168152
0.00168282
0.00168457
0.00168677
0.00168941
0.0016925
0.00169605
0.00170011
0.00170476
0.0017101
0.00171627
0.00172344
0.00173184
0.00174177
0.00175359
0.00176779
0.00178502
0.00180617
0.0018324
0.00186526
0.00190595
0.00195454
0.00200546
0.00166412
0.0016645
0.00166527
0.00166648
0.00166812
0.00167018
0.00167266
0.00167557
0.00167891
0.00168272
0.00168707
0.00169204
0.00169774
0.00170433
0.00171199
0.00172096
0.00173153
0.00174404
0.00175893
0.0017767
0.00179787
0.00182282
0.00185126
0.0018814
0.00190832
0.00164833
0.00164868
0.00164939
0.0016505
0.00165201
0.00165391
0.00165619
0.00165886
0.00166192
0.0016654
0.00166934
0.0016738
0.00167889
0.0016847
0.00169139
0.00169911
0.00170806
0.00171844
0.00173046
0.00174428
0.00175994
0.00177717
0.00179505
0.00181128
0.0018224
0.00163294
0.00163326
0.0016339
0.0016349
0.00163626
0.00163797
0.00164002
0.0016424
0.00164512
0.00164819
0.00165163
0.00165549
0.00165984
0.00166474
0.00167028
0.00167657
0.00168369
0.00169172
0.00170067
0.00171048
0.00172087
0.00173125
0.00174049
0.00174666
0.00174714
0.00161796
0.00161825
0.00161882
0.0016197
0.00162089
0.00162239
0.00162418
0.00162624
0.00162857
0.00163117
0.00163405
0.00163724
0.00164075
0.00164465
0.00164895
0.00165371
0.00165892
0.00166455
0.0016705
0.00167653
0.00168223
0.0016869
0.00168943
0.00168828
0.00168152
0.00160342
0.00160368
0.00160416
0.00160491
0.00160593
0.0016072
0.0016087
0.00161041
0.00161232
0.00161441
0.00161669
0.00161915
0.0016218
0.00162464
0.00162767
0.00163088
0.0016342
0.00163754
0.00164069
0.00164336
0.00164507
0.00164511
0.00164255
0.00163613
0.00162445
0.00158934
0.00158955
0.00158994
0.00159056
0.00159139
0.00159241
0.00159361
0.00159496
0.00159642
0.00159799
0.00159964
0.00160136
0.00160312
0.00160491
0.00160669
0.0016084
0.00160994
0.00161115
0.00161182
0.00161158
0.00160999
0.00160639
0.0016
0.00158984
0.00157486
0.00157572
0.00157588
0.00157619
0.00157666
0.0015773
0.00157808
0.00157896
0.00157993
0.00158095
0.00158198
0.001583
0.00158398
0.00158487
0.00158564
0.00158622
0.00158653
0.00158643
0.00158576
0.00158426
0.00158159
0.00157733
0.00157092
0.0015617
0.00154893
0.0015318
0.00156258
0.0015627
0.00156292
0.00156325
0.00156369
0.00156421
0.00156479
0.00156538
0.00156595
0.00156645
0.00156686
0.00156712
0.00156718
0.00156698
0.00156645
0.00156548
0.00156392
0.0015616
0.00155827
0.00155362
0.00154725
0.0015387
0.00152743
0.00151287
0.00149443
0.00154995
0.00155002
0.00155014
0.00155034
0.00155058
0.00155085
0.00155112
0.00155134
0.00155147
0.00155147
0.00155128
0.00155086
0.00155014
0.00154906
0.00154751
0.0015454
0.00154258
0.00153886
0.00153401
0.00152775
0.00151975
0.00150961
0.0014969
0.00148119
0.00146202
0.00153782
0.00153786
0.00153789
0.00153794
0.00153799
0.00153802
0.00153799
0.00153786
0.00153757
0.00153709
0.00153634
0.00153529
0.00153386
0.00153197
0.00152953
0.00152642
0.00152251
0.00151762
0.00151155
0.00150403
0.00149478
0.0014835
0.00146982
0.00145342
0.00143395
0.00152623
0.00152622
0.00152616
0.00152608
0.00152595
0.00152575
0.00152543
0.00152496
0.00152428
0.00152334
0.00152209
0.00152046
0.00151839
0.00151578
0.00151256
0.00150861
0.00150379
0.00149794
0.00149088
0.0014824
0.00147225
0.00146016
0.00144588
0.00142914
0.00140968
0.00151516
0.00151511
0.00151497
0.00151477
0.00151446
0.00151404
0.00151346
0.00151267
0.00151163
0.00151028
0.00150857
0.00150642
0.00150378
0.00150055
0.00149666
0.00149199
0.00148643
0.00147982
0.001472
0.0014628
0.001452
0.00143941
0.0014248
0.00140797
0.00138875
0.00150465
0.00150455
0.00150434
0.00150401
0.00150355
0.00150292
0.00150209
0.00150102
0.00149965
0.00149792
0.00149579
0.00149319
0.00149006
0.0014863
0.00148185
0.00147659
0.00147043
0.00146322
0.00145484
0.00144512
0.00143391
0.00142102
0.00140631
0.0013896
0.00137077
0.00149467
0.00149455
0.00149426
0.00149382
0.00149321
0.0014924
0.00149135
0.00149001
0.00148834
0.00148629
0.00148379
0.0014808
0.00147724
0.00147304
0.00146812
0.0014624
0.00145577
0.00144812
0.00143933
0.00142927
0.00141781
0.00140482
0.00139015
0.00137371
0.00135539
0.00148525
0.00148509
0.00148474
0.0014842
0.00148346
0.00148248
0.00148122
0.00147965
0.00147772
0.00147538
0.00147257
0.00146924
0.00146533
0.00146077
0.00145548
0.00144939
0.00144241
0.00143444
0.00142538
0.00141513
0.00140357
0.0013906
0.00137612
0.00136004
0.0013423
0.00147638
0.00147619
0.00147578
0.00147515
0.00147429
0.00147315
0.00147172
0.00146995
0.00146779
0.0014652
0.00146213
0.00145852
0.00145432
0.00144946
0.00144389
0.00143752
0.00143029
0.00142211
0.0014129
0.00140257
0.00139102
0.00137819
0.00136399
0.00134836
0.00133126
0.00146806
0.00146784
0.00146738
0.00146667
0.0014657
0.00146443
0.00146284
0.00146089
0.00145854
0.00145574
0.00145245
0.00144861
0.00144418
0.0014391
0.00143332
0.00142676
0.00141937
0.00141107
0.0014018
0.00139148
0.00138004
0.00136743
0.00135358
0.00133845
0.00132202
0.00146028
0.00146004
0.00145953
0.00145875
0.00145768
0.00145631
0.00145458
0.00145248
0.00144997
0.00144699
0.00144352
0.00143951
0.0014349
0.00142966
0.00142372
0.00141704
0.00140957
0.00140123
0.00139198
0.00138175
0.00137049
0.00135817
0.00134472
0.00133013
0.00131438
0.00145303
0.00145277
0.00145222
0.00145138
0.00145024
0.00144876
0.00144693
0.0014447
0.00144205
0.00143894
0.00143533
0.00143118
0.00142645
0.00142109
0.00141507
0.00140833
0.00140082
0.00139251
0.00138334
0.00137327
0.00136225
0.00135025
0.00133725
0.00132322
0.00130816
0.0014463
0.00144602
0.00144544
0.00144456
0.00144334
0.00144179
0.00143986
0.00143754
0.00143478
0.00143156
0.00142785
0.0014236
0.00141878
0.00141336
0.00140729
0.00140054
0.00139307
0.00138484
0.0013758
0.00136593
0.0013552
0.00134357
0.00133103
0.00131758
0.00130321
0.00144008
0.00143979
0.00143919
0.00143826
0.00143699
0.00143537
0.00143337
0.00143097
0.00142813
0.00142483
0.00142104
0.00141674
0.00141187
0.00140643
0.00140036
0.00139364
0.00138625
0.00137813
0.00136927
0.00135965
0.00134922
0.00133799
0.00132594
0.00131306
0.00129937
0.00143436
0.00143406
0.00143344
0.00143247
0.00143117
0.00142949
0.00142744
0.00142497
0.00142208
0.00141873
0.0014149
0.00141056
0.00140568
0.00140024
0.00139421
0.00138757
0.00138028
0.00137232
0.00136367
0.00135432
0.00134423
0.00133341
0.00132184
0.00130955
0.00129652
0.00142913
0.00142882
0.00142817
0.00142719
0.00142585
0.00142414
0.00142204
0.00141953
0.0014166
0.00141322
0.00140937
0.00140503
0.00140017
0.00139477
0.00138881
0.00138226
0.00137511
0.00136734
0.00135893
0.00134986
0.00134013
0.00132972
0.00131866
0.00130693
0.00129456
0.00142435
0.00142404
0.00142338
0.00142238
0.00142102
0.00141928
0.00141716
0.00141463
0.00141168
0.00140828
0.00140444
0.00140011
0.00139529
0.00138995
0.00138408
0.00137767
0.00137068
0.00136311
0.00135495
0.00134619
0.00133682
0.00132685
0.00131627
0.0013051
0.00129336
0.00142003
0.00141971
0.00141905
0.00141803
0.00141665
0.0014149
0.00141276
0.00141022
0.00140727
0.00140389
0.00140006
0.00139577
0.00139101
0.00138576
0.00138
0.00137373
0.00136693
0.00135958
0.00135169
0.00134324
0.00133425
0.0013247
0.0013146
0.00130398
0.00129286
0.00141613
0.00141581
0.00141514
0.00141412
0.00141274
0.00141098
0.00140884
0.0014063
0.00140336
0.0014
0.00139621
0.00139198
0.00138729
0.00138214
0.00137652
0.0013704
0.0013638
0.00135669
0.00134907
0.00134095
0.00133232
0.00132319
0.00131358
0.00130349
0.00129295
0.00141264
0.00141232
0.00141165
0.00141063
0.00140925
0.00140749
0.00140536
0.00140284
0.00139992
0.00139659
0.00139285
0.00138869
0.0013841
0.00137906
0.00137358
0.00136764
0.00136124
0.00135437
0.00134704
0.00133924
0.00133098
0.00132227
0.00131312
0.00130354
0.00129357
0.00140955
0.00140923
0.00140856
0.00140754
0.00140616
0.00140442
0.0014023
0.0013998
0.00139692
0.00139364
0.00138996
0.00138588
0.00138139
0.00137648
0.00137115
0.00136539
0.0013592
0.00135258
0.00134554
0.00133806
0.00133017
0.00132186
0.00131316
0.00130409
0.00129466
0.00140682
0.0014065
0.00140584
0.00140483
0.00140346
0.00140173
0.00139964
0.00139717
0.00139433
0.00139111
0.0013875
0.00138351
0.00137913
0.00137436
0.00136919
0.00136362
0.00135765
0.00135128
0.00134451
0.00133736
0.00132982
0.00132191
0.00131365
0.00130505
0.00129614
0.00140444
0.00140413
0.00140347
0.00140247
0.00140112
0.00139941
0.00139735
0.00139492
0.00139213
0.00138897
0.00138545
0.00138155
0.00137729
0.00137266
0.00136765
0.00136227
0.00135652
0.0013504
0.00134392
0.00133708
0.00132989
0.00132237
0.00131453
0.00130639
0.00129798
0.0014024
0.00140209
0.00140144
0.00140046
0.00139912
0.00139744
0.00139541
0.00139302
0.00139029
0.0013872
0.00138376
0.00137997
0.00137583
0.00137135
0.00136651
0.00136132
0.00135579
0.00134992
0.00134372
0.00133719
0.00133034
0.00132319
0.00131576
0.00130806
0.00130012
0.00140066
0.00140035
0.00139972
0.00139875
0.00139744
0.00139579
0.0013938
0.00139146
0.00138878
0.00138577
0.00138242
0.00137874
0.00137473
0.00137039
0.00136572
0.00136073
0.00135542
0.00134979
0.00134386
0.00133763
0.00133112
0.00132433
0.00131728
0.00131
0.00130251
0.00139922
0.00139892
0.00139829
0.00139734
0.00139606
0.00139444
0.00139249
0.0013902
0.00138759
0.00138466
0.0013814
0.00137783
0.00137395
0.00136976
0.00136526
0.00136046
0.00135537
0.00134998
0.00134432
0.00133838
0.00133218
0.00132574
0.00131907
0.00131219
0.00130512
0.00139804
0.00139775
0.00139714
0.00139621
0.00139495
0.00139337
0.00139146
0.00138923
0.00138669
0.00138384
0.00138068
0.00137722
0.00137347
0.00136942
0.0013651
0.00136049
0.00135561
0.00135046
0.00134505
0.00133939
0.00133351
0.0013274
0.00132108
0.00131458
0.00130792
0.00139712
0.00139684
0.00139624
0.00139533
0.0013941
0.00139256
0.0013907
0.00138853
0.00138605
0.00138328
0.00138022
0.00137688
0.00137325
0.00136936
0.0013652
0.00136078
0.0013561
0.00135118
0.00134602
0.00134064
0.00133505
0.00132926
0.00132328
0.00131715
0.00131087
0.00139644
0.00139616
0.00139558
0.00139469
0.00139349
0.00139199
0.00139017
0.00138806
0.00138566
0.00138297
0.00138001
0.00137678
0.00137328
0.00136954
0.00136554
0.0013613
0.00135683
0.00135213
0.00134722
0.0013421
0.00133679
0.0013313
0.00132565
0.00131986
0.00131394
0.00139597
0.0013957
0.00139514
0.00139427
0.0013931
0.00139164
0.00138987
0.00138782
0.00138549
0.00138289
0.00138002
0.0013769
0.00137354
0.00136993
0.00136609
0.00136203
0.00135776
0.00135327
0.00134859
0.00134373
0.00133869
0.00133349
0.00132815
0.00132268
0.00131711
0.00139571
0.00139544
0.00139489
0.00139405
0.00139292
0.00139149
0.00138977
0.00138778
0.00138552
0.001383
0.00138023
0.00137723
0.00137399
0.00137052
0.00136684
0.00136296
0.00135887
0.00135459
0.00135014
0.00134551
0.00134073
0.00133581
0.00133076
0.0013256
0.00132036
0.00139562
0.00139537
0.00139484
0.00139402
0.00139291
0.00139152
0.00138986
0.00138793
0.00138574
0.0013833
0.00138063
0.00137773
0.00137461
0.00137129
0.00136776
0.00136404
0.00136014
0.00135606
0.00135182
0.00134743
0.00134289
0.00133823
0.00133346
0.0013286
0.00132366
0.00139571
0.00139546
0.00139494
0.00139415
0.00139308
0.00139173
0.00139012
0.00138824
0.00138613
0.00138377
0.00138119
0.0013784
0.0013754
0.00137221
0.00136883
0.00136527
0.00136154
0.00135766
0.00135362
0.00134945
0.00134515
0.00134074
0.00133623
0.00133164
0.00132699
0.00139594
0.0013957
0.0013952
0.00139443
0.00139339
0.00139209
0.00139052
0.00138871
0.00138666
0.00138439
0.0013819
0.00137921
0.00137633
0.00137326
0.00137003
0.00136662
0.00136307
0.00135936
0.00135553
0.00135156
0.00134749
0.00134331
0.00133906
0.00133473
0.00133034
0.00139632
0.00139609
0.0013956
0.00139486
0.00139385
0.00139258
0.00139106
0.00138931
0.00138733
0.00138513
0.00138274
0.00138015
0.00137738
0.00137444
0.00137134
0.00136808
0.00136469
0.00136116
0.00135751
0.00135375
0.00134989
0.00134594
0.00134191
0.00133783
0.0013337
0.00139681
0.00139659
0.00139612
0.0013954
0.00139442
0.00139319
0.00139173
0.00139003
0.00138812
0.001386
0.00138368
0.00138119
0.00137853
0.00137571
0.00137274
0.00136964
0.0013664
0.00136303
0.00135956
0.00135599
0.00135233
0.00134859
0.00134479
0.00134094
0.00133705
0.00139742
0.0013972
0.00139675
0.00139605
0.00139511
0.00139392
0.0013925
0.00139086
0.00138901
0.00138696
0.00138473
0.00138234
0.00137978
0.00137708
0.00137423
0.00137126
0.00136817
0.00136497
0.00136167
0.00135827
0.0013548
0.00135126
0.00134767
0.00134404
0.00134038
0.00139812
0.00139792
0.00139748
0.0013968
0.00139589
0.00139474
0.00139336
0.00139177
0.00138999
0.00138801
0.00138587
0.00138356
0.0013811
0.00137851
0.00137579
0.00137295
0.00137
0.00136695
0.00136381
0.00136058
0.00135729
0.00135394
0.00135055
0.00134712
0.00134367
0.00139891
0.00139871
0.00139829
0.00139764
0.00139675
0.00139564
0.0013943
0.00139277
0.00139104
0.00138914
0.00138707
0.00138485
0.00138249
0.00138001
0.0013774
0.00137468
0.00137187
0.00136896
0.00136597
0.00136291
0.00135979
0.00135662
0.00135341
0.00135017
0.00134693
0.00139977
0.00139958
0.00139918
0.00139854
0.00139768
0.00139661
0.00139532
0.00139383
0.00139217
0.00139033
0.00138834
0.0013862
0.00138393
0.00138155
0.00137905
0.00137645
0.00137376
0.00137099
0.00136815
0.00136524
0.00136228
0.00135928
0.00135624
0.00135319
0.00135013
0.00140069
0.00140051
0.00140012
0.00139951
0.00139868
0.00139764
0.00139639
0.00139495
0.00139334
0.00139157
0.00138965
0.00138759
0.00138541
0.00138312
0.00138073
0.00137825
0.00137568
0.00137303
0.00137033
0.00136756
0.00136475
0.00136191
0.00135904
0.00135615
0.00135327
0.00140167
0.00140149
0.00140112
0.00140053
0.00139972
0.00139871
0.00139751
0.00139612
0.00139456
0.00139285
0.001391
0.00138902
0.00138692
0.00138472
0.00138243
0.00138005
0.0013776
0.00137508
0.0013725
0.00136987
0.0013672
0.00136451
0.00136179
0.00135907
0.00135634
0.00140268
0.00140252
0.00140216
0.00140159
0.00140081
0.00139983
0.00139867
0.00139732
0.00139582
0.00139416
0.00139237
0.00139047
0.00138845
0.00138634
0.00138414
0.00138186
0.00137952
0.00137711
0.00137465
0.00137215
0.00136962
0.00136706
0.00136449
0.00136191
0.00135935
0.00140373
0.00140357
0.00140323
0.00140268
0.00140193
0.00140098
0.00139985
0.00139855
0.00139709
0.00139549
0.00139377
0.00139193
0.00138999
0.00138796
0.00138585
0.00138367
0.00138142
0.00137913
0.00137678
0.0013744
0.00137199
0.00136957
0.00136713
0.00136469
0.00136227
0.0014048
0.00140465
0.00140432
0.00140379
0.00140306
0.00140215
0.00140105
0.0013998
0.00139839
0.00139684
0.00139517
0.0013934
0.00139153
0.00138958
0.00138755
0.00138546
0.00138331
0.00138111
0.00137888
0.00137661
0.00137432
0.00137202
0.00136971
0.0013674
0.00136511
0.00140589
0.00140575
0.00140543
0.00140492
0.00140422
0.00140333
0.00140227
0.00140105
0.00139969
0.00139819
0.00139658
0.00139487
0.00139307
0.00139119
0.00138924
0.00138723
0.00138517
0.00138307
0.00138093
0.00137877
0.00137659
0.0013744
0.00137221
0.00137003
0.00136786
0.00140698
0.00140685
0.00140655
0.00140606
0.00140538
0.00140452
0.00140349
0.00140231
0.00140099
0.00139954
0.00139798
0.00139632
0.00139459
0.00139277
0.0013909
0.00138897
0.001387
0.00138498
0.00138294
0.00138088
0.0013788
0.00137672
0.00137464
0.00137257
0.00137052
0.00140808
0.00140796
0.00140767
0.0014072
0.00140654
0.00140571
0.00140471
0.00140356
0.00140228
0.00140087
0.00139937
0.00139776
0.00139609
0.00139434
0.00139253
0.00139068
0.00138878
0.00138685
0.0013849
0.00138293
0.00138094
0.00137896
0.00137698
0.00137502
0.00137307
0.00140917
0.00140906
0.00140879
0.00140833
0.0014077
0.00140689
0.00140592
0.0014048
0.00140356
0.0014022
0.00140073
0.00139918
0.00139756
0.00139587
0.00139413
0.00139234
0.00139052
0.00138867
0.00138679
0.00138491
0.00138302
0.00138112
0.00137924
0.00137738
0.00137553
0.00141025
0.00141015
0.00140989
0.00140946
0.00140884
0.00140806
0.00140712
0.00140603
0.00140482
0.0014035
0.00140208
0.00140057
0.001399
0.00139736
0.00139568
0.00139396
0.0013922
0.00139042
0.00138863
0.00138682
0.00138501
0.0013832
0.00138141
0.00137964
0.00137789
0.00141131
0.00141123
0.00141099
0.00141056
0.00140997
0.00140921
0.00140829
0.00140724
0.00140606
0.00140477
0.00140339
0.00140193
0.0014004
0.00139882
0.00139719
0.00139553
0.00139383
0.00139212
0.00139039
0.00138866
0.00138692
0.0013852
0.00138349
0.0013818
0.00138013
0.00141235
0.00141228
0.00141206
0.00141165
0.00141108
0.00141034
0.00140945
0.00140842
0.00140727
0.00140601
0.00140466
0.00140324
0.00140176
0.00140022
0.00139864
0.00139703
0.0013954
0.00139375
0.00139208
0.00139042
0.00138875
0.0013871
0.00138547
0.00138385
0.00138227
0.00141337
0.00141331
0.00141311
0.00141272
0.00141216
0.00141144
0.00141057
0.00140957
0.00140844
0.00140722
0.0014059
0.00140451
0.00140307
0.00140157
0.00140004
0.00139848
0.0013969
0.0013953
0.0013937
0.00139209
0.00139049
0.00138891
0.00138734
0.0013858
0.00138429
0.00141435
0.00141432
0.00141413
0.00141376
0.00141322
0.00141252
0.00141167
0.00141069
0.00140958
0.00140838
0.00140709
0.00140574
0.00140433
0.00140287
0.00140138
0.00139986
0.00139832
0.00139678
0.00139523
0.00139368
0.00139214
0.00139062
0.00138912
0.00138764
0.0013862
0.00141531
0.00141529
0.00141513
0.00141478
0.00141426
0.00141357
0.00141274
0.00141177
0.00141069
0.0014095
0.00140824
0.00140691
0.00140553
0.0014041
0.00140265
0.00140117
0.00139968
0.00139818
0.00139667
0.00139518
0.00139369
0.00139223
0.00139078
0.00138937
0.00138799
0.00141624
0.00141624
0.0014161
0.00141577
0.00141526
0.00141459
0.00141377
0.00141282
0.00141175
0.00141058
0.00140933
0.00140803
0.00140667
0.00140527
0.00140385
0.0014024
0.00140095
0.00139949
0.00139803
0.00139658
0.00139515
0.00139373
0.00139234
0.00139098
0.00138966
0.00141713
0.00141717
0.00141705
0.00141674
0.00141624
0.00141558
0.00141477
0.00141382
0.00141276
0.00141161
0.00141037
0.00140908
0.00140774
0.00140637
0.00140497
0.00140356
0.00140214
0.00140071
0.0013993
0.00139789
0.0013965
0.00139513
0.00139379
0.00139248
0.00139121
0.001418
0.00141807
0.00141797
0.00141768
0.0014172
0.00141654
0.00141573
0.00141479
0.00141373
0.00141258
0.00141136
0.00141007
0.00140875
0.0014074
0.00140602
0.00140463
0.00140324
0.00140185
0.00140047
0.0013991
0.00139774
0.00139642
0.00139512
0.00139386
0.00139263
0.00141885
0.00141895
0.00141889
0.00141861
0.00141813
0.00141748
0.00141666
0.00141571
0.00141465
0.0014135
0.00141227
0.001411
0.00140968
0.00140834
0.00140699
0.00140562
0.00140425
0.00140289
0.00140154
0.0014002
0.00139888
0.00139759
0.00139633
0.00139511
0.00139393
0.00141968
0.00141983
0.00141981
0.00141954
0.00141906
0.00141839
0.00141755
0.00141659
0.00141551
0.00141435
0.00141313
0.00141185
0.00141054
0.00140921
0.00140787
0.00140652
0.00140517
0.00140383
0.0014025
0.0014012
0.00139991
0.00139866
0.00139743
0.00139625
0.0013951
0.00142052
0.00142073
0.00142074
0.00142047
0.00141997
0.00141928
0.00141842
0.00141742
0.00141632
0.00141515
0.00141391
0.00141263
0.00141132
0.00140999
0.00140866
0.00140732
0.00140599
0.00140467
0.00140337
0.00140209
0.00140083
0.0013996
0.00139841
0.00139725
0.00139614
0.0014214
0.00142167
0.00142171
0.00142143
0.00142089
0.00142015
0.00141924
0.0014182
0.00141707
0.00141587
0.00141461
0.00141332
0.001412
0.00141068
0.00140935
0.00140803
0.00140671
0.00140541
0.00140412
0.00140286
0.00140163
0.00140043
0.00139926
0.00139814
0.00139706
0.00142237
0.00142271
0.00142277
0.00142244
0.00142183
0.001421
0.00142002
0.00141893
0.00141775
0.00141651
0.00141522
0.00141392
0.0014126
0.00141127
0.00140995
0.00140863
0.00140733
0.00140604
0.00140477
0.00140353
0.00140232
0.00140114
0.0014
0.0013989
0.00139784
0.00142356
0.00142394
0.00142397
0.00142353
0.00142278
0.00142183
0.00142075
0.00141958
0.00141834
0.00141706
0.00141575
0.00141442
0.00141309
0.00141176
0.00141044
0.00140913
0.00140784
0.00140656
0.00140531
0.00140409
0.00140289
0.00140173
0.00140061
0.00139953
0.00139849
0.00142517
0.00142549
0.00142537
0.00142471
0.00142375
0.00142263
0.00142141
0.00142014
0.00141883
0.0014175
0.00141616
0.00141482
0.00141348
0.00141215
0.00141083
0.00140952
0.00140824
0.00140698
0.00140574
0.00140453
0.00140335
0.0014022
0.0014011
0.00140004
0.00139902
0.00142755
0.00142754
0.00142706
0.001426
0.00142471
0.00142335
0.00142197
0.00142058
0.0014192
0.00141782
0.00141646
0.0014151
0.00141375
0.00141242
0.0014111
0.00140981
0.00140853
0.00140728
0.00140605
0.00140485
0.00140369
0.00140256
0.00140147
0.00140042
0.00139941
0.00143161
0.00143051
0.00142907
0.00142732
0.00142557
0.00142391
0.00142235
0.00142086
0.00141941
0.001418
0.00141662
0.00141525
0.00141391
0.00141258
0.00141127
0.00140998
0.00140871
0.00140747
0.00140625
0.00140507
0.00140391
0.00140279
0.00140171
0.00140067
0.00139968
0.00144056
0.00143531
0.00143135
0.00142847
0.00142615
0.00142419
0.00142247
0.0014209
0.00141943
0.00141801
0.00141663
0.00141527
0.00141393
0.00141262
0.00141132
0.00141004
0.00140878
0.00140755
0.00140634
0.00140517
0.00140402
0.00140291
0.00140184
0.00140081
0.00139982
0.00145843
0.00144179
0.00143341
0.0014292
0.00142635
0.00142417
0.00142237
0.00142078
0.00141931
0.00141791
0.00141654
0.0014152
0.00141388
0.00141258
0.00141129
0.00141003
0.00140878
0.00140755
0.00140636
0.00140518
0.00140405
0.00140294
0.00140187
0.00140085
0.00139987
-0.379231
-0.367593
-0.345826
-0.315097
-0.279895
-0.244703
-0.211408
-0.178303
-0.145397
-0.114718
-0.0884138
-0.0669151
-0.0497158
-0.0364373
-0.0265729
-0.0193229
-0.0139818
-0.0100555
-0.00718508
-0.00509672
-0.00358146
-0.00248575
-0.00170685
-0.00118958
-0.000887659
-0.29999
-0.290562
-0.270701
-0.243069
-0.212608
-0.180157
-0.144537
-0.109061
-0.0785029
-0.0547868
-0.0377688
-0.0256428
-0.0175184
-0.0122923
-0.00879261
-0.00625867
-0.0044626
-0.00316252
-0.00218505
-0.00144332
-0.000879328
-0.000452023
-0.000137394
8.37955e-05
0.000233228
-0.224063
-0.209931
-0.186856
-0.15955
-0.133908
-0.109871
-0.0860079
-0.0627222
-0.0423274
-0.0270062
-0.0164438
-0.0093592
-0.00493517
-0.00231853
-0.00076393
0.000183109
0.000741334
0.00100296
0.00111623
0.00117052
0.0012033
0.00123082
0.001257
0.00128027
0.00131056
-0.170862
-0.155462
-0.13429
-0.110931
-0.0897794
-0.071379
-0.0551313
-0.0408296
-0.0287682
-0.0192238
-0.0119346
-0.00675576
-0.00327208
-0.00107881
0.000271902
0.00111013
0.00160824
0.00187374
0.00198923
0.00201777
0.00200281
0.00197212
0.00194065
0.00191288
0.00190191
-0.119355
-0.103948
-0.084772
-0.0654272
-0.0499878
-0.0388334
-0.0304452
-0.0237902
-0.0181178
-0.013361
-0.00959121
-0.00652492
-0.00407163
-0.00218047
-0.000769634
0.000250009
0.000960176
0.00143373
0.00173225
0.0019071
0.00199938
0.00204056
0.0020521
0.00204505
0.00203386
-0.0734371
-0.0611574
-0.0463861
-0.0335536
-0.0247646
-0.019555
-0.0167551
-0.0148334
-0.0129319
-0.0109728
-0.0089198
-0.00688946
-0.00501414
-0.00337043
-0.00199308
-0.000886618
-3.12965e-05
0.000607074
0.00106729
0.00138717
0.00160062
0.00173617
0.00181518
0.00185064
0.00185353
-0.0389659
-0.0309307
-0.0216214
-0.0140794
-0.00948712
-0.00790331
-0.00788336
-0.00829544
-0.00839413
-0.00812164
-0.00746907
-0.00642864
-0.0052025
-0.00394916
-0.00277361
-0.00174034
-0.000874525
-0.000176609
0.000367187
0.000777498
0.00107669
0.0012859
0.00142186
0.00149455
0.00151223
-0.0173537
-0.0116714
-0.00572727
-0.00161067
0.000344321
0.000173175
-0.00134609
-0.00330404
-0.00488252
-0.00568306
-0.0058377
-0.00548649
-0.00481234
-0.0039819
-0.00309094
-0.0022278
-0.00144586
-0.000772821
-0.000216214
0.00022819
0.000570459
0.000822075
0.000993301
0.001091
0.00112044
-0.00575174
-0.00176031
0.0022086
0.00441753
0.00474659
0.00363377
0.00173467
-0.000424135
-0.00234658
-0.00369783
-0.0043188
-0.004454
-0.0042352
-0.00372472
-0.00307801
-0.00240755
-0.00175548
-0.00115779
-0.000636959
-0.000201915
0.00014631
0.000411277
0.000597574
0.000708358
0.000745902
0.000673252
0.00324261
0.00560219
0.00658857
0.00614273
0.00474701
0.00286423
0.000877005
-0.00089876
-0.00225903
-0.00310712
-0.0034383
-0.00348753
-0.00328281
-0.00289707
-0.00239695
-0.00186575
-0.00136078
-0.00090401
-0.000506284
-0.000177236
8.04125e-05
0.00026645
0.000380548
0.000422505
0.00390325
0.00546458
0.00671732
0.00701392
0.00631729
0.00494271
0.00324573
0.00151645
-3.34406e-05
-0.00127178
-0.002139
-0.00260321
-0.00277964
-0.00275086
-0.00255355
-0.00223893
-0.00185572
-0.00144631
-0.00105488
-0.000700244
-0.000404218
-0.000166923
8.44728e-06
0.000118815
0.000162162
0.00529375
0.00620316
0.00679336
0.00670163
0.00595382
0.00474173
0.00330472
0.00184788
0.000523199
-0.000572785
-0.00139531
-0.00192801
-0.00216133
-0.00224193
-0.00217186
-0.00198627
-0.00172518
-0.00142496
-0.00111669
-0.000817618
-0.000556821
-0.000343012
-0.000182331
-7.9427e-05
-3.68861e-05
0.00569415
0.00620355
0.006428
0.00613756
0.00542412
0.00440146
0.00321811
0.0020127
0.000894093
-6.32361e-05
-0.000817954
-0.00135414
-0.00165639
-0.0017948
-0.00180774
-0.00171545
-0.00154629
-0.00132997
-0.00109324
-0.000857646
-0.000642538
-0.000459909
-0.000316623
-0.000223221
-0.000182504
0.00560007
0.0058734
0.00589494
0.0055357
0.00489397
0.00404237
0.0030742
0.00208009
0.0011373
0.000304577
-0.000379644
-0.000896874
-0.001234
-0.0014096
-0.0014786
-0.00145309
-0.00135347
-0.00120386
-0.00102713
-0.000843363
-0.00066944
-0.000518241
-0.000398899
-0.000318298
-0.000280192
0.00528003
0.00541473
0.00533133
0.00497108
0.0044133
0.00370623
0.00291024
0.00208567
0.00128821
0.000564485
-5.06991e-05
-0.000536468
-0.000881175
-0.00108026
-0.00118788
-0.00120955
-0.00116168
-0.00106426
-0.000936496
-0.0007961
-0.000658379
-0.000535633
-0.000437101
-0.00036946
-0.000336541
0.00487234
0.00492617
0.00479478
0.00446319
0.00398674
0.00339876
0.00273924
0.00204988
0.001372
0.000742972
0.000193173
-0.000256194
-0.000592793
-0.000803885
-0.000934485
-0.000988381
-0.000978626
-0.000921373
-0.000832762
-0.000728189
-0.000621293
-0.000523359
-0.000443115
-0.000386921
-0.000359428
0.00445271
0.00445975
0.004308
0.00401296
0.00360851
0.00311724
0.00256667
0.00198678
0.00140887
0.000862756
0.00037426
-3.70026e-05
-0.000359105
-0.000577578
-0.000716016
-0.000790218
-0.000808035
-0.000781346
-0.00072367
-0.000648213
-0.000566957
-0.000490086
-0.00042564
-0.000379468
-0.000356389
0.00405194
0.00403387
0.00388053
0.00361742
0.00327235
0.00285962
0.00239792
0.00190895
0.00141629
0.000943399
0.000511733
0.000138729
-0.000164139
-0.000387381
-0.000527098
-0.000614065
-0.000651495
-0.00064791
-0.000614419
-0.000562252
-0.000501882
-0.000442423
-0.000391188
-0.000353504
-0.000334092
0.00366206
0.00364693
0.00350818
0.00327069
0.0029753
0.00262899
0.0022428
0.00183136
0.00141197
0.0010029
0.000621934
0.000284552
2.18062e-06
-0.000216938
-0.000361494
-0.000457507
-0.000508737
-0.000522504
-0.000507786
-0.000474054
-0.000430456
-0.000385127
-0.000344684
-0.000313949
-0.000297485
0.00323243
0.00326981
0.00316104
0.00295934
0.00271607
0.00243223
0.00211269
0.00176794
0.00141127
0.00105725
0.000720807
0.000415779
0.000153304
-5.90857e-05
-0.00020743
-0.000310599
-0.000372932
-0.000400805
-0.000401541
-0.000383156
-0.000353655
-0.000320297
-0.000289044
-0.000264194
-0.000250202
0.0026849
0.00284066
0.00280137
0.00266717
0.00247601
0.00224298
0.00197816
0.00168885
0.00138677
0.00108393
0.000792742
0.000524918
0.000290203
9.52823e-05
-5.45189e-05
-0.000154541
-0.000222784
-0.000262093
-0.000277235
-0.00027448
-0.00026029
-0.000240634
-0.000220473
-0.000203443
-0.00019382
0.00238809
0.00248185
0.00247051
0.00237963
0.00223333
0.00204676
0.00182989
0.00159166
0.00134172
0.00108994
0.000846157
0.000619544
0.000417874
0.000247057
0.000111057
9.11972e-06
-6.50918e-05
-0.000114731
-0.000143601
-0.000156301
-0.00015763
-0.000152071
-0.000143362
-0.000134225
-0.00012844
0.00219337
0.00223972
0.00222643
0.00215639
0.00204039
0.00188864
0.00170987
0.00151222
0.00130377
0.00109264
0.000886716
0.000693277
0.000518548
0.000367324
0.000242662
0.000143893
6.79518e-05
1.26098e-05
-2.48955e-05
-4.78853e-05
-5.98781e-05
-6.42123e-05
-6.36783e-05
-6.03261e-05
-5.74251e-05
0.00204484
0.00206097
0.00204008
0.00197946
0.00188311
0.00175717
0.0016082
0.00144277
0.00126754
0.00108912
0.000913896
0.000747736
0.000595644
0.000461498
0.000347782
0.000254355
0.000179516
0.000121905
7.96411e-05
5.03803e-05
3.15729e-05
2.07511e-05
1.58343e-05
1.52601e-05
1.61807e-05
0.00192412
0.00192186
0.0018942
0.00183817
0.00175502
0.00164826
0.00152247
0.00138273
0.00123431
0.00108254
0.000932554
0.000789076
0.000656151
0.000536958
0.000433624
0.000346352
0.000274282
0.000216679
0.000172344
0.000139674
0.000116852
0.000102069
9.37719e-05
9.07445e-05
9.04562e-05
0.0018235
0.00181008
0.00177793
0.00172488
0.0016512
0.00155895
0.00145129
0.00133202
0.00120525
0.0010752
0.000945991
0.000821408
0.000704744
0.000598632
0.000504925
0.000424067
0.00035573
0.000299626
0.000255063
0.000221001
0.000196186
0.000179318
0.000169237
0.000164965
0.000164156
0.00173877
0.00171855
0.00168391
0.00163339
0.00156702
0.00148606
0.00139274
0.00128987
0.00118063
0.00106835
0.000956291
0.000847509
0.000744687
0.00065002
0.000565132
0.000490621
0.000426511
0.000372821
0.000329238
0.000295157
0.000269772
0.000252194
0.000241585
0.00023715
0.000236523
0.00166701
0.00164273
0.00160704
0.001559
0.00149859
0.00142668
0.00134487
0.00125527
0.00116032
0.00106264
0.000964809
0.0008693
0.000778303
0.000693654
0.000616773
0.000548343
0.000488625
0.000437846
0.000395972
0.00036274
0.00033772
0.000320393
0.000310269
0.000306831
0.000307557
0.00160601
0.00157945
0.00154369
0.00149813
0.0014428
0.00137834
0.00130593
0.00122717
0.00114397
0.00105835
0.000972406
0.000888104
0.000807243
0.000731367
0.000661705
0.000598976
0.000543592
0.000495915
0.000456112
0.000424181
0.000400016
0.00038348
0.000374546
0.000373468
0.000378876
0.001554
0.00152634
0.00149116
0.00144809
0.0013972
0.00133899
0.00127438
0.0012046
0.00113113
0.00105559
0.000979618
0.000904825
0.000832686
0.000764495
0.000701307
0.000643835
0.000592584
0.000547987
0.000510332
0.000479796
0.000456512
0.000440699
0.000432912
0.000435579
0.000449364
0.00150957
0.0014816
0.00144741
0.00140679
0.00135985
0.001307
0.00124896
0.00118669
0.00112138
0.0010543
0.000986765
0.000920085
0.000855473
0.000794016
0.000736612
0.000683937
0.000636534
0.000594859
0.000559247
0.000529935
0.000507111
0.000490933
0.000482197
0.000482421
0.000492311
0.00147156
0.0014438
0.00141087
0.00137264
0.00132925
0.00128104
0.0012286
0.00117271
0.00111429
0.00105438
0.000994031
0.000934312
0.000876223
0.000820671
0.000768407
0.00072008
0.000676219
0.00063726
0.000603539
0.000575312
0.00055278
0.000536098
0.000525597
0.000521776
0.00052431
0.00143901
0.00141183
0.0013803
0.00134438
0.0013042
0.00126007
0.00121247
0.00116202
0.00110949
0.0010557
0.00100152
0.000947799
0.000895372
0.000844988
0.000797309
0.000752912
0.000712282
0.000675814
0.000643818
0.000616527
0.00059411
0.000576652
0.000564166
0.000556561
0.000553088
0.00141114
0.00138477
0.00135472
0.001321
0.00128375
0.00124323
0.00119984
0.00115411
0.00110665
0.00105813
0.00100925
0.000960733
0.000913243
0.000867418
0.000823829
0.000782974
0.000745275
0.000711075
0.000680637
0.000654145
0.000631706
0.000613325
0.000598853
0.000587962
0.000579926
0.00138731
0.00136189
0.00133335
0.00130172
0.00126713
0.00122982
0.00119015
0.00114852
0.00110546
0.00106151
0.00101724
0.000973255
0.000930103
0.00088832
0.000848385
0.000810721
0.000775682
0.000743549
0.000714528
0.000688742
0.000666226
0.000646915
0.000630604
0.000616934
0.000605364
0.00136699
0.0013426
0.00131555
0.00128588
0.00125373
0.00121931
0.00118292
0.0011449
0.00110568
0.00106572
0.0010255
0.000985492
0.000946173
0.000907985
0.000871326
0.000836546
0.000803932
0.000773702
0.000746001
0.000720886
0.000698324
0.000678185
0.000660241
0.000644181
0.000629655
0.00134972
0.0013264
0.0013008
0.00127298
0.00124307
0.00121125
0.00117778
0.00114295
0.00110713
0.00107068
0.00103402
0.000997536
0.000961624
0.00092665
0.000892944
0.000860788
0.000830408
0.000801963
0.000775535
0.000751117
0.000728609
0.000707814
0.000688465
0.000670277
0.000653037
0.00133512
0.00131289
0.00128869
0.00126261
0.00123475
0.00120529
0.00117443
0.00114245
0.00110964
0.00107631
0.0010428
0.00100946
0.000976589
0.000944508
0.000913482
0.000883738
0.000855447
0.000828714
0.000803566
0.000779936
0.000757649
0.000736428
0.00071592
0.000695788
0.000675859
0.00132286
0.00130171
0.00127887
0.00125441
0.00122844
0.00120112
0.00117263
0.00114319
0.00111307
0.00108252
0.00105184
0.0010213
0.000991173
0.000961714
0.000933142
0.000905638
0.000879331
0.000854284
0.000830479
0.000807795
0.000785989
0.000764672
0.000743333
0.000721442
0.00069866
0.00131266
0.00129257
0.00127102
0.00124809
0.00122387
0.0011985
0.00117215
0.00114501
0.00111731
0.00108926
0.00106111
0.0010331
0.00100545
0.000978387
0.000952081
0.000926683
0.000902289
0.000878937
0.000856583
0.000835077
0.000814119
0.000793207
0.000771596
0.000748335
0.000722429
0.00130427
0.00128521
0.0012649
0.0012434
0.0012208
0.00119722
0.00117282
0.00114776
0.00112224
0.00109644
0.00107059
0.00104487
0.00101948
0.000994617
0.000970419
0.000947014
0.000924484
0.000902858
0.000882093
0.000862047
0.000842422
0.000822669
0.000801836
0.000778371
0.000749484
0.00129747
0.00127942
0.00126029
0.00124012
0.00121902
0.0011971
0.00117448
0.00115131
0.00112777
0.00110402
0.00108024
0.00105661
0.0010333
0.00101046
0.000988234
0.000966724
0.000946014
0.000926142
0.000907095
0.000888794
0.00087104
0.000853435
0.00083524
0.000814856
0.000786471
0.00129208
0.00127501
0.00125699
0.00123808
0.00121837
0.00119797
0.00117698
0.00115555
0.00113381
0.00111193
0.00109005
0.00106833
0.00104692
0.00102596
0.00100557
0.000985861
0.000966913
0.000948789
0.000931527
0.000915147
0.000899649
0.000885031
0.000871625
0.000861326
0.000857347
0.00128794
0.0012718
0.00125483
0.00123711
0.0012187
0.0011997
0.00118022
0.00116037
0.00114029
0.00112011
0.00109996
0.00108
0.00106034
0.00104112
0.00102245
0.00100444
0.000987169
0.000970731
0.000955205
0.000940682
0.000927289
0.000915251
0.000905197
0.000898775
0.000897143
0.00128489
0.00126964
0.00125368
0.00123706
0.00121987
0.00120217
0.00118407
0.00116569
0.00114712
0.0011285
0.00110995
0.0010916
0.00107356
0.00105595
0.00103887
0.00102245
0.00100676
0.000991909
0.000978006
0.00096518
0.000953612
0.000943583
0.000935624
0.000930627
0.000928657
0.0012828
0.00126841
0.0012534
0.00123783
0.00122176
0.00120527
0.00118846
0.00117141
0.00115425
0.00113707
0.00111998
0.00110311
0.00108655
0.00107043
0.00105484
0.00103988
0.00102566
0.00101228
0.000999859
0.000988543
0.000978521
0.000970055
0.000963533
0.000959459
0.000957783
0.00128157
0.001268
0.00125388
0.00123929
0.00122427
0.00120891
0.00119329
0.00117748
0.0011616
0.00114574
0.00113001
0.0011145
0.00109932
0.00108456
0.00107034
0.00105674
0.00104386
0.00103182
0.00102073
0.00101073
0.001002
0.000994747
0.000989253
0.000985813
0.000984362
0.00128108
0.00126829
0.00125503
0.00124135
0.00122732
0.00121301
0.00119848
0.00118383
0.00116914
0.00115449
0.00114
0.00112574
0.00111182
0.00109833
0.00108536
0.001073
0.00106135
0.00105051
0.0010406
0.00103174
0.00102408
0.00101779
0.00101306
0.00101006
0.00100873
0.00128125
0.00126919
0.00125674
0.00124393
0.00123082
0.00121748
0.00120398
0.00119039
0.00117679
0.00116327
0.00114992
0.00113682
0.00112406
0.00111172
0.00109989
0.00108867
0.00107813
0.00106837
0.0010595
0.00105162
0.00104486
0.00103934
0.0010352
0.00103254
0.00103131
0.00128199
0.00127064
0.00125894
0.00124694
0.0012347
0.00122226
0.00120971
0.00119711
0.00118452
0.00117204
0.00115974
0.0011477
0.001136
0.00112472
0.00111395
0.00110375
0.00109421
0.00108542
0.00107746
0.00107043
0.00106443
0.00105955
0.00105589
0.00105351
0.00105238
0.00128323
0.00127254
0.00126156
0.00125033
0.00123889
0.0012273
0.00121563
0.00120394
0.0011923
0.00118077
0.00116944
0.00115837
0.00114765
0.00113734
0.00112751
0.00111825
0.00110961
0.00110168
0.00109453
0.00108824
0.00108288
0.00107855
0.00107528
0.00107315
0.00107211
0.0012849
0.00127485
0.00126454
0.00125403
0.00124334
0.00123255
0.0012217
0.00121085
0.00120007
0.00118943
0.00117899
0.00116882
0.00115898
0.00114956
0.0011406
0.00113217
0.00112435
0.00111719
0.00111075
0.0011051
0.00110031
0.00109643
0.00109351
0.00109159
0.00109063
0.00128695
0.0012775
0.00126783
0.00125798
0.001248
0.00123794
0.00122786
0.00121779
0.00120782
0.00119799
0.00118837
0.00117902
0.00117
0.00116138
0.00115321
0.00114555
0.00113845
0.00113197
0.00112617
0.00112109
0.00111679
0.00111331
0.00111069
0.00110895
0.00110807
0.00128931
0.00128043
0.00127136
0.00126215
0.00125283
0.00124346
0.00123408
0.00122474
0.00121551
0.00120643
0.00119756
0.00118897
0.0011807
0.00117281
0.00116536
0.00115839
0.00115195
0.00114608
0.00114084
0.00113627
0.0011324
0.00112926
0.0011269
0.00112532
0.00112452
0.00129195
0.00128361
0.0012751
0.00126648
0.00125778
0.00124905
0.00124033
0.00123167
0.00122312
0.00121473
0.00120656
0.00119866
0.00119107
0.00118386
0.00117705
0.0011707
0.00116486
0.00115954
0.0011548
0.00115067
0.00114718
0.00114436
0.00114222
0.00114079
0.00114006
0.00129483
0.00128698
0.00127901
0.00127095
0.00126282
0.00125469
0.00124658
0.00123854
0.00123063
0.00122288
0.00121535
0.00120808
0.00120112
0.00119452
0.0011883
0.00118252
0.00117721
0.00117239
0.0011681
0.00116436
0.00116121
0.00115866
0.00115673
0.00115543
0.00115476
0.00129789
0.00129053
0.00128305
0.00127551
0.00126793
0.00126035
0.00125281
0.00124535
0.00123802
0.00123086
0.00122392
0.00121723
0.00121085
0.0012048
0.00119912
0.00119386
0.00118902
0.00118465
0.00118076
0.00117738
0.00117453
0.00117223
0.00117047
0.00116929
0.00116867
0.00130112
0.0012942
0.0012872
0.00128014
0.00127306
0.001266
0.00125899
0.00125207
0.00124529
0.00123867
0.00123227
0.00122612
0.00122025
0.00121471
0.00120953
0.00120472
0.00120033
0.00119636
0.00119283
0.00118977
0.00118719
0.0011851
0.00118351
0.00118243
0.00118186
0.00130447
0.00129798
0.00129141
0.00128481
0.00127821
0.00127163
0.00126511
0.00125869
0.0012524
0.00124629
0.00124039
0.00123473
0.00122934
0.00122427
0.00121953
0.00121515
0.00121114
0.00120754
0.00120434
0.00120157
0.00119923
0.00119733
0.00119589
0.0011949
0.00119438
0.00130792
0.00130183
0.00129568
0.00128951
0.00128334
0.00127721
0.00127115
0.00126519
0.00125937
0.00125372
0.00124827
0.00124306
0.00123812
0.00123347
0.00122914
0.00122514
0.00122149
0.00121822
0.00121531
0.0012128
0.00121068
0.00120896
0.00120764
0.00120674
0.00120626
0.00131145
0.00130573
0.00129997
0.0012942
0.00128844
0.00128273
0.0012771
0.00127157
0.00126617
0.00126095
0.00125593
0.00125113
0.00124659
0.00124233
0.00123837
0.00123472
0.0012314
0.00122842
0.00122578
0.0012235
0.00122158
0.00122002
0.00121882
0.00121799
0.00121755
0.00131504
0.00130967
0.00130427
0.00129887
0.0012935
0.00128818
0.00128294
0.00127781
0.00127281
0.00126798
0.00126334
0.00125893
0.00125476
0.00125085
0.00124723
0.0012439
0.00124088
0.00123816
0.00123577
0.0012337
0.00123195
0.00123054
0.00122944
0.00122868
0.00122828
0.00131865
0.00131362
0.00130856
0.00130351
0.0012985
0.00129354
0.00128867
0.0012839
0.00127927
0.00127481
0.00127053
0.00126646
0.00126263
0.00125905
0.00125574
0.0012527
0.00124994
0.00124748
0.0012453
0.00124342
0.00124184
0.00124055
0.00123955
0.00123885
0.00123848
0.00132229
0.00131756
0.00131283
0.00130811
0.00130343
0.0012988
0.00129427
0.00128985
0.00128556
0.00128143
0.00127748
0.00127374
0.00127022
0.00126693
0.0012639
0.00126113
0.00125862
0.00125637
0.0012544
0.00125269
0.00125125
0.00125008
0.00124917
0.00124853
0.00124818
0.00132593
0.00132149
0.00131705
0.00131264
0.00130827
0.00130396
0.00129974
0.00129564
0.00129166
0.00128784
0.0012842
0.00128075
0.00127752
0.00127451
0.00127173
0.0012692
0.00126691
0.00126487
0.00126308
0.00126153
0.00126022
0.00125915
0.00125832
0.00125773
0.00125741
0.00132955
0.00132538
0.00132123
0.0013171
0.00131302
0.00130901
0.00130508
0.00130127
0.00129758
0.00129405
0.00129069
0.00128751
0.00128454
0.00128178
0.00127924
0.00127693
0.00127485
0.00127299
0.00127136
0.00126996
0.00126877
0.0012678
0.00126704
0.00126649
0.00126619
0.00133315
0.00132924
0.00132534
0.00132148
0.00131767
0.00131393
0.00131028
0.00130674
0.00130332
0.00130005
0.00129695
0.00129402
0.00129129
0.00128876
0.00128644
0.00128433
0.00128243
0.00128075
0.00127927
0.00127799
0.00127691
0.00127603
0.00127533
0.00127483
0.00127454
0.00133671
0.00133304
0.00132939
0.00132578
0.00132222
0.00131873
0.00131533
0.00131204
0.00130887
0.00130585
0.00130298
0.00130029
0.00129778
0.00129546
0.00129334
0.00129141
0.00128969
0.00128815
0.00128681
0.00128565
0.00128467
0.00128386
0.00128323
0.00128276
0.00128249
0.00134022
0.00133678
0.00133336
0.00132997
0.00132665
0.0013234
0.00132023
0.00131718
0.00131424
0.00131144
0.0013088
0.00130632
0.00130401
0.00130188
0.00129994
0.00129819
0.00129661
0.00129522
0.001294
0.00129295
0.00129206
0.00129132
0.00129074
0.00129031
0.00129006
0.00134368
0.00134044
0.00133724
0.00133407
0.00133097
0.00132793
0.00132499
0.00132215
0.00131942
0.00131684
0.00131439
0.00131211
0.00130999
0.00130804
0.00130626
0.00130466
0.00130323
0.00130196
0.00130086
0.0012999
0.00129909
0.00129842
0.00129789
0.00129749
0.00129725
0.00134707
0.00134403
0.00134102
0.00133806
0.00133516
0.00133233
0.00132959
0.00132695
0.00132442
0.00132203
0.00131977
0.00131766
0.00131571
0.00131393
0.00131231
0.00131085
0.00130955
0.0013084
0.00130739
0.00130653
0.00130579
0.00130518
0.00130469
0.00130432
0.0013041
0.00135039
0.00134754
0.00134471
0.00134194
0.00133923
0.00133659
0.00133403
0.00133158
0.00132924
0.00132702
0.00132493
0.00132299
0.0013212
0.00131957
0.00131808
0.00131675
0.00131557
0.00131453
0.00131362
0.00131283
0.00131216
0.00131161
0.00131116
0.00131081
0.0013106
0.00135363
0.00135095
0.0013483
0.0013457
0.00134317
0.0013407
0.00133832
0.00133604
0.00133386
0.00133181
0.00132989
0.0013281
0.00132646
0.00132496
0.0013236
0.00132239
0.00132132
0.00132037
0.00131954
0.00131883
0.00131823
0.00131772
0.00131731
0.00131698
0.00131678
0.00135679
0.00135427
0.00135178
0.00134935
0.00134697
0.00134467
0.00134245
0.00134033
0.00133831
0.00133641
0.00133463
0.00133299
0.00133148
0.0013301
0.00132887
0.00132777
0.00132679
0.00132593
0.00132519
0.00132454
0.00132399
0.00132353
0.00132314
0.00132284
0.00132265
0.00135986
0.00135749
0.00135515
0.00135287
0.00135065
0.00134849
0.00134643
0.00134445
0.00134258
0.00134082
0.00133918
0.00133766
0.00133628
0.00133502
0.00133389
0.00133289
0.001332
0.00133122
0.00133055
0.00132996
0.00132946
0.00132904
0.00132869
0.0013284
0.00132822
0.00136284
0.0013606
0.00135841
0.00135626
0.00135418
0.00135217
0.00135024
0.00134841
0.00134667
0.00134504
0.00134352
0.00134213
0.00134085
0.0013397
0.00133867
0.00133776
0.00133696
0.00133626
0.00133564
0.00133512
0.00133466
0.00133427
0.00133394
0.00133368
0.0013335
0.00136572
0.00136361
0.00136154
0.00135953
0.00135758
0.0013557
0.0013539
0.00135219
0.00135058
0.00134907
0.00134767
0.00134638
0.00134522
0.00134416
0.00134323
0.0013424
0.00134167
0.00134103
0.00134048
0.00134
0.00133959
0.00133923
0.00133893
0.00133867
0.0013385
0.00136849
0.0013665
0.00136456
0.00136267
0.00136084
0.00135909
0.00135741
0.00135581
0.00135431
0.00135292
0.00135162
0.00135044
0.00134937
0.00134841
0.00134755
0.0013468
0.00134614
0.00134557
0.00134507
0.00134463
0.00134426
0.00134393
0.00134364
0.0013434
0.00134323
0.00137116
0.00136929
0.00136746
0.00136568
0.00136396
0.00136232
0.00136075
0.00135927
0.00135788
0.00135658
0.00135539
0.0013543
0.00135331
0.00135243
0.00135166
0.00135098
0.00135038
0.00134986
0.00134941
0.00134902
0.00134868
0.00134837
0.00134811
0.00134787
0.00134771
0.00137372
0.00137195
0.00137023
0.00136855
0.00136694
0.0013654
0.00136394
0.00136256
0.00136126
0.00136006
0.00135896
0.00135796
0.00135706
0.00135625
0.00135555
0.00135493
0.00135439
0.00135393
0.00135352
0.00135317
0.00135285
0.00135257
0.00135232
0.00135209
0.00135193
0.00137617
0.0013745
0.00137287
0.00137129
0.00136978
0.00136834
0.00136697
0.00136568
0.00136448
0.00136336
0.00136235
0.00136143
0.0013606
0.00135987
0.00135923
0.00135867
0.00135819
0.00135777
0.0013574
0.00135708
0.00135679
0.00135653
0.00135629
0.00135607
0.00135591
0.00137851
0.00137692
0.00137538
0.0013739
0.00137248
0.00137112
0.00136984
0.00136864
0.00136752
0.00136649
0.00136555
0.0013647
0.00136395
0.00136328
0.0013627
0.0013622
0.00136177
0.00136139
0.00136106
0.00136077
0.00136051
0.00136027
0.00136004
0.00135982
0.00135965
0.00138072
0.00137922
0.00137777
0.00137637
0.00137503
0.00137376
0.00137256
0.00137144
0.0013704
0.00136944
0.00136857
0.0013678
0.00136711
0.0013665
0.00136598
0.00136553
0.00136514
0.00136481
0.00136451
0.00136425
0.00136401
0.00136378
0.00136356
0.00136334
0.00136317
0.00138282
0.0013814
0.00138002
0.0013787
0.00137743
0.00137624
0.00137512
0.00137407
0.0013731
0.00137222
0.00137142
0.0013707
0.00137008
0.00136953
0.00136906
0.00136866
0.00136831
0.00136801
0.00136775
0.00136751
0.00136729
0.00136708
0.00136686
0.00136664
0.00136646
0.0013848
0.00138344
0.00138214
0.00138088
0.00137969
0.00137857
0.00137752
0.00137654
0.00137564
0.00137482
0.00137408
0.00137343
0.00137286
0.00137237
0.00137195
0.00137159
0.00137129
0.00137102
0.00137079
0.00137058
0.00137037
0.00137017
0.00136996
0.00136973
0.00136954
0.00138665
0.00138536
0.00138412
0.00138293
0.00138181
0.00138075
0.00137976
0.00137885
0.00137801
0.00137725
0.00137657
0.00137598
0.00137546
0.00137502
0.00137465
0.00137433
0.00137407
0.00137384
0.00137364
0.00137345
0.00137326
0.00137306
0.00137285
0.00137262
0.00137242
0.00138838
0.00138715
0.00138597
0.00138484
0.00138378
0.00138278
0.00138185
0.00138099
0.00138021
0.00137951
0.00137889
0.00137835
0.00137788
0.00137749
0.00137716
0.00137689
0.00137666
0.00137647
0.00137629
0.00137613
0.00137596
0.00137577
0.00137556
0.00137532
0.0013751
0.00138998
0.0013888
0.00138767
0.0013866
0.0013856
0.00138465
0.00138378
0.00138298
0.00138225
0.0013816
0.00138103
0.00138054
0.00138012
0.00137977
0.00137949
0.00137926
0.00137907
0.00137891
0.00137877
0.00137863
0.00137847
0.0013783
0.00137808
0.00137783
0.00137759
0.00139145
0.00139032
0.00138924
0.00138822
0.00138727
0.00138637
0.00138555
0.0013848
0.00138412
0.00138352
0.001383
0.00138255
0.00138218
0.00138188
0.00138164
0.00138145
0.00138131
0.00138118
0.00138107
0.00138096
0.00138082
0.00138065
0.00138044
0.00138016
0.0013799
0.00139279
0.00139171
0.00139067
0.0013897
0.00138879
0.00138794
0.00138716
0.00138646
0.00138583
0.00138527
0.0013848
0.00138439
0.00138407
0.00138381
0.00138361
0.00138347
0.00138336
0.00138328
0.00138321
0.00138312
0.00138301
0.00138286
0.00138264
0.00138234
0.00138204
0.001394
0.00139296
0.00139196
0.00139103
0.00139016
0.00138935
0.00138862
0.00138795
0.00138736
0.00138685
0.00138642
0.00138606
0.00138577
0.00138556
0.00138541
0.00138531
0.00138524
0.00138521
0.00138518
0.00138513
0.00138505
0.00138492
0.0013847
0.00138438
0.00138403
0.00139508
0.00139407
0.00139311
0.00139221
0.00139138
0.00139061
0.00138991
0.00138928
0.00138873
0.00138826
0.00138786
0.00138754
0.0013873
0.00138713
0.00138702
0.00138697
0.00138696
0.00138697
0.00138699
0.001387
0.00138696
0.00138686
0.00138665
0.0013863
0.0013859
0.00139602
0.00139504
0.00139412
0.00139325
0.00139245
0.00139171
0.00139104
0.00139045
0.00138993
0.00138949
0.00138913
0.00138885
0.00138865
0.00138852
0.00138845
0.00138845
0.00138849
0.00138856
0.00138865
0.00138872
0.00138875
0.0013887
0.00138852
0.00138814
0.00138768
0.00139683
0.00139588
0.00139498
0.00139414
0.00139336
0.00139266
0.00139202
0.00139145
0.00139097
0.00139056
0.00139023
0.00138998
0.00138981
0.00138972
0.0013897
0.00138975
0.00138985
0.00138999
0.00139015
0.00139031
0.00139044
0.00139047
0.00139035
0.00138996
0.00138944
0.00139751
0.00139658
0.0013957
0.00139488
0.00139413
0.00139345
0.00139283
0.00139229
0.00139183
0.00139144
0.00139114
0.00139092
0.00139078
0.00139073
0.00139075
0.00139085
0.00139102
0.00139124
0.0013915
0.00139177
0.00139202
0.0013922
0.0013922
0.00139185
0.00139128
0.00139805
0.00139714
0.00139628
0.00139548
0.00139475
0.00139408
0.00139349
0.00139296
0.00139252
0.00139216
0.00139187
0.00139168
0.00139157
0.00139154
0.00139161
0.00139176
0.00139198
0.00139229
0.00139266
0.00139308
0.00139352
0.00139392
0.00139414
0.00139393
0.00139344
0.00139846
0.00139756
0.00139672
0.00139593
0.00139521
0.00139456
0.00139398
0.00139347
0.00139304
0.00139269
0.00139243
0.00139225
0.00139216
0.00139216
0.00139225
0.00139244
0.00139273
0.00139312
0.00139362
0.00139421
0.0013949
0.00139563
0.00139625
0.00139642
0.00139624
0.00139874
0.00139785
0.00139702
0.00139624
0.00139553
0.00139489
0.00139432
0.00139382
0.0013934
0.00139305
0.0013928
0.00139263
0.00139255
0.00139256
0.00139268
0.00139289
0.00139323
0.00139369
0.0013943
0.00139509
0.00139607
0.00139727
0.00139858
0.00139971
0.00140063
0.00139889
0.001398
0.00139718
0.00139641
0.0013957
0.00139507
0.0013945
0.001394
0.00139358
0.00139324
0.00139298
0.00139281
0.00139273
0.00139275
0.00139286
0.00139309
0.00139344
0.00139394
0.00139463
0.00139557
0.00139687
0.00139864
0.00140108
0.00140473
0.0014098
0.00139894
0.00139805
0.00139723
0.00139646
0.00139576
0.00139512
0.00139455
0.00139406
0.00139363
0.00139329
0.00139303
0.00139285
0.00139276
0.00139276
0.00139287
0.00139308
0.00139342
0.00139392
0.00139463
0.00139566
0.00139719
0.00139949
0.00140327
0.00141133
0.00142779
0.000507797
0.000521941
0.00053229
0.000537489
0.000539306
0.000538885
0.000536861
0.000533665
0.000529619
0.000524961
0.00051987
0.000514479
0.00050889
0.000503179
0.000497404
0.000491608
0.000485823
0.000480074
0.000474377
0.000468745
0.000463186
0.000457705
0.000452305
0.000446985
0.000441745
0.000436584
0.000431498
0.000426485
0.00042154
0.00041666
0.00041184
0.000407077
0.000402366
0.000397703
0.000393083
0.000388504
0.000383962
0.000379452
0.000374972
0.000370517
0.000366086
0.000361674
0.00035728
0.000352901
0.000348534
0.000344177
0.000339828
0.000335484
0.000331145
0.000326808
0.000322472
0.000318135
0.000313796
0.000309453
0.000305106
0.000300754
0.000296395
0.000292029
0.000287655
0.000283272
0.00027888
0.000274478
0.000270066
0.000265643
0.000261209
0.000256764
0.000252307
0.000247838
0.000243357
0.000238864
0.000234359
0.000229842
0.000225313
0.000220771
0.000216218
0.000211652
0.000207075
0.000202486
0.000197885
0.000193273
0.00018865
0.000184016
0.000179371
0.000174716
0.00017005
0.000165375
0.000160689
0.000155994
0.00015129
0.000146577
0.000141855
0.000137125
0.000132387
0.000127641
0.000122888
0.000118127
0.00011336
0.000108586
0.000103805
9.9019e-05
9.42271e-05
8.94298e-05
8.46274e-05
7.98203e-05
7.50086e-05
7.01927e-05
6.53729e-05
6.05495e-05
5.57227e-05
5.08929e-05
4.60603e-05
4.12251e-05
3.63877e-05
3.15484e-05
2.67074e-05
2.1865e-05
1.70215e-05
1.2176e-05
7.32748e-06
2.44425e-06
0.000529235
0.000534626
0.000539751
0.000542455
0.000542831
0.000541453
0.000538764
0.000535094
0.0005307
0.000525783
0.000520495
0.000514954
0.000509249
0.000503449
0.000497605
0.000491756
0.00048593
0.00048015
0.000474429
0.00046878
0.000463208
0.000457717
0.000452309
0.000446984
0.000441741
0.000436577
0.00043149
0.000426476
0.000421531
0.00041665
0.000411831
0.000407067
0.000402357
0.000397694
0.000393075
0.000388497
0.000383955
0.000379446
0.000374966
0.000370512
0.000366081
0.000361671
0.000357277
0.000352898
0.000348532
0.000344175
0.000339826
0.000335483
0.000331144
0.000326808
0.000322472
0.000318135
0.000313796
0.000309454
0.000305108
0.000300755
0.000296397
0.000292031
0.000287657
0.000283274
0.000278882
0.000274481
0.000270068
0.000265646
0.000261212
0.000256766
0.000252309
0.00024784
0.00024336
0.000238867
0.000234362
0.000229845
0.000225315
0.000220774
0.00021622
0.000211655
0.000207078
0.000202489
0.000197888
0.000193276
0.000188653
0.000184019
0.000179374
0.000174718
0.000170053
0.000165377
0.000160691
0.000155996
0.000151292
0.000146579
0.000141857
0.000137127
0.000132389
0.000127643
0.000122889
0.000118128
0.000113361
0.000108587
0.000103807
9.90202e-05
9.42283e-05
8.94309e-05
8.46285e-05
7.98212e-05
7.50095e-05
7.01936e-05
6.53737e-05
6.05502e-05
5.57234e-05
5.08935e-05
4.60608e-05
4.12256e-05
3.63881e-05
3.15487e-05
2.67076e-05
2.18652e-05
1.70217e-05
1.21764e-05
7.32925e-06
2.44569e-06
0.000551169
0.000550861
0.000551154
0.000550584
0.000548787
0.000545895
0.000542117
0.000537648
0.000532658
0.000527289
0.000521656
0.000515849
0.000509939
0.000503979
0.000498011
0.000492065
0.000486165
0.000480327
0.000474562
0.000468878
0.00046328
0.000457769
0.000452346
0.000447009
0.000441758
0.000436588
0.000431496
0.000426478
0.00042153
0.000416648
0.000411827
0.000407063
0.000402352
0.000397689
0.000393071
0.000388493
0.000383951
0.000379442
0.000374962
0.000370509
0.000366079
0.000361668
0.000357275
0.000352897
0.00034853
0.000344174
0.000339826
0.000335483
0.000331144
0.000326808
0.000322472
0.000318136
0.000313797
0.000309455
0.000305109
0.000300757
0.000296398
0.000292033
0.000287659
0.000283276
0.000278884
0.000274483
0.000270071
0.000265648
0.000261214
0.000256768
0.000252311
0.000247843
0.000243362
0.000238869
0.000234364
0.000229847
0.000225318
0.000220776
0.000216223
0.000211657
0.00020708
0.000202491
0.00019789
0.000193278
0.000188655
0.000184021
0.000179376
0.00017472
0.000170054
0.000165379
0.000160693
0.000155998
0.000151294
0.00014658
0.000141858
0.000137128
0.00013239
0.000127644
0.00012289
0.00011813
0.000113362
0.000108588
0.000103808
9.90212e-05
9.42292e-05
8.94318e-05
8.46293e-05
7.9822e-05
7.50102e-05
7.01942e-05
6.53743e-05
6.05507e-05
5.57238e-05
5.08939e-05
4.60611e-05
4.12259e-05
3.63884e-05
3.15489e-05
2.67078e-05
2.18654e-05
1.7022e-05
1.2177e-05
7.32972e-06
2.44583e-06
0.000573399
0.000568518
0.000564603
0.000560749
0.000556517
0.000551811
0.000546667
0.00054116
0.000535378
0.000529401
0.000523298
0.000517127
0.000510933
0.000504752
0.000498611
0.000492531
0.000486526
0.000480606
0.000474777
0.000469044
0.000463407
0.000457866
0.00045242
0.000447065
0.0004418
0.000436619
0.000431519
0.000426495
0.000421543
0.000416657
0.000411834
0.000407068
0.000402355
0.000397691
0.000393072
0.000388493
0.000383951
0.000379442
0.000374962
0.000370509
0.000366078
0.000361668
0.000357275
0.000352896
0.00034853
0.000344174
0.000339825
0.000335483
0.000331144
0.000326808
0.000322472
0.000318136
0.000313797
0.000309456
0.000305109
0.000300757
0.000296399
0.000292033
0.000287659
0.000283277
0.000278885
0.000274483
0.000270071
0.000265648
0.000261215
0.000256769
0.000252312
0.000247843
0.000243363
0.00023887
0.000234365
0.000229848
0.000225318
0.000220777
0.000216223
0.000211658
0.000207081
0.000202491
0.000197891
0.000193279
0.000188656
0.000184021
0.000179376
0.000174721
0.000170055
0.000165379
0.000160694
0.000155998
0.000151294
0.000146581
0.000141859
0.000137129
0.00013239
0.000127644
0.000122891
0.00011813
0.000113362
0.000108588
0.000103808
9.90215e-05
9.42294e-05
8.9432e-05
8.46294e-05
7.98221e-05
7.50103e-05
7.01943e-05
6.53744e-05
6.05508e-05
5.57239e-05
5.08939e-05
4.60612e-05
4.12259e-05
3.63884e-05
3.15489e-05
2.67078e-05
2.18654e-05
1.70221e-05
1.21772e-05
7.32984e-06
2.44588e-06
0.000595251
0.000586583
0.000579041
0.000572105
0.000565403
0.000558749
0.000552078
0.000545384
0.000538679
0.000531983
0.00052532
0.00051871
0.000512174
0.000505724
0.000499373
0.000493128
0.000486993
0.000480971
0.000475063
0.000469268
0.000463582
0.000458003
0.000452528
0.00044715
0.000441867
0.000436672
0.000431561
0.000426529
0.000421569
0.000416679
0.000411851
0.000407082
0.000402367
0.000397701
0.000393079
0.000388499
0.000383956
0.000379446
0.000374966
0.000370511
0.00036608
0.00036167
0.000357276
0.000352897
0.000348531
0.000344175
0.000339826
0.000335483
0.000331144
0.000326808
0.000322472
0.000318136
0.000313797
0.000309455
0.000305109
0.000300757
0.000296398
0.000292032
0.000287659
0.000283276
0.000278884
0.000274482
0.00027007
0.000265647
0.000261213
0.000256768
0.000252311
0.000247842
0.000243362
0.000238869
0.000234364
0.000229847
0.000225317
0.000220776
0.000216222
0.000211657
0.000207079
0.00020249
0.00019789
0.000193278
0.000188655
0.00018402
0.000179375
0.00017472
0.000170054
0.000165378
0.000160693
0.000155998
0.000151293
0.00014658
0.000141858
0.000137128
0.00013239
0.000127644
0.00012289
0.000118129
0.000113362
0.000108588
0.000103807
9.90209e-05
9.42288e-05
8.94314e-05
8.46289e-05
7.98216e-05
7.50098e-05
7.01938e-05
6.53739e-05
6.05504e-05
5.57235e-05
5.08935e-05
4.60608e-05
4.12255e-05
3.6388e-05
3.15486e-05
2.67076e-05
2.18652e-05
1.7022e-05
1.21771e-05
7.32983e-06
2.44592e-06
0.000616378
0.000604412
0.000593673
0.000583902
0.000574821
0.000566208
0.00055796
0.000550017
0.000542328
0.000534858
0.000527584
0.000520494
0.000513579
0.000506832
0.000500246
0.000493816
0.000487536
0.000481401
0.000475403
0.000469537
0.000463796
0.000458174
0.000452664
0.00044726
0.000441955
0.000436744
0.000431619
0.000426576
0.000421609
0.000416711
0.000411878
0.000407105
0.000402386
0.000397717
0.000393093
0.000388511
0.000383966
0.000379454
0.000374973
0.000370517
0.000366085
0.000361674
0.000357279
0.0003529
0.000348533
0.000344176
0.000339827
0.000335484
0.000331144
0.000326808
0.000322471
0.000318135
0.000313796
0.000309453
0.000305107
0.000300755
0.000296396
0.00029203
0.000287656
0.000283273
0.000278881
0.00027448
0.000270067
0.000265644
0.00026121
0.000256765
0.000252308
0.000247839
0.000243358
0.000238866
0.000234361
0.000229843
0.000225314
0.000220773
0.000216219
0.000211654
0.000207076
0.000202487
0.000197887
0.000193275
0.000188652
0.000184018
0.000179373
0.000174717
0.000170051
0.000165376
0.00016069
0.000155995
0.000151291
0.000146578
0.000141856
0.000137126
0.000132388
0.000127642
0.000122888
0.000118128
0.00011336
0.000108586
0.000103806
9.90193e-05
9.42273e-05
8.943e-05
8.46276e-05
7.98203e-05
7.50086e-05
7.01927e-05
6.53729e-05
6.05494e-05
5.57226e-05
5.08927e-05
4.606e-05
4.12248e-05
3.63874e-05
3.15481e-05
2.67071e-05
2.18649e-05
1.70217e-05
1.21769e-05
7.32971e-06
2.44598e-06
0.000636715
0.000621636
0.00060794
0.000595535
0.000584191
0.000573692
0.000563919
0.000554751
0.000546082
0.000537831
0.000529938
0.000522358
0.000515054
0.000508
0.000501172
0.000494551
0.00048812
0.000481865
0.000475773
0.000469833
0.000464034
0.000458365
0.000452819
0.000447386
0.000442059
0.000436829
0.000431691
0.000426636
0.000421659
0.000416754
0.000411914
0.000407136
0.000402412
0.00039774
0.000393113
0.000388528
0.000383981
0.000379467
0.000374983
0.000370527
0.000366093
0.00036168
0.000357285
0.000352904
0.000348536
0.000344178
0.000339828
0.000335484
0.000331144
0.000326807
0.00032247
0.000318133
0.000313794
0.000309451
0.000305104
0.000300751
0.000296392
0.000292026
0.000287652
0.000283269
0.000278877
0.000274475
0.000270063
0.00026564
0.000261206
0.00025676
0.000252303
0.000247834
0.000243353
0.00023886
0.000234355
0.000229838
0.000225309
0.000220768
0.000216214
0.000211649
0.000207072
0.000202483
0.000197882
0.00019327
0.000188647
0.000184013
0.000179368
0.000174713
0.000170047
0.000165372
0.000160686
0.000155991
0.000151287
0.000146574
0.000141852
0.000137122
0.000132384
0.000127638
0.000122885
0.000118125
0.000113357
0.000108583
0.000103803
9.90169e-05
9.42251e-05
8.94278e-05
8.46255e-05
7.98184e-05
7.50068e-05
7.0191e-05
6.53712e-05
6.05479e-05
5.57212e-05
5.08914e-05
4.60588e-05
4.12238e-05
3.63865e-05
3.15472e-05
2.67064e-05
2.18643e-05
1.70212e-05
1.21765e-05
7.32952e-06
2.44592e-06
0.000656302
0.000638022
0.000621437
0.000606497
0.000593016
0.00058078
0.000569596
0.000559285
0.000549695
0.000540708
0.000532227
0.000524178
0.000516502
0.000509152
0.00050209
0.000495283
0.000488705
0.000482334
0.000476151
0.000470138
0.000464281
0.000458567
0.000452985
0.000447523
0.000442173
0.000436925
0.000431771
0.000426704
0.000421717
0.000416804
0.000411958
0.000407173
0.000402445
0.000397768
0.000393138
0.000388549
0.000383999
0.000379483
0.000374997
0.000370538
0.000366103
0.000361688
0.000357291
0.000352909
0.00034854
0.000344181
0.00033983
0.000335485
0.000331144
0.000326806
0.000322469
0.000318131
0.000313791
0.000309448
0.0003051
0.000300747
0.000296388
0.000292021
0.000287647
0.000283263
0.000278871
0.000274469
0.000270056
0.000265633
0.000261199
0.000256753
0.000252296
0.000247827
0.000243346
0.000238854
0.000234349
0.000229831
0.000225302
0.000220761
0.000216207
0.000211642
0.000207065
0.000202476
0.000197876
0.000193264
0.000188641
0.000184007
0.000179362
0.000174707
0.000170042
0.000165366
0.000160681
0.000155986
0.000151282
0.000146569
0.000141848
0.000137118
0.00013238
0.000127634
0.000122881
0.000118121
0.000113354
0.00010858
0.0001038
9.90137e-05
9.4222e-05
8.94249e-05
8.46228e-05
7.98158e-05
7.50044e-05
7.01887e-05
6.53691e-05
6.05459e-05
5.57194e-05
5.08897e-05
4.60573e-05
4.12224e-05
3.63852e-05
3.15462e-05
2.67055e-05
2.18635e-05
1.70206e-05
1.21762e-05
7.32928e-06
2.44575e-06
0.000675229
0.000653311
0.000633744
0.000616363
0.000600907
0.0005871
0.00057466
0.00056334
0.00055294
0.000543301
0.000534299
0.000525834
0.000517826
0.000510211
0.000502938
0.000495964
0.000489254
0.000482777
0.00047651
0.000470431
0.000464522
0.000458766
0.00045315
0.000447662
0.00044229
0.000437024
0.000431856
0.000426777
0.000421781
0.000416859
0.000412006
0.000407215
0.000402482
0.000397801
0.000393166
0.000388575
0.000384021
0.000379502
0.000375014
0.000370552
0.000366115
0.000361698
0.0003573
0.000352916
0.000348545
0.000344185
0.000339833
0.000335487
0.000331145
0.000326806
0.000322467
0.000318128
0.000313788
0.000309444
0.000305095
0.000300742
0.000296382
0.000292015
0.00028764
0.000283257
0.000278864
0.000274461
0.000270049
0.000265625
0.000261191
0.000256745
0.000252288
0.000247819
0.000243338
0.000238845
0.00023434
0.000229823
0.000225294
0.000220753
0.000216199
0.000211634
0.000207057
0.000202468
0.000197868
0.000193257
0.000188634
0.000184
0.000179355
0.0001747
0.000170035
0.00016536
0.000160675
0.00015598
0.000151276
0.000146564
0.000141842
0.000137113
0.000132375
0.000127629
0.000122876
0.000118116
0.000113349
0.000108576
0.000103796
9.90099e-05
9.42184e-05
8.94215e-05
8.46195e-05
7.98128e-05
7.50015e-05
7.0186e-05
6.53666e-05
6.05436e-05
5.57172e-05
5.08878e-05
4.60555e-05
4.12208e-05
3.63838e-05
3.15449e-05
2.67044e-05
2.18626e-05
1.70199e-05
1.21757e-05
7.32895e-06
2.4456e-06
0.000693469
0.000666992
0.000644294
0.000624621
0.000607433
0.000592301
0.000578827
0.000566686
0.000555627
0.000545459
0.000536032
0.000527225
0.000518944
0.000511111
0.000503664
0.000496551
0.000489731
0.000483167
0.000476831
0.000470696
0.000464742
0.000458951
0.000453307
0.000447795
0.000442404
0.000437123
0.000431942
0.000426852
0.000421847
0.000416917
0.000412057
0.000407261
0.000402522
0.000397836
0.000393198
0.000388603
0.000384046
0.000379524
0.000375033
0.000370569
0.000366129
0.00036171
0.00035731
0.000352924
0.000348552
0.00034419
0.000339836
0.000335489
0.000331146
0.000326805
0.000322466
0.000318126
0.000313784
0.00030944
0.000305091
0.000300737
0.000296376
0.000292009
0.000287633
0.000283249
0.000278856
0.000274454
0.000270041
0.000265617
0.000261182
0.000256737
0.000252279
0.00024781
0.000243329
0.000238836
0.000234331
0.000229814
0.000225285
0.000220744
0.000216191
0.000211625
0.000207048
0.00020246
0.00019786
0.000193248
0.000188626
0.000183992
0.000179348
0.000174693
0.000170028
0.000165353
0.000160668
0.000155973
0.00015127
0.000146557
0.000141836
0.000137107
0.000132369
0.000127624
0.000122871
0.000118111
0.000113344
0.000108571
0.000103791
9.90057e-05
9.42144e-05
8.94177e-05
8.4616e-05
7.98094e-05
7.49983e-05
7.01831e-05
6.53639e-05
6.0541e-05
5.57149e-05
5.08856e-05
4.60536e-05
4.1219e-05
3.63823e-05
3.15436e-05
2.67032e-05
2.18616e-05
1.70191e-05
1.21749e-05
7.32852e-06
2.44545e-06
0.000709998
0.000677666
0.000652135
0.000630628
0.000612152
0.000596071
0.000581871
0.000569148
0.000557617
0.000547067
0.000537329
0.000528273
0.000519791
0.000511797
0.000504222
0.000497008
0.000490106
0.000483477
0.000477089
0.000470913
0.000464926
0.000459108
0.000453442
0.000447912
0.000442506
0.000437213
0.000432021
0.000426923
0.000421909
0.000416973
0.000412107
0.000407306
0.000402563
0.000397872
0.00039323
0.000388631
0.000384071
0.000379546
0.000375052
0.000370586
0.000366144
0.000361723
0.00035732
0.000352933
0.000348559
0.000344195
0.00033984
0.000335491
0.000331147
0.000326806
0.000322465
0.000318124
0.000313782
0.000309436
0.000305087
0.000300732
0.000296371
0.000292003
0.000287627
0.000283243
0.000278849
0.000274446
0.000270033
0.000265609
0.000261174
0.000256728
0.000252271
0.000247801
0.00024332
0.000238827
0.000234322
0.000229805
0.000225276
0.000220735
0.000216182
0.000211617
0.00020704
0.000202451
0.000197851
0.00019324
0.000188618
0.000183984
0.00017934
0.000174685
0.00017002
0.000165345
0.000160661
0.000155967
0.000151263
0.000146551
0.00014183
0.000137101
0.000132363
0.000127618
0.000122866
0.000118106
0.000113339
0.000108566
0.000103787
9.90015e-05
9.42104e-05
8.94139e-05
8.46124e-05
7.9806e-05
7.49952e-05
7.01801e-05
6.53611e-05
6.05385e-05
5.57125e-05
5.08835e-05
4.60516e-05
4.12173e-05
3.63807e-05
3.15422e-05
2.67021e-05
2.18607e-05
1.70182e-05
1.21738e-05
7.32781e-06
2.44523e-06
0.000722114
0.000683656
0.000656632
0.000633993
0.000614762
0.000598211
0.000583633
0.000570593
0.000558798
0.000548028
0.000538111
0.000528908
0.000520308
0.00051222
0.000504569
0.000497295
0.000490344
0.000483677
0.000477258
0.000471057
0.00046505
0.000459215
0.000453535
0.000447995
0.00044258
0.000437278
0.00043208
0.000426976
0.000421958
0.000417017
0.000412147
0.000407342
0.000402595
0.000397902
0.000393256
0.000388655
0.000384092
0.000379565
0.000375069
0.000370601
0.000366157
0.000361734
0.00035733
0.000352941
0.000348566
0.000344201
0.000339844
0.000335494
0.000331149
0.000326807
0.000322465
0.000318124
0.000313781
0.000309434
0.000305084
0.000300729
0.000296367
0.000291999
0.000287622
0.000283238
0.000278844
0.00027444
0.000270027
0.000265603
0.000261168
0.000256722
0.000252264
0.000247795
0.000243314
0.000238821
0.000234316
0.000229799
0.000225269
0.000220728
0.000216175
0.00021161
0.000207033
0.000202445
0.000197845
0.000193234
0.000188611
0.000183978
0.000179334
0.000174679
0.000170015
0.00016534
0.000160655
0.000155961
0.000151258
0.000146546
0.000141825
0.000137096
0.000132359
0.000127614
0.000122862
0.000118102
0.000113336
0.000108563
0.000103783
9.89982e-05
9.42073e-05
8.9411e-05
8.46096e-05
7.98034e-05
7.49927e-05
7.01778e-05
6.5359e-05
6.05365e-05
5.57107e-05
5.08818e-05
4.60501e-05
4.1216e-05
3.63796e-05
3.15412e-05
2.67012e-05
2.18599e-05
1.70176e-05
1.21732e-05
7.32588e-06
2.44374e-06
)
;

boundaryField
{
    frontWall
    {
        type            empty;
    }
    backWall
    {
        type            empty;
    }
    sideWall
    {
        type            zeroGradient;
    }
    outlet
    {
        type            fixedValue;
        value           uniform 0;
    }
    inlet
    {
        type            zeroGradient;
    }
}


// ************************************************************************* //
