/*--------------------------------*- C++ -*----------------------------------*\
  =========                 |
  \\      /  F ield         | OpenFOAM: The Open Source CFD Toolbox
   \\    /   O peration     | Website:  https://openfoam.org
    \\  /    A nd           | Version:  13
     \\/     M anipulation  |
\*---------------------------------------------------------------------------*/
FoamFile
{
    format      ascii;
    class       volScalarField;
    location    "8";
    object      p;
}
// * * * * * * * * * * * * * * * * * * * * * * * * * * * * * * * * * * * * * //

dimensions      [0 2 -2 0 0 0 0];

internalField   nonuniform List<scalar> 
6440
(
6.06216e-05
6.06691e-05
6.07128e-05
6.07846e-05
6.09311e-05
6.12154e-05
6.17153e-05
6.25107e-05
6.36775e-05
6.52891e-05
6.74003e-05
7.00417e-05
7.32112e-05
7.68705e-05
8.09473e-05
8.53445e-05
8.99424e-05
9.46071e-05
9.92204e-05
0.000103696
0.000108001
0.000112137
0.000115998
0.000119614
0.000122646
6.03096e-05
6.02721e-05
6.01529e-05
5.99715e-05
5.97654e-05
5.95916e-05
5.95198e-05
5.96337e-05
6.00186e-05
6.07641e-05
6.19578e-05
6.36777e-05
6.59889e-05
6.89363e-05
7.25383e-05
7.67846e-05
8.16328e-05
8.70185e-05
9.2855e-05
9.90461e-05
0.000105499
0.000112124
0.000118607
0.000124632
0.000129825
6.02247e-05
6.00846e-05
5.97755e-05
5.93105e-05
5.87192e-05
5.80594e-05
5.74e-05
5.68257e-05
5.64368e-05
5.63469e-05
5.66661e-05
5.75154e-05
5.90122e-05
6.1263e-05
6.43573e-05
6.83514e-05
7.32682e-05
7.90836e-05
8.57305e-05
9.31038e-05
0.000101067
0.000109454
0.000117817
0.000125448
0.000131687
6.0758e-05
6.05243e-05
6.00462e-05
5.93315e-05
5.8408e-05
5.73375e-05
5.61936e-05
5.50675e-05
5.4067e-05
5.33173e-05
5.29559e-05
5.31333e-05
5.40057e-05
5.57096e-05
5.83793e-05
6.21174e-05
6.69762e-05
7.29544e-05
7.99937e-05
8.7985e-05
9.67716e-05
0.000106158
0.000115663
0.000124362
0.000131387
6.2123e-05
6.18015e-05
6.11709e-05
6.02309e-05
5.90102e-05
5.75755e-05
5.60052e-05
5.43972e-05
5.28684e-05
5.15545e-05
5.06085e-05
5.01958e-05
5.04907e-05
5.16764e-05
5.39175e-05
5.73299e-05
6.19928e-05
6.79193e-05
7.50625e-05
8.3318e-05
9.25308e-05
0.000102514
0.000112801
0.000122351
0.000130112
6.43945e-05
6.39877e-05
6.32144e-05
6.20647e-05
6.05636e-05
5.87868e-05
5.68168e-05
5.47567e-05
5.273e-05
5.08806e-05
4.93717e-05
4.83807e-05
4.80963e-05
4.87122e-05
5.04272e-05
5.34015e-05
5.77162e-05
6.34143e-05
7.04703e-05
7.87825e-05
8.82338e-05
9.86547e-05
0.000109587
0.000119897
0.000128338
6.75752e-05
6.70869e-05
6.61786e-05
6.48285e-05
6.30667e-05
6.09645e-05
5.86121e-05
5.61165e-05
5.36053e-05
5.12276e-05
4.9152e-05
4.7563e-05
4.66588e-05
4.66447e-05
4.77271e-05
5.01155e-05
5.39364e-05
5.92484e-05
6.60653e-05
7.43476e-05
8.39429e-05
9.47262e-05
0.000106267
0.000117316
0.000126424
7.16347e-05
7.10718e-05
7.00396e-05
6.85041e-05
6.64996e-05
6.40948e-05
6.13758e-05
5.84589e-05
5.54731e-05
5.25688e-05
4.99168e-05
4.77042e-05
4.61337e-05
4.54208e-05
4.57842e-05
4.74447e-05
5.06295e-05
5.54105e-05
6.18612e-05
6.99791e-05
7.96818e-05
9.08025e-05
0.000102944
0.000114745
0.000124535
7.65204e-05
7.58932e-05
7.47522e-05
7.30508e-05
7.08236e-05
6.81422e-05
6.50891e-05
6.17674e-05
5.83196e-05
5.48938e-05
5.16592e-05
4.88028e-05
4.65285e-05
4.5057e-05
4.46224e-05
4.54647e-05
4.78336e-05
5.19401e-05
5.78726e-05
6.56962e-05
7.54133e-05
8.68589e-05
9.95863e-05
0.000112171
0.000122669
8.21644e-05
8.14864e-05
8.02564e-05
7.84157e-05
7.59979e-05
7.30702e-05
6.97131e-05
6.60277e-05
6.214e-05
5.82069e-05
5.43937e-05
5.08842e-05
4.78817e-05
4.56088e-05
4.43087e-05
4.42416e-05
4.5683e-05
4.8943e-05
5.41857e-05
6.15565e-05
7.11258e-05
8.28143e-05
9.61198e-05
0.000109499
0.000120722
8.84846e-05
8.77726e-05
8.64788e-05
8.45337e-05
8.19677e-05
7.88412e-05
7.52275e-05
7.12213e-05
6.69385e-05
6.25305e-05
5.81582e-05
5.40015e-05
5.02616e-05
4.71614e-05
4.49485e-05
4.38984e-05
4.43162e-05
4.65475e-05
5.08969e-05
5.759e-05
6.67932e-05
7.85649e-05
9.24125e-05
0.000106561
0.000118518
9.5386e-05
9.46593e-05
9.33324e-05
9.1326e-05
8.8666e-05
8.54034e-05
8.16007e-05
7.7341e-05
7.27309e-05
6.79047e-05
6.30155e-05
5.82368e-05
5.37673e-05
4.98289e-05
4.66711e-05
4.45782e-05
4.38722e-05
4.49348e-05
4.815e-05
5.38842e-05
6.24635e-05
7.40329e-05
8.82601e-05
0.000103135
0.000115834
0.000102761
0.000102041
0.000100716
9.86997e-05
9.6011e-05
9.26906e-05
8.87878e-05
8.43702e-05
7.95314e-05
7.43793e-05
6.90473e-05
6.37008e-05
5.85334e-05
5.3765e-05
4.96457e-05
4.64719e-05
4.45482e-05
4.42736e-05
4.61068e-05
5.05579e-05
5.81313e-05
6.91721e-05
8.34818e-05
9.90181e-05
0.000112397
0.00011049
0.0001098
0.000108516
0.000106546
0.000103903
0.000100616
9.67217e-05
9.22693e-05
8.73371e-05
8.19937e-05
7.63422e-05
7.05321e-05
6.47579e-05
5.92175e-05
5.41348e-05
4.97964e-05
4.65347e-05
4.47584e-05
4.49717e-05
4.77902e-05
5.3904e-05
6.39333e-05
7.79334e-05
9.38408e-05
0.000107745
0.000118444
0.000117807
0.000116604
0.00011474
0.000112223
0.000109072
0.000105309
0.000100969
9.61114e-05
9.07538e-05
8.49864e-05
7.89106e-05
7.26627e-05
6.64203e-05
6.04009e-05
5.48757e-05
5.01775e-05
4.67243e-05
4.5049e-05
4.58335e-05
4.99275e-05
5.82453e-05
7.12485e-05
8.69844e-05
0.000101221
0.000126485
0.000125924
0.000124842
0.000123145
0.000120837
0.000117929
0.000114432
0.00011038
0.000105787
0.000100654
9.50131e-05
8.89109e-05
8.24277e-05
7.56884e-05
6.88669e-05
6.21993e-05
5.60018e-05
5.06967e-05
4.68352e-05
4.51113e-05
4.64884e-05
5.21657e-05
6.31409e-05
7.7882e-05
9.1953e-05
0.000134471
0.000134006
0.000133081
0.000131608
0.000129584
0.000127022
0.000123939
0.000120349
0.000116218
0.000111543
0.000106316
0.000100529
9.41812e-05
8.73133e-05
8.00247e-05
7.24677e-05
6.48811e-05
5.7621e-05
5.12147e-05
4.64439e-05
4.42156e-05
4.59877e-05
5.33568e-05
6.55043e-05
7.83721e-05
0.000142252
0.000141897
0.000141161
0.000139971
0.000138318
0.000136214
0.00013369
0.000130697
0.000127224
0.000123248
0.00011873
0.000113617
0.000107848
0.000101371
9.41632e-05
8.62626e-05
7.77527e-05
6.88141e-05
5.97981e-05
5.13823e-05
4.45495e-05
4.07212e-05
4.20982e-05
4.86423e-05
5.78762e-05
0.000149686
0.000149453
0.000148941
0.000148067
0.00014684
0.000145304
0.000143413
0.000141148
0.00013849
0.000135399
0.000131818
0.000127667
0.000122842
0.000117254
0.000110793
0.000103294
9.46976e-05
8.49099e-05
7.39479e-05
6.19685e-05
4.98069e-05
3.84969e-05
3.05547e-05
2.65105e-05
2.5758e-05
0.000156665
0.00015655
0.00015624
0.000155666
0.00015487
0.000153807
0.000152482
0.00015089
0.000149002
0.000146778
0.000144161
0.000141075
0.000137417
0.000133013
0.000127643
0.000121126
0.000113236
0.000103675
9.21796e-05
7.82449e-05
6.14109e-05
4.20886e-05
2.0783e-05
-2.31962e-06
-2.89312e-05
0.000163138
0.000163084
0.000162884
0.000162486
0.000161873
0.000161057
0.000160032
0.000158781
0.000157278
0.000155481
0.000153334
0.000150757
0.000147646
0.000143862
0.000139228
0.000133495
0.00012627
0.000117215
0.000105863
9.15562e-05
7.34741e-05
5.03982e-05
1.92385e-05
-2.78311e-05
-0.000113718
0.000169249
0.000169201
0.000169002
0.000168603
0.000167995
0.000167182
0.000166155
0.000164898
0.000163385
0.000161575
0.000159413
0.000156821
0.000153695
0.000149899
0.00014526
0.000139551
0.00013248
0.000123651
0.000112429
9.83535e-05
8.04066e-05
5.70471e-05
2.5284e-05
-2.01912e-05
-8.59034e-05
0.000175027
0.000174972
0.000174757
0.00017433
0.000173689
0.000172829
0.000171745
0.000170419
0.000168828
0.000166933
0.000164679
0.000161992
0.000158772
0.000154889
0.000150178
0.00014443
0.000137379
0.000128685
0.000117905
0.000104424
8.75226e-05
6.60412e-05
3.82995e-05
2.46745e-06
-4.11536e-05
0.000180484
0.000180422
0.000180194
0.000179749
0.000179082
0.000178191
0.000177069
0.000175703
0.000174068
0.000172132
0.000169844
0.000167135
0.000163914
0.000160066
0.000155442
0.000149862
0.000143101
0.000134885
0.000124879
0.000112664
9.77511e-05
7.95349e-05
5.74396e-05
3.14813e-05
3.66364e-06
0.000185627
0.000185562
0.000185331
0.000184882
0.000184211
0.000183317
0.000182194
0.000180832
0.000179211
0.000177302
0.000175063
0.000172433
0.000169334
0.000165669
0.000161315
0.000156128
0.000149936
0.000142542
0.000133724
0.000123247
0.00011088
9.64642e-05
8.00688e-05
6.24049e-05
4.5412e-05
0.000190466
0.000190402
0.000190176
0.000189736
0.00018908
0.000188209
0.000187118
0.000185801
0.000184244
0.000182423
0.000180303
0.000177837
0.000174962
0.0001716
0.000167659
0.000163033
0.000157605
0.000151255
0.000143866
0.000135349
0.000125679
0.000114963
0.000103578
9.23721e-05
8.28687e-05
0.000195008
0.000194948
0.000194734
0.000194315
0.000193692
0.000192866
0.000191836
0.0001906
0.000189147
0.000187463
0.000185522
0.000183288
0.000180715
0.000177746
0.000174319
0.000170364
0.000165816
0.00016062
0.000154746
0.000148212
0.000141121
0.000133719
0.000126475
0.000120184
0.000115987
0.000199258
0.000199205
0.00019901
0.000198624
0.000198047
0.000197285
0.00019634
0.000195213
0.0001939
0.000192393
0.000190675
0.000188723
0.000186508
0.000183993
0.000181141
0.000177918
0.000174299
0.000170282
0.000165898
0.000161236
0.000156469
0.000151893
0.000147977
0.000145393
0.000145005
0.000203221
0.000203178
0.000203007
0.000202662
0.000202144
0.000201462
0.000200621
0.000199626
0.000198479
0.000197178
0.000195716
0.000194081
0.000192259
0.000190231
0.000187983
0.000185509
0.000182817
0.000179941
0.000176954
0.000173983
0.00017123
0.000168997
0.000167706
0.00016791
0.000170265
0.000206899
0.000206868
0.000206726
0.000206428
0.00020598
0.00020539
0.000204668
0.000203822
0.000202859
0.000201784
0.000200598
0.0001993
0.000197888
0.000196359
0.000194717
0.000192978
0.000191172
0.00018936
0.000187636
0.000186145
0.000185093
0.000184764
0.00018552
0.000187808
0.000192132
0.000210292
0.000210276
0.000210166
0.000209922
0.00020955
0.000209061
0.000208468
0.000207782
0.000207015
0.000206177
0.000205277
0.000204323
0.000203322
0.000202286
0.000201231
0.000200189
0.000199206
0.000198356
0.000197744
0.000197519
0.000197876
0.000199068
0.000201403
0.000205236
0.000210957
0.000213403
0.000213403
0.000213327
0.000213139
0.000212848
0.000212466
0.000212008
0.000211488
0.000210922
0.000210325
0.000209713
0.000209098
0.000208499
0.000207934
0.000207433
0.000207034
0.000206795
0.000206795
0.000207143
0.00020798
0.000209484
0.000211876
0.00021541
0.000220373
0.000227064
0.000216231
0.000216247
0.000216207
0.000216078
0.00021587
0.000215597
0.000215276
0.000214923
0.000214559
0.0002142
0.000213868
0.000213581
0.000213363
0.00021324
0.000213248
0.00021343
0.00021385
0.000214588
0.000215748
0.00021746
0.000219884
0.000223205
0.000227637
0.000233406
0.000240745
0.000218776
0.000218808
0.000218804
0.000218735
0.00021861
0.000218447
0.000218261
0.000218074
0.000217906
0.000217778
0.000217713
0.000217736
0.000217873
0.000218155
0.00021862
0.000219319
0.000220311
0.000221677
0.000223511
0.000225933
0.00022908
0.00023311
0.000238195
0.000244519
0.000252261
0.000221039
0.000221087
0.000221119
0.000221108
0.000221066
0.000221009
0.000220956
0.000220928
0.000220947
0.000221037
0.000221224
0.000221532
0.000221993
0.00022264
0.000223512
0.000224659
0.00022614
0.00022803
0.000230416
0.000233402
0.000237106
0.000241661
0.000247207
0.000253888
0.000261846
0.00022302
0.000223083
0.00022315
0.000223196
0.000223233
0.000223279
0.000223352
0.000223475
0.000223671
0.000223964
0.000224382
0.000224951
0.000225703
0.000226671
0.000227897
0.000229427
0.000231318
0.000233638
0.000236465
0.00023989
0.000244012
0.000248941
0.000254792
0.000261679
0.00026971
0.000224721
0.0002248
0.0002249
0.000224999
0.000225112
0.000225254
0.000225446
0.00022571
0.000226069
0.000226548
0.000227175
0.000227977
0.000228985
0.000230234
0.000231761
0.000233613
0.000235842
0.000238507
0.000241679
0.000245434
0.000249858
0.000255039
0.000261071
0.000268043
0.000276038
0.000226145
0.000226238
0.000226369
0.000226519
0.000226701
0.000226934
0.000227236
0.000227629
0.000228137
0.000228784
0.000229597
0.000230604
0.000231835
0.000233322
0.000235103
0.00023722
0.000239719
0.000242655
0.000246087
0.000250081
0.000254709
0.000260043
0.000266157
0.000273121
0.000280999
0.000227296
0.000227401
0.00022756
0.000227757
0.000228005
0.00022832
0.000228722
0.000229232
0.000229873
0.000230669
0.000231645
0.00023283
0.00023425
0.000235938
0.000237927
0.000240256
0.000242967
0.000246107
0.000249727
0.000253884
0.000258636
0.000264041
0.000270159
0.000277043
0.000284743
0.000228178
0.000228294
0.000228479
0.000228718
0.000229024
0.000229415
0.000229907
0.000230521
0.00023128
0.000232206
0.000233323
0.000234658
0.000236237
0.000238089
0.000240245
0.000242739
0.000245609
0.000248896
0.000252643
0.000256898
0.000261707
0.000267119
0.000273179
0.000279929
0.000287404
0.000228797
0.000228923
0.000229131
0.000229407
0.000229766
0.000230223
0.000230795
0.000231501
0.000232362
0.000233399
0.000234636
0.000236097
0.000237805
0.000239788
0.000242073
0.000244691
0.000247674
0.000251059
0.000254881
0.000259179
0.000263992
0.000269358
0.000275312
0.000281886
0.000289104
0.000229159
0.000229294
0.000229522
0.000229832
0.000230237
0.000230752
0.000231393
0.000232178
0.000233127
0.000234259
0.000235595
0.000237157
0.000238968
0.000241051
0.000243432
0.000246137
0.000249194
0.000252634
0.000256487
0.000260784
0.000265557
0.000270836
0.000276647
0.000283014
0.000289952
0.000229273
0.000229415
0.00022966
0.000229999
0.000230444
0.000231009
0.00023171
0.000232562
0.000233584
0.000234793
0.000236209
0.000237852
0.000239741
0.000241898
0.000244345
0.000247105
0.000250202
0.000253661
0.000257509
0.000261769
0.000266467
0.000271626
0.000277267
0.000283404
0.000290048
0.000229147
0.000229295
0.000229554
0.000229917
0.000230397
0.000231005
0.000231755
0.000232664
0.000233745
0.000235017
0.000236495
0.000238198
0.000240144
0.000242351
0.000244838
0.000247625
0.000250733
0.000254182
0.000257993
0.000262187
0.000266783
0.000271798
0.000277246
0.000283139
0.000289481
0.000228791
0.000228943
0.000229214
0.000229597
0.000230105
0.000230749
0.00023154
0.000232494
0.000233623
0.000234942
0.000236467
0.000238213
0.000240196
0.000242432
0.000244936
0.000247727
0.000250821
0.000254235
0.000257987
0.000262091
0.000266562
0.000271414
0.000276656
0.000282294
0.00028833
0.000228214
0.000228369
0.000228649
0.000229049
0.00022958
0.000230252
0.000231076
0.000232065
0.000233231
0.000234585
0.000236143
0.000237916
0.000239919
0.000242165
0.000244668
0.000247442
0.000250502
0.000253861
0.000257532
0.000261528
0.000265859
0.000270535
0.00027556
0.000280938
0.000286668
0.000227428
0.000227585
0.000227871
0.000228284
0.000228833
0.000229527
0.000230377
0.000231392
0.000232583
0.000233962
0.000235539
0.000237326
0.000239334
0.000241575
0.00024406
0.000246801
0.00024981
0.000253097
0.000256673
0.000260546
0.000264725
0.000269214
0.000274017
0.000279134
0.000284561
0.000226443
0.000226601
0.000226892
0.000227315
0.000227877
0.000228588
0.000229455
0.000230488
0.000231697
0.000233089
0.000234674
0.000236462
0.000238463
0.000240685
0.000243139
0.000245833
0.000248777
0.000251979
0.000255447
0.000259188
0.000263205
0.000267503
0.000272082
0.000276938
0.000282068
0.000225272
0.00022543
0.000225723
0.000226152
0.000226724
0.000227445
0.000228325
0.000229369
0.000230586
0.000231983
0.000233567
0.000235346
0.000237328
0.00023952
0.000241931
0.000244567
0.000247435
0.000250543
0.000253894
0.000257494
0.000261345
0.000265448
0.000269802
0.000274402
0.000279242
0.000223925
0.000224082
0.000224377
0.000224809
0.000225386
0.000226114
0.000227
0.000228049
0.000229267
0.000230661
0.000232235
0.000233996
0.00023595
0.000238104
0.000240462
0.000243031
0.000245815
0.00024882
0.000252048
0.000255503
0.000259184
0.000263092
0.000267222
0.000271571
0.00027613
0.000222416
0.000222571
0.000222865
0.000223298
0.000223877
0.000224608
0.000225495
0.000226543
0.000227756
0.00022914
0.000230697
0.000232433
0.000234352
0.000236458
0.000238757
0.000241251
0.000243945
0.000246842
0.000249943
0.000253249
0.00025676
0.000260473
0.000264385
0.000268488
0.000272775
0.000220755
0.000220908
0.0002212
0.000221632
0.00022221
0.00022294
0.000223824
0.000224866
0.000226069
0.000227437
0.000228971
0.000230675
0.000232553
0.000234606
0.000236839
0.000239254
0.000241853
0.000244638
0.000247609
0.000250766
0.000254107
0.000257628
0.000261325
0.000265191
0.000269217
0.000218956
0.000219106
0.000219394
0.000219823
0.000220399
0.000221123
0.000222001
0.000223033
0.000224221
0.000225568
0.000227074
0.000228742
0.000230573
0.000232569
0.000234732
0.000237063
0.000239564
0.000242235
0.000245075
0.000248083
0.000251255
0.000254589
0.000258078
0.000261715
0.00026549
0.000217029
0.000217176
0.00021746
0.000217884
0.000218454
0.000219172
0.00022004
0.000221058
0.000222228
0.00022355
0.000225024
0.000226651
0.000228431
0.000230366
0.000232456
0.000234701
0.000237102
0.000239658
0.000242367
0.000245228
0.000248236
0.000251387
0.000254674
0.00025809
0.000261626
0.000214988
0.000215131
0.000215409
0.000215828
0.000216391
0.000217099
0.000217954
0.000218956
0.000220104
0.000221398
0.000222836
0.000224419
0.000226147
0.000228018
0.000230032
0.00023219
0.00023449
0.000236931
0.000239511
0.000242227
0.000245074
0.000248047
0.00025114
0.000254345
0.000257652
0.000212843
0.000212982
0.000213255
0.000213666
0.00021422
0.000214917
0.000215757
0.000216739
0.000217863
0.000219127
0.000220527
0.000222064
0.000223736
0.000225542
0.00022748
0.000229549
0.000231749
0.000234076
0.000236529
0.000239103
0.000241794
0.000244596
0.000247502
0.000250505
0.000253594
0.000210606
0.00021074
0.000211007
0.00021141
0.000211954
0.000212638
0.000213461
0.000214423
0.000215521
0.000216751
0.000218112
0.000219601
0.000221216
0.000222955
0.000224817
0.000226798
0.000228898
0.000231114
0.000233442
0.000235878
0.000238418
0.000241055
0.000243782
0.000246592
0.000249475
0.000208288
0.000208418
0.000208678
0.000209072
0.000209605
0.000210275
0.00021108
0.000212019
0.000213089
0.000214286
0.000215606
0.000217046
0.000218603
0.000220276
0.00022206
0.000223955
0.000225957
0.000228063
0.00023027
0.000232573
0.000234967
0.000237445
0.000240002
0.000242629
0.000245316
0.000205901
0.000206026
0.000206278
0.000206664
0.000207184
0.000207839
0.000208625
0.000209541
0.000210582
0.000211743
0.000213021
0.000214412
0.000215912
0.000217517
0.000219226
0.000221035
0.000222941
0.000224941
0.00022703
0.000229204
0.000231458
0.000233786
0.00023618
0.000238632
0.000241134
0.000203454
0.000203574
0.000203819
0.000204195
0.000204703
0.000205341
0.000206108
0.000207
0.000208011
0.000209136
0.000210372
0.000211713
0.000213156
0.000214696
0.00021633
0.000218055
0.000219868
0.000221764
0.00022374
0.00022579
0.00022791
0.000230093
0.000232332
0.00023462
0.000236947
0.000200958
0.000201074
0.000201311
0.000201677
0.000202171
0.000202794
0.00020354
0.000204407
0.000205388
0.000206478
0.000207671
0.000208963
0.000210349
0.000211824
0.000213385
0.000215029
0.000216751
0.000218547
0.000220414
0.000222346
0.000224337
0.000226382
0.000228475
0.000230606
0.000232769
0.000198422
0.000198534
0.000198764
0.000199119
0.000199601
0.000200206
0.000200932
0.000201773
0.000202724
0.000203778
0.00020493
0.000206173
0.000207503
0.000208915
0.000210405
0.000211969
0.000213604
0.000215304
0.000217066
0.000218884
0.000220754
0.000222668
0.000224621
0.000226606
0.000228613
0.000195857
0.000195964
0.000196186
0.000196531
0.000197
0.000197589
0.000198294
0.00019911
0.000200031
0.00020105
0.00020216
0.000203355
0.00020463
0.000205981
0.000207402
0.00020889
0.00021044
0.000212048
0.00021371
0.00021542
0.000217173
0.000218964
0.000220785
0.00022263
0.000224492
0.00019327
0.000193373
0.000193588
0.000193924
0.000194379
0.000194951
0.000195636
0.000196427
0.000197318
0.000198302
0.000199371
0.00020052
0.000201742
0.000203033
0.000204387
0.000205801
0.00020727
0.00020879
0.000210356
0.000211963
0.000213607
0.00021528
0.000216977
0.000218691
0.000220415
0.000190672
0.000190771
0.000190979
0.000191304
0.000191746
0.000192302
0.000192967
0.000193733
0.000194595
0.000195545
0.000196575
0.000197678
0.000198849
0.000200081
0.000201372
0.000202715
0.000204106
0.000205542
0.000207017
0.000208526
0.000210065
0.000211627
0.000213207
0.000214798
0.000216394
0.00018807
0.000188165
0.000188367
0.000188682
0.000189111
0.000189651
0.000190295
0.000191038
0.000191871
0.000192788
0.000193779
0.000194838
0.000195959
0.000197137
0.000198365
0.00019964
0.000200958
0.000202313
0.000203701
0.000205118
0.000206558
0.000208015
0.000209485
0.00021096
0.000212435
0.000185473
0.000185564
0.000185759
0.000186065
0.000186482
0.000187006
0.000187631
0.00018835
0.000189155
0.000190039
0.000190993
0.00019201
0.000193083
0.000194207
0.000195377
0.000196587
0.000197834
0.000199113
0.000200419
0.000201748
0.000203094
0.000204453
0.000205819
0.000207186
0.000208548
0.000182887
0.000182975
0.000183164
0.000183461
0.000183866
0.000184374
0.00018498
0.000185677
0.000186456
0.000187308
0.000188226
0.000189202
0.000190229
0.000191302
0.000192415
0.000193564
0.000194743
0.00019595
0.000197178
0.000198424
0.000199683
0.000200949
0.000202217
0.000203482
0.000204739
0.000180321
0.000180406
0.000180589
0.000180877
0.00018127
0.000181764
0.000182352
0.000183027
0.000183779
0.000184602
0.000185485
0.000186422
0.000187406
0.000188429
0.000189489
0.000190578
0.000191694
0.000192832
0.000193987
0.000195154
0.00019633
0.000197509
0.000198686
0.000199856
0.000201013
0.000177781
0.000177863
0.00017804
0.000178321
0.000178703
0.000179183
0.000179753
0.000180406
0.000181134
0.000181928
0.000182778
0.000183678
0.000184619
0.000185596
0.000186604
0.000187638
0.000188693
0.000189766
0.000190851
0.000191945
0.000193043
0.00019414
0.000195232
0.000196313
0.000197378
0.000175273
0.000175354
0.000175526
0.000175799
0.00017617
0.000176636
0.00017719
0.000177823
0.000178527
0.000179293
0.000180112
0.000180976
0.000181877
0.00018281
0.000183769
0.00018475
0.000185748
0.000186759
0.000187779
0.000188804
0.000189828
0.000190848
0.00019186
0.000192858
0.000193837
0.000172805
0.000172883
0.000173051
0.000173317
0.000173679
0.000174132
0.00017467
0.000175284
0.000175965
0.000176705
0.000177493
0.000178322
0.000179186
0.000180076
0.00018099
0.00018192
0.000182864
0.000183818
0.000184776
0.000185735
0.000186691
0.000187639
0.000188576
0.000189496
0.000190395
0.000170381
0.000170458
0.000170622
0.000170882
0.000171234
0.000171676
0.000172198
0.000172794
0.000173454
0.000174168
0.000174927
0.000175724
0.000176551
0.000177402
0.000178272
0.000179155
0.000180048
0.000180947
0.000181847
0.000182745
0.000183636
0.000184517
0.000185383
0.000186231
0.000187056
0.000168008
0.000168084
0.000168245
0.000168499
0.000168843
0.000169273
0.000169781
0.00017036
0.000170999
0.000171689
0.000172421
0.000173187
0.00017398
0.000174793
0.000175621
0.000176459
0.000177304
0.000178151
0.000178997
0.000179837
0.000180668
0.000181486
0.000182288
0.000183068
0.000183824
0.000165691
0.000165767
0.000165925
0.000166173
0.00016651
0.000166929
0.000167424
0.000167986
0.000168606
0.000169273
0.00016998
0.000170716
0.000171476
0.000172253
0.000173042
0.000173838
0.000174638
0.000175437
0.000176231
0.000177017
0.000177792
0.000178551
0.000179292
0.000180009
0.000180701
0.000163434
0.000163511
0.000163667
0.000163911
0.000164241
0.00016465
0.000165133
0.000165679
0.00016628
0.000166926
0.000167608
0.000168317
0.000169046
0.000169789
0.000170541
0.000171297
0.000172053
0.000172807
0.000173553
0.000174289
0.000175011
0.000175715
0.000176399
0.000177058
0.00017769
0.000161244
0.000161321
0.000161477
0.000161717
0.00016204
0.000162441
0.000162912
0.000163443
0.000164027
0.000164652
0.000165311
0.000165993
0.000166693
0.000167404
0.00016812
0.000168839
0.000169555
0.000170266
0.000170967
0.000171655
0.000172328
0.000172981
0.000173612
0.000174217
0.000174793
0.000159124
0.000159203
0.000159358
0.000159596
0.000159913
0.000160306
0.000160766
0.000161284
0.000161851
0.000162457
0.000163092
0.00016375
0.000164422
0.000165102
0.000165786
0.000166468
0.000167147
0.000167817
0.000168476
0.00016912
0.000169746
0.000170352
0.000170934
0.000171489
0.000172014
0.000157078
0.00015716
0.000157316
0.000157552
0.000157865
0.00015825
0.0001587
0.000159205
0.000159756
0.000160343
0.000160958
0.000161591
0.000162237
0.000162888
0.00016354
0.000164189
0.000164831
0.000165464
0.000166083
0.000166685
0.000167269
0.00016783
0.000168366
0.000168874
0.000169352
0.000155112
0.000155197
0.000155356
0.00015559
0.000155899
0.000156278
0.000156718
0.000157211
0.000157747
0.000158316
0.000158911
0.000159521
0.000160141
0.000160765
0.000161387
0.000162004
0.000162613
0.000163209
0.000163791
0.000164354
0.000164898
0.000165418
0.000165911
0.000166377
0.000166811
0.000153229
0.000153319
0.000153481
0.000153715
0.000154021
0.000154394
0.000154825
0.000155306
0.000155827
0.00015638
0.000156955
0.000157543
0.000158139
0.000158736
0.000159329
0.000159916
0.000160493
0.000161056
0.000161602
0.000162129
0.000162635
0.000163116
0.000163571
0.000163996
0.00016439
0.000151434
0.00015153
0.000151696
0.000151931
0.000152235
0.000152602
0.000153025
0.000153494
0.000154002
0.000154538
0.000155093
0.00015566
0.000156232
0.000156804
0.00015737
0.000157928
0.000158474
0.000159005
0.000159519
0.000160012
0.000160483
0.000160928
0.000161346
0.000161735
0.000162091
0.00014973
0.000149834
0.000150005
0.000150243
0.000150545
0.000150907
0.000151322
0.000151781
0.000152274
0.000152793
0.00015333
0.000153876
0.000154425
0.000154972
0.000155512
0.000156042
0.000156559
0.00015706
0.000157543
0.000158004
0.000158442
0.000158854
0.000159238
0.000159593
0.000159915
0.000148122
0.000148235
0.000148415
0.000148655
0.000148956
0.000149314
0.000149721
0.000150168
0.000150647
0.00015115
0.000151668
0.000152193
0.000152719
0.000153242
0.000153757
0.000154261
0.00015475
0.000155222
0.000155675
0.000156107
0.000156514
0.000156895
0.000157248
0.000157571
0.000157862
0.000146614
0.000146739
0.000146928
0.000147173
0.000147474
0.000147827
0.000148225
0.000148661
0.000149125
0.000149611
0.000150109
0.000150614
0.000151118
0.000151617
0.000152107
0.000152585
0.000153048
0.000153493
0.000153918
0.000154321
0.0001547
0.000155052
0.000155376
0.00015567
0.000155932
0.00014521
0.000145351
0.000145552
0.000145802
0.000146103
0.000146451
0.00014684
0.000147263
0.000147712
0.000148179
0.000148658
0.00014914
0.000149622
0.000150097
0.000150563
0.000151016
0.000151453
0.000151872
0.000152272
0.000152648
0.000153
0.000153326
0.000153623
0.000153891
0.000154126
0.000143917
0.000144076
0.000144292
0.000144549
0.000144849
0.000145192
0.00014557
0.000145978
0.00014641
0.000146857
0.000147314
0.000147775
0.000148233
0.000148685
0.000149127
0.000149555
0.000149968
0.000150362
0.000150736
0.000151088
0.000151415
0.000151716
0.000151989
0.000152232
0.000152444
0.000142741
0.000142922
0.000143156
0.00014342
0.00014372
0.000144054
0.000144419
0.00014481
0.000145222
0.000145648
0.000146082
0.000146519
0.000146953
0.000147381
0.000147798
0.000148203
0.000148592
0.000148962
0.000149313
0.000149641
0.000149945
0.000150223
0.000150474
0.000150694
0.000150884
0.000141688
0.000141898
0.000142154
0.000142426
0.000142722
0.000143045
0.000143393
0.000143763
0.000144151
0.000144552
0.000144961
0.000145372
0.000145781
0.000146185
0.000146578
0.000146959
0.000147325
0.000147673
0.000148001
0.000148308
0.00014859
0.000148847
0.000149077
0.000149277
0.000149448
0.000140771
0.000141016
0.000141297
0.000141576
0.000141865
0.000142171
0.000142495
0.000142839
0.000143198
0.000143571
0.000143952
0.000144336
0.000144719
0.000145097
0.000145466
0.000145824
0.000146167
0.000146494
0.000146801
0.000147087
0.00014735
0.000147588
0.000147798
0.000147981
0.000148133
0.000140003
0.000140292
0.000140603
0.000140884
0.000141158
0.000141439
0.000141732
0.000142041
0.000142366
0.000142705
0.000143054
0.000143408
0.000143764
0.000144116
0.000144461
0.000144796
0.000145118
0.000145424
0.000145712
0.000145979
0.000146223
0.000146444
0.000146637
0.000146803
0.00014694
0.000139407
0.000139751
0.000140092
0.000140368
0.000140614
0.000140856
0.000141105
0.00014137
0.000141653
0.000141952
0.000142266
0.000142588
0.000142914
0.00014324
0.000143561
0.000143874
0.000144176
0.000144462
0.000144732
0.000144982
0.00014521
0.000145415
0.000145593
0.000145745
0.000145868
0.00013902
0.000139426
0.000139796
0.000140049
0.000140246
0.000140429
0.000140618
0.000140825
0.000141056
0.00014131
0.000141584
0.000141872
0.000142168
0.000142467
0.000142765
0.000143057
0.000143339
0.000143608
0.000143861
0.000144096
0.000144309
0.0001445
0.000144665
0.000144804
0.000144915
0.000138905
0.000139376
0.000139757
0.000139954
0.000140068
0.000140162
0.000140268
0.000140402
0.000140571
0.000140773
0.000141003
0.000141254
0.00014152
0.000141794
0.000142069
0.000142341
0.000142606
0.000142859
0.000143098
0.000143319
0.00014352
0.000143698
0.000143852
0.00014398
0.000144081
0.000139179
0.000139687
0.000140033
0.000140113
0.000140089
0.000140053
0.000140049
0.000140092
0.000140187
0.000140331
0.000140515
0.00014073
0.000140966
0.000141215
0.00014147
0.000141725
0.000141975
0.000142214
0.000142441
0.00014265
0.00014284
0.000143009
0.000143153
0.000143272
0.000143365
0.000140045
0.000140494
0.000140698
0.000140555
0.000140311
0.000140092
0.000139943
0.000139877
0.00013989
0.000139973
0.000140111
0.000140291
0.0001405
0.000140728
0.000140965
0.000141205
0.000141442
0.000141671
0.000141887
0.000142088
0.000142269
0.00014243
0.000142567
0.000142679
0.000142764
0.000141858
0.000141994
0.000141827
0.000141287
0.000140711
0.000140244
0.000139921
0.000139733
0.000139661
0.000139684
0.00013978
0.000139929
0.000140115
0.000140326
0.00014055
0.000140779
0.000141007
0.000141228
0.000141437
0.000141631
0.000141806
0.00014196
0.000142092
0.000142199
0.000142279
0.000145565
0.000144612
0.000143479
0.000142245
0.000141204
0.000140438
0.000139923
0.000139613
0.000139466
0.00013944
0.000139504
0.000139632
0.000139803
0.000140003
0.000140219
0.000140442
0.000140665
0.000140881
0.000141086
0.000141276
0.000141448
0.000141599
0.000141726
0.00014183
0.000141907
0.000154345
0.000149286
0.000145588
0.000143213
0.000141602
0.000140523
0.000139842
0.000139448
0.000139256
0.000139207
0.000139259
0.00013938
0.000139549
0.000139747
0.000139962
0.000140185
0.000140407
0.000140623
0.000140827
0.000141016
0.000141187
0.000141337
0.000141463
0.000141564
0.000141639
0.000171736
0.000155774
0.000147614
0.000143894
0.000141753
0.000140439
0.000139664
0.000139238
0.00013904
0.000138994
0.000139052
0.00013918
0.000139354
0.000139558
0.000139778
0.000140005
0.00014023
0.000140448
0.000140655
0.000140845
0.000141017
0.000141167
0.000141294
0.000141395
0.00014147
0.155318
0.153113
0.148325
0.140844
0.131513
0.121113
0.110003
0.0983957
0.0865572
0.074942
0.0640642
0.0542401
0.0456473
0.0383392
0.0322666
0.0273381
0.0234318
0.0203979
0.0180722
0.0163102
0.0149978
0.0140487
0.0134028
0.013012
0.0128515
0.13712
0.133324
0.125536
0.1144
0.101699
0.0882144
0.0748884
0.062653
0.0520052
0.0431442
0.0359843
0.0302839
0.0257756
0.0222067
0.0194063
0.0172319
0.0155635
0.0143044
0.0133661
0.0126733
0.0121645
0.0117989
0.0115572
0.0114188
0.0113604
0.10238
0.0962885
0.0863782
0.074642
0.0630603
0.0520962
0.0422922
0.0341266
0.0276741
0.0227272
0.0190088
0.0162751
0.0143164
0.012922
0.0119172
0.0111844
0.0106588
0.0103142
0.0100932
0.00995641
0.00987523
0.00982744
0.00980349
0.00979508
0.00978283
0.0718101
0.06584
0.0572409
0.0476084
0.038796
0.0311527
0.024863
0.0199835
0.0163695
0.0137764
0.0119611
0.0107273
0.00992833
0.00941896
0.00908519
0.00885769
0.00870001
0.00859786
0.00853936
0.00851493
0.0085134
0.00852219
0.00853374
0.00854182
0.00853134
0.0478402
0.0423887
0.035169
0.0276805
0.0215288
0.0168362
0.0134193
0.0110921
0.00957081
0.00861845
0.0080623
0.00777086
0.00763439
0.00758043
0.00756218
0.00755452
0.0075492
0.00754445
0.00754211
0.00754349
0.00754768
0.00755307
0.00755721
0.00755667
0.00754197
0.0299813
0.0256109
0.0199123
0.0143405
0.0103004
0.00779169
0.00636289
0.00564924
0.0053855
0.00540208
0.0055602
0.00577368
0.00599272
0.00619016
0.00635275
0.00647676
0.0065653
0.00662311
0.00666221
0.00668912
0.00670788
0.00671978
0.00672571
0.00672582
0.00671537
0.0176142
0.01425
0.00991249
0.00593043
0.00340957
0.00224291
0.00194347
0.0021321
0.00256784
0.00310923
0.00365738
0.0041616
0.00459828
0.0049605
0.0052505
0.0054754
0.00564402
0.00576574
0.00585044
0.00590842
0.00594918
0.00597627
0.00599273
0.00600085
0.00599873
0.00957348
0.00704955
0.00384998
0.00111283
-0.000442825
-0.000928082
-0.000696206
-9.10371e-05
0.000662236
0.00144476
0.00218842
0.00285248
0.00341983
0.00389034
0.00427122
0.00457287
0.00480676
0.00498384
0.00511438
0.00520822
0.00527315
0.0053176
0.0053465
0.00536373
0.00536907
0.0045616
0.00275406
0.000538233
-0.00128562
-0.00221836
-0.00237191
-0.00198264
-0.00128804
-0.000479312
0.000342692
0.00113268
0.00185072
0.00247578
0.00300347
0.00343848
0.00379038
0.00407038
0.00428908
0.00445639
0.00458121
0.00467121
0.00473401
0.00477561
0.00480073
0.00481155
0.00149258
0.000235169
-0.00123088
-0.00239358
-0.00290531
-0.00284818
-0.00240267
-0.00174721
-0.00101147
-0.000261392
0.00046975
0.00115559
0.00177209
0.00230659
0.00275874
0.00313404
0.0034397
0.00368453
0.00387696
0.00402476
0.00413492
0.00421384
0.00426699
0.00429956
0.00431503
-0.000265401
-0.00113211
-0.00206455
-0.00274041
-0.00296788
-0.00281809
-0.00238802
-0.0017929
-0.0011358
-0.000483853
0.000142476
0.000739372
0.00129527
0.00179471
0.00223081
0.00260309
0.00291451
0.00317032
0.00337627
0.00353824
0.00366189
0.00375251
0.00381488
0.00385394
0.00387341
-0.0011662
-0.00175521
-0.00232328
-0.0026721
-0.00271504
-0.00251192
-0.00212251
-0.00161798
-0.0010622
-0.00050509
2.83524e-05
0.000533211
0.00100847
0.00144666
0.00184195
0.0021902
0.00249043
0.00274351
0.00295215
0.00311992
0.00325071
0.00334849
0.0034171
0.00346084
0.00348322
-0.00154815
-0.00193828
-0.00226352
-0.00240695
-0.00233707
-0.00211013
-0.00176809
-0.00135022
-0.000894807
-0.000432714
1.46803e-05
0.000437493
0.000840672
0.00121888
0.00156615
0.00187926
0.00215654
0.00239647
0.00259898
0.00276532
0.00289755
0.0029982
0.00307004
0.00311655
0.00314075
-0.00163292
-0.00188255
-0.0020506
-0.00207331
-0.0019472
-0.00171952
-0.00142112
-0.00107631
-0.00070577
-0.000327077
4.5604e-05
0.000402729
0.000740486
0.00106421
0.00136805
0.00164652
0.00189687
0.00211773
0.00230814
0.00246765
0.00259674
0.00269663
0.00276901
0.00281655
0.00284162
-0.00155498
-0.00170928
-0.00177855
-0.00173435
-0.00158875
-0.00137552
-0.00111786
-0.00083194
-0.000529178
-0.000218931
9.04389e-05
0.000391345
0.00067901
0.000955587
0.00122002
0.00146705
0.00169252
0.0018938
0.00206947
0.00221883
0.00234159
0.00243796
0.00250877
0.00255587
0.00258102
-0.00139214
-0.00148087
-0.00149383
-0.00141821
-0.00127424
-0.00108353
-0.000863189
-0.00062473
-0.000374962
-0.000118744
0.000139241
0.000393907
0.000640594
0.00087773
0.00110729
0.00132536
0.00152748
0.00171037
0.00187171
0.00201015
0.002125
0.00221613
0.00228385
0.00232941
0.002354
-0.00118976
-0.00123752
-0.00121982
-0.00113462
-0.00100311
-0.000837986
-0.000651576
-0.000452258
-0.000244527
-3.10466e-05
0.000185596
0.000402071
0.00061436
0.000819209
0.00101952
0.00121183
0.00139235
0.00155766
0.00170511
0.00183282
0.00193962
0.00202495
0.0020888
0.0021321
0.00215581
-0.000973413
-0.000998069
-0.000966462
-0.000884588
-0.00077061
-0.000631607
-0.000476125
-0.000310125
-0.000136745
4.23809e-05
0.000225718
0.000411012
0.000595292
0.000775706
0.000949661
0.00111915
0.00128023
0.00142923
0.00156341
0.00168063
0.00177939
0.00185879
0.00191855
0.00195934
0.00198186
-0.000754476
-0.000771816
-0.000737546
-0.000667615
-0.00057389
-0.000460589
-0.000333286
-0.00019603
-5.1101e-05
0.000100244
0.00025681
0.000416787
0.000577602
0.000736305
0.000890858
0.00104154
0.00118569
0.00132009
0.00144198
0.00154915
0.00163997
0.00171339
0.00176892
0.00180704
0.00182828
-0.000532824
-0.000562729
-0.000539798
-0.000488068
-0.000416671
-0.000327784
-0.000225094
-0.000111572
1.08317e-05
0.000140787
0.000276971
0.000417594
0.000560265
0.000702185
0.000840913
0.00097566
0.00110513
0.00122642
0.00133694
0.00143456
0.00151766
0.00158513
0.00163642
0.00167184
0.00169184
-0.000287577
-0.000357022
-0.000361974
-0.000332284
-0.000279355
-0.00020917
-0.000125395
-3.05946e-05
7.33966e-05
0.000185179
0.000303397
0.000426406
0.000552101
0.000677957
0.000801716
0.00092234
0.00103856
0.0011478
0.00124771
0.00133626
0.00141185
0.00147334
0.00152012
0.00155232
0.00157044
-0.00016823
-0.000214894
-0.000225085
-0.000205842
-0.00016478
-0.00010699
-3.57982e-05
4.63729e-05
0.000137625
0.000236332
0.000340906
0.00044962
0.000560523
0.000671453
0.000780549
0.000886878
0.000989195
0.00108538
0.00117345
0.00125164
0.00131856
0.00137318
0.0014149
0.00144379
0.00146024
-8.49099e-05
-0.000113659
-0.00012
-0.000104592
-7.08217e-05
-2.19514e-05
3.93817e-05
0.000111045
0.000191231
0.000278302
0.000370665
0.00046667
0.000564563
0.000662491
0.000758888
0.000852843
0.000943188
0.00102812
0.00110592
0.00117508
0.00123437
0.00128285
0.00131997
0.00134577
0.00136055
-2.0552e-05
-3.57338e-05
-3.65977e-05
-2.1754e-05
7.78331e-06
5.02095e-05
0.00010367
0.000166447
0.000236955
0.000313693
0.000395181
0.000479918
0.000566344
0.000652851
0.000738068
0.000821112
0.000900893
0.000975863
0.00104456
0.00110567
0.0011581
0.00120104
0.00123399
0.00125696
0.00127018
3.23587e-05
2.63144e-05
3.03394e-05
4.59248e-05
7.30346e-05
0.000110792
0.000157992
0.000213336
0.000275512
0.000343216
0.000415133
0.000489928
0.000566232
0.000642651
0.000717966
0.000791328
0.000861735
0.000927861
0.000988447
0.00104236
0.00108865
0.00112659
0.00115574
0.00117616
0.00118799
7.71316e-05
7.71521e-05
8.4816e-05
0.000101279
0.000126811
0.000161029
0.00020317
0.000252283
0.000307318
0.000367174
0.000430717
0.000496782
0.000564177
0.000631697
0.000698255
0.000763039
0.000825144
0.000883428
0.000936805
0.000984294
0.00102507
0.00105848
0.0010842
0.00110233
0.00111295
0.000115266
0.000119381
0.000129566
0.000146658
0.000170972
0.000202353
0.000240317
0.000284167
0.000333074
0.000386127
0.000442362
0.000500775
0.000560339
0.000620013
0.000678829
0.000736021
0.000790773
0.000842096
0.000889051
0.000930787
0.000966581
0.000995887
0.00101846
0.00103451
0.00104405
0.000147779
0.000154665
0.000166504
0.000183899
0.000207117
0.000236104
0.000270536
0.000309896
0.000353528
0.000400683
0.000450548
0.000502266
0.000554953
0.000607711
0.000659686
0.000710161
0.000758396
0.000803531
0.000844749
0.000881308
0.000912572
0.000938075
0.0009577
0.000971906
0.000980612
0.000175472
0.000184207
0.000197059
0.000214454
0.000236604
0.000263484
0.000294865
0.000330351
0.000369419
0.00041145
0.000455761
0.000501621
0.000548272
0.00059494
0.000640874
0.000685409
0.000727866
0.000767494
0.000803571
0.000835436
0.00086252
0.000884389
0.000901068
0.000913677
0.000922683
0.000199011
0.000208938
0.000222327
0.000239483
0.000260557
0.000285531
0.000314229
0.000346337
0.00038143
0.000418995
0.000458457
0.000499192
0.000540547
0.000581855
0.000622461
0.000661749
0.000699093
0.000733821
0.000765278
0.000792848
0.000815959
0.000834073
0.000847063
0.000856459
0.000864716
0.000218957
0.000229597
0.000243178
0.000259912
0.0002799
0.00030312
0.000329425
0.00035856
0.000390171
0.000423831
0.00045905
0.000495297
0.000532009
0.00056861
0.000604528
0.000639195
0.000672029
0.00070242
0.000729753
0.000753401
0.000772699
0.000786806
0.00079464
0.000794656
0.000779754
0.00023578
0.00024679
0.00026031
0.000276489
0.000295389
0.000316977
0.000341128
0.000367625
0.000396171
0.000426403
0.000457904
0.000490219
0.000522867
0.000555346
0.000587151
0.000617764
0.000646655
0.00067327
0.00069703
0.000717323
0.00073347
0.000744596
0.000749517
0.00074657
0.000732555
0.00024988
0.000261008
0.000274288
0.000289822
0.000307642
0.000327708
0.000349906
0.000374049
0.000399881
0.000427096
0.000455334
0.000484207
0.000513298
0.000542173
0.00057038
0.00059746
0.000622939
0.000646323
0.000667089
0.000684672
0.000698466
0.00070776
0.000711669
0.000709196
0.000699389
0.000261592
0.00027266
0.000285577
0.000300409
0.00031717
0.000335813
0.000356233
0.000378264
0.000401688
0.000426238
0.000451609
0.000477463
0.000503441
0.000529162
0.000554234
0.000578255
0.00060081
0.000621468
0.00063978
0.000655264
0.000667413
0.000675708
0.000679598
0.000678613
0.000672592
0.00027121
0.000282087
0.000294556
0.000308658
0.000324391
0.000341705
0.000360501
0.000380633
0.000401909
0.000424101
0.000446943
0.000470144
0.000493392
0.000516361
0.00053871
0.000560093
0.000580155
0.000598534
0.000614855
0.000628733
0.000639772
0.0006476
0.000651894
0.000652466
0.000649415
0.000278983
0.000289576
0.000301542
0.000314904
0.000329647
0.000345721
0.000363031
0.000381449
0.000400806
0.000420902
0.000441508
0.000462374
0.000483231
0.000503796
0.000523782
0.000542895
0.000560837
0.00057731
0.000592014
0.000604652
0.000614937
0.000622607
0.000627469
0.000629456
0.000628713
0.00028513
0.000295374
0.000306804
0.000319429
0.000333225
0.000348141
0.000364092
0.000380958
0.000398594
0.000416824
0.00043545
0.000454256
0.000473013
0.00049148
0.000509413
0.000526568
0.000542702
0.000557574
0.000570953
0.000582618
0.000592366
0.000600029
0.000605492
0.00060873
0.000609848
0.000289845
0.000299696
0.000310572
0.000322471
0.000335366
0.000349204
0.000363906
0.000379367
0.000395455
0.000412018
0.000428886
0.000445872
0.000462781
0.000479409
0.000495554
0.000511015
0.000525596
0.000539111
0.000551385
0.000562263
0.000571613
0.000579336
0.00058538
0.00058974
0.000592445
0.000293295
0.000302725
0.000313041
0.000324234
0.000336274
0.000349108
0.000362665
0.000376847
0.000391541
0.000406612
0.000421914
0.000437287
0.000452564
0.000467576
0.000482155
0.000496139
0.000509375
0.000521722
0.000533054
0.000543271
0.000552299
0.000560105
0.000566701
0.000572125
0.000576316
0.00029563
0.000304623
0.000314382
0.000324893
0.000336124
0.000348025
0.000360528
0.000373548
0.000386981
0.000400713
0.000414616
0.000428552
0.000442383
0.000455967
0.000469166
0.000481853
0.00049391
0.000505234
0.000515741
0.000525375
0.000534113
0.000541977
0.000549064
0.000555536
0.000561281
0.000296984
0.000305532
0.000314743
0.000324599
0.000335068
0.0003461
0.000357634
0.000369592
0.000381885
0.00039441
0.000407058
0.000419712
0.000432254
0.000444568
0.000456543
0.000468079
0.000479088
0.0004895
0.000499266
0.000508367
0.000516819
0.000524691
0.000532183
0.000539699
0.000547129
0.000297473
0.000305577
0.000314255
0.000323485
0.000333234
0.000343459
0.0003541
0.000365089
0.000376345
0.00038778
0.000399298
0.0004108
0.000422188
0.000433366
0.000444244
0.000454747
0.000464811
0.000474395
0.000483481
0.000492087
0.000500267
0.000508144
0.000516105
0.000525088
0.000534854
0.000297205
0.000304869
0.000313029
0.000321663
0.000330737
0.00034021
0.000350028
0.000360128
0.000370441
0.000380887
0.000391385
0.000401849
0.000412197
0.00042235
0.000432236
0.000441799
0.000450994
0.000459801
0.00046823
0.000476335
0.000484233
0.000492151
0.000500694
0.000511714
0.000527482
0.000296272
0.000303506
0.000311168
0.000319235
0.000327675
0.000336448
0.000345506
0.000354791
0.000364242
0.000373789
0.000383361
0.000392885
0.000402291
0.000411512
0.000420493
0.000429187
0.000437564
0.000445613
0.000453347
0.000460814
0.000468107
0.000475377
0.000483002
0.000491852
0.00050126
0.00029476
0.000301575
0.000308759
0.000316288
0.000324133
0.000332255
0.00034061
0.000349146
0.000357808
0.000366535
0.000375264
0.000383933
0.00039248
0.000400852
0.000408999
0.000416886
0.000424485
0.000431788
0.000438797
0.000445535
0.000452036
0.000458345
0.000464554
0.000470752
0.000475763
0.000292744
0.000299153
0.00030588
0.000312901
0.000320187
0.000327703
0.000335408
0.000343255
0.000351193
0.00035917
0.000367129
0.000375017
0.00038278
0.000390372
0.000397751
0.000404884
0.000411748
0.000418329
0.000424618
0.000430613
0.000436306
0.000441673
0.000446673
0.000451192
0.000454478
0.000290291
0.00029631
0.000302601
0.000309142
0.000315904
0.000322856
0.000329958
0.000337169
0.000344443
0.000351732
0.000358987
0.000366161
0.000373206
0.000380081
0.00038675
0.000393184
0.000399358
0.000405255
0.000410857
0.000416144
0.000421085
0.000425628
0.000429691
0.000433141
0.000435522
0.000287462
0.000293106
0.000298983
0.00030507
0.000311342
0.000317768
0.000324312
0.000330936
0.000337598
0.000344257
0.000350867
0.000357385
0.000363772
0.00036999
0.000376005
0.000381792
0.000387326
0.000392586
0.000397549
0.000402188
0.00040646
0.000410305
0.000413639
0.000416348
0.000418134
0.000284311
0.000289597
0.00029508
0.000300741
0.000306554
0.000312489
0.000318515
0.000324597
0.000330696
0.000336775
0.000342793
0.000348711
0.000354494
0.000360109
0.000365524
0.000370716
0.000375661
0.000380336
0.000384718
0.000388775
0.000392465
0.000395729
0.000398494
0.000400668
0.000402053
0.000280888
0.000285831
0.000290942
0.000296201
0.000301584
0.000307063
0.000312609
0.000318189
0.000323769
0.000329314
0.000334789
0.000340157
0.000345387
0.000350448
0.000355315
0.000359962
0.000364369
0.000368514
0.000372373
0.000375915
0.000379102
0.000381884
0.000384201
0.000385984
0.000387092
0.000277235
0.000281852
0.000286611
0.000291492
0.000296472
0.000301526
0.000306627
0.000311743
0.000316845
0.0003219
0.000326875
0.000331739
0.000336462
0.000341018
0.000345383
0.000349534
0.000353453
0.000357119
0.000360511
0.000363602
0.000366358
0.000368739
0.000370698
0.000372186
0.000373095
0.000273391
0.0002777
0.000282126
0.000286652
0.000291256
0.000295914
0.000300601
0.000305288
0.000309949
0.000314552
0.000319069
0.000323471
0.000327731
0.000331826
0.000335733
0.000339434
0.000342912
0.000346149
0.000349127
0.000351822
0.000354208
0.000356253
0.000357923
0.00035918
0.000359942
0.000269392
0.000273407
0.00027752
0.000281713
0.000285965
0.000290255
0.000294558
0.000298849
0.000303102
0.00030729
0.000311386
0.000315365
0.000319202
0.000322876
0.000326368
0.000329661
0.000332741
0.000335595
0.000338205
0.000340555
0.000342622
0.000344384
0.000345816
0.00034689
0.000347538
0.000265269
0.000269007
0.000272825
0.000276705
0.000280629
0.000284575
0.000288522
0.000292447
0.000296324
0.00030013
0.000303841
0.000307432
0.000310882
0.000314173
0.000317288
0.000320212
0.000322936
0.000325446
0.000327731
0.000329778
0.000331571
0.000333093
0.000334326
0.000335252
0.000335809
0.00026105
0.000264526
0.000268066
0.000271653
0.00027527
0.000278898
0.000282515
0.0002861
0.000289632
0.000293086
0.000296442
0.000299679
0.000302777
0.000305719
0.000308492
0.000311084
0.000313486
0.000315691
0.000317689
0.00031947
0.000321025
0.000322341
0.000323408
0.000324211
0.000324695
0.00025676
0.000259989
0.000263268
0.000266581
0.000269912
0.000273242
0.000276554
0.000279826
0.000283038
0.00028617
0.000289201
0.000292113
0.00029489
0.000297515
0.000299978
0.000302271
0.000304385
0.000306316
0.000308059
0.000309608
0.000310955
0.000312094
0.000313019
0.000313719
0.000314143
0.000252421
0.000255417
0.000258451
0.000261508
0.000264572
0.000267627
0.000270655
0.000273637
0.000276555
0.00027939
0.000282124
0.00028474
0.000287223
0.000289561
0.000291744
0.000293766
0.000295622
0.000297309
0.000298826
0.000300169
0.000301336
0.000302322
0.000303125
0.000303738
0.000304111
0.000248054
0.000250832
0.000253636
0.000256453
0.000259269
0.000262067
0.000264832
0.000267547
0.000270194
0.000272756
0.000275217
0.000277562
0.000279778
0.000281855
0.000283784
0.000285562
0.000287186
0.000288657
0.000289973
0.000291135
0.000292143
0.000292996
0.000293694
0.000294231
0.000294562
0.000243677
0.000246248
0.000248837
0.000251431
0.000254015
0.000256576
0.000259097
0.000261565
0.000263962
0.000266274
0.000268485
0.000270583
0.000272556
0.000274395
0.000276095
0.000277653
0.000279069
0.000280345
0.000281483
0.000282485
0.000283353
0.000284089
0.000284697
0.000285169
0.000285463
0.000239305
0.000241684
0.000244071
0.000246456
0.000248825
0.000251165
0.000253461
0.0002557
0.000257867
0.000259949
0.000261931
0.000263803
0.000265555
0.000267179
0.000268671
0.000270031
0.000271261
0.000272363
0.000273342
0.000274202
0.000274947
0.000275581
0.000276108
0.000276525
0.000276787
0.000234954
0.000237151
0.00023935
0.00024154
0.000243709
0.000245844
0.000247932
0.00024996
0.000251916
0.000253786
0.000255559
0.000257225
0.000258775
0.000260203
0.000261508
0.000262689
0.000263751
0.000264697
0.000265534
0.000266268
0.000266905
0.000267449
0.000267906
0.000268274
0.000268509
0.000230635
0.000232663
0.000234686
0.000236695
0.000238677
0.000240622
0.000242518
0.000244352
0.000246113
0.000247789
0.00024937
0.000250847
0.000252213
0.000253464
0.000254599
0.00025562
0.00025653
0.000257337
0.000258048
0.00025867
0.00025921
0.000259674
0.00026007
0.000260394
0.000260606
0.000226361
0.00022823
0.000230089
0.000231929
0.000233738
0.000235507
0.000237224
0.000238879
0.000240461
0.000241959
0.000243365
0.00024467
0.000245869
0.000246959
0.00024794
0.000248815
0.00024959
0.000250273
0.000250871
0.000251393
0.000251847
0.000252241
0.000252582
0.000252868
0.000253058
0.000222142
0.000223862
0.000225568
0.000227251
0.0002289
0.000230505
0.000232058
0.000233548
0.000234965
0.0002363
0.000237544
0.000238693
0.00023974
0.000240684
0.000241525
0.000242269
0.000242922
0.000243493
0.00024399
0.000244423
0.000244801
0.000245132
0.000245425
0.000245677
0.000245848
0.000217986
0.000219568
0.000221131
0.000222668
0.000224167
0.000225622
0.000227023
0.00022836
0.000229626
0.000230811
0.000231909
0.000232914
0.000233822
0.000234634
0.00023535
0.000235975
0.000236518
0.000236988
0.000237395
0.000237748
0.000238058
0.000238334
0.000238584
0.000238806
0.000238961
0.000213903
0.000215355
0.000216786
0.000218186
0.000219548
0.000220863
0.000222123
0.00022332
0.000224446
0.000225494
0.000226458
0.000227332
0.000228115
0.000228805
0.000229408
0.000229926
0.000230371
0.00023075
0.000231076
0.000231358
0.000231608
0.000231834
0.000232045
0.000232241
0.00023238
0.000209898
0.00021123
0.000212537
0.000213811
0.000215045
0.000216231
0.000217362
0.00021843
0.000219428
0.00022035
0.000221191
0.000221946
0.000222614
0.000223195
0.000223694
0.000224117
0.000224472
0.000224771
0.000225024
0.000225242
0.000225438
0.000225619
0.000225796
0.000225968
0.000226093
0.00020598
0.000207199
0.000208391
0.000209548
0.000210664
0.00021173
0.000212742
0.000213691
0.000214572
0.000215378
0.000216107
0.000216753
0.000217317
0.000217799
0.000218205
0.00021854
0.000218815
0.000219041
0.000219229
0.000219391
0.000219538
0.00021968
0.000219826
0.000219975
0.000220089
0.000202153
0.000203268
0.000204353
0.000205401
0.000206407
0.000207364
0.000208265
0.000209105
0.000209878
0.000210579
0.000211205
0.000211752
0.000212221
0.000212613
0.000212935
0.000213192
0.000213394
0.000213555
0.000213684
0.000213795
0.000213898
0.000214005
0.000214123
0.000214253
0.000214355
0.000198422
0.00019944
0.000200426
0.000201374
0.000202278
0.000203133
0.000203933
0.000204673
0.000205347
0.000205952
0.000206483
0.000206941
0.000207323
0.000207634
0.000207879
0.000208065
0.000208203
0.000208304
0.000208381
0.000208446
0.000208511
0.000208585
0.000208679
0.000208791
0.000208882
0.000194793
0.000195721
0.000196615
0.00019747
0.00019828
0.000199042
0.000199748
0.000200396
0.000200979
0.000201496
0.000201942
0.000202317
0.000202621
0.000202859
0.000203034
0.000203156
0.000203235
0.000203284
0.000203314
0.000203338
0.000203367
0.000203412
0.000203484
0.000203579
0.000203661
0.000191269
0.000192113
0.000192922
0.000193691
0.000194415
0.00019509
0.000195711
0.000196274
0.000196775
0.00019721
0.000197578
0.000197879
0.000198112
0.000198283
0.000198396
0.00019846
0.000198487
0.000198487
0.000198475
0.000198462
0.00019846
0.000198479
0.00019853
0.00019861
0.000198682
0.000187854
0.00018862
0.00018935
0.00019004
0.000190684
0.00019128
0.000191822
0.000192308
0.000192733
0.000193095
0.000193392
0.000193624
0.000193794
0.000193903
0.00019396
0.000193972
0.000193951
0.000193909
0.000193858
0.000193812
0.000193781
0.000193777
0.00019381
0.000193875
0.000193939
0.000184551
0.000185245
0.000185902
0.000186518
0.00018709
0.000187612
0.000188083
0.000188497
0.000188853
0.000189148
0.00018938
0.000189551
0.000189662
0.000189717
0.000189722
0.000189688
0.000189624
0.000189543
0.000189459
0.000189382
0.000189326
0.000189301
0.000189316
0.000189369
0.000189423
0.000181362
0.000181989
0.000182579
0.000183128
0.000183632
0.000184088
0.000184492
0.000184842
0.000185134
0.000185368
0.000185542
0.000185657
0.000185714
0.00018572
0.00018568
0.000185603
0.000185501
0.000185386
0.00018527
0.000185167
0.000185088
0.000185043
0.000185042
0.000185084
0.000185129
0.00017829
0.000178856
0.000179384
0.000179871
0.000180313
0.000180708
0.000181051
0.000181342
0.000181576
0.000181754
0.000181875
0.000181939
0.000181949
0.00018191
0.000181828
0.000181714
0.000181578
0.000181432
0.000181289
0.000181162
0.000181062
0.000180999
0.000180984
0.000181014
0.00018105
0.000175338
0.000175847
0.000176318
0.000176747
0.000177133
0.000177471
0.000177759
0.000177996
0.000178178
0.000178305
0.000178377
0.000178396
0.000178363
0.000178284
0.000178166
0.000178018
0.000177851
0.000177677
0.00017751
0.000177361
0.000177242
0.000177164
0.000177134
0.000177153
0.000177182
0.000172506
0.000172963
0.000173381
0.000173759
0.000174092
0.000174379
0.000174616
0.000174803
0.000174938
0.000175019
0.000175048
0.000175026
0.000174954
0.00017484
0.000174689
0.000174511
0.000174317
0.000174119
0.00017393
0.000173762
0.000173626
0.000173532
0.00017349
0.000173497
0.000173519
0.000169797
0.000170205
0.000170576
0.000170905
0.00017119
0.00017143
0.000171622
0.000171764
0.000171856
0.000171896
0.000171886
0.000171827
0.000171721
0.000171575
0.000171395
0.000171191
0.000170973
0.000170754
0.000170545
0.000170359
0.000170208
0.0001701
0.000170046
0.000170042
0.000170056
0.000167211
0.000167575
0.000167901
0.000168186
0.000168428
0.000168625
0.000168776
0.000168878
0.000168931
0.000168934
0.000168889
0.000168798
0.000168662
0.000168488
0.000168283
0.000168055
0.000167816
0.000167578
0.000167352
0.000167151
0.000166985
0.000166865
0.000166798
0.000166783
0.000166789
0.00016475
0.000165073
0.000165359
0.000165604
0.000165806
0.000165964
0.000166077
0.000166143
0.000166161
0.000166132
0.000166057
0.000165936
0.000165774
0.000165576
0.000165349
0.000165102
0.000164845
0.00016459
0.000164349
0.000164134
0.000163956
0.000163823
0.000163745
0.000163718
0.000163714
0.000162413
0.0001627
0.000162948
0.000163157
0.000163323
0.000163447
0.000163526
0.000163559
0.000163547
0.000163489
0.000163387
0.000163241
0.000163057
0.000162838
0.000162592
0.000162328
0.000162056
0.000161787
0.000161534
0.000161307
0.000161116
0.000160972
0.000160882
0.000160843
0.000160829
0.000160203
0.000160455
0.00016067
0.000160845
0.00016098
0.000161072
0.000161121
0.000161126
0.000161087
0.000161004
0.000160878
0.000160711
0.000160507
0.000160271
0.00016001
0.000159732
0.000159448
0.000159168
0.000158904
0.000158666
0.000158465
0.00015831
0.000158209
0.000158157
0.000158131
0.000158119
0.00015834
0.000158524
0.00015867
0.000158775
0.000158839
0.000158862
0.000158842
0.000158779
0.000158674
0.000158528
0.000158344
0.000158125
0.000157875
0.000157601
0.000157313
0.000157019
0.00015673
0.000156458
0.000156212
0.000156002
0.000155836
0.000155723
0.000155657
0.000155618
0.000156161
0.000156354
0.00015651
0.000156629
0.000156709
0.000156748
0.000156747
0.000156705
0.000156622
0.000156499
0.000156337
0.000156139
0.000155907
0.000155646
0.000155364
0.000155068
0.000154768
0.000154474
0.000154195
0.000153943
0.000153725
0.00015355
0.000153424
0.000153343
0.000153289
0.000154329
0.000154496
0.000154628
0.000154723
0.000154779
0.000154797
0.000154776
0.000154715
0.000154616
0.000154478
0.000154303
0.000154093
0.000153852
0.000153585
0.000153297
0.000152997
0.000152694
0.000152397
0.000152116
0.000151859
0.000151635
0.000151452
0.000151313
0.000151215
0.000151143
0.000152622
0.000152767
0.000152877
0.00015295
0.000152987
0.000152986
0.000152947
0.000152871
0.000152757
0.000152607
0.000152422
0.000152205
0.000151959
0.000151688
0.000151399
0.000151099
0.000150797
0.000150501
0.00015022
0.000149962
0.000149734
0.000149543
0.000149392
0.000149273
0.00014918
0.000151042
0.000151166
0.000151256
0.000151311
0.00015133
0.000151313
0.000151259
0.00015117
0.000151045
0.000150886
0.000150695
0.000150473
0.000150225
0.000149954
0.000149667
0.000149372
0.000149074
0.000148784
0.000148508
0.000148253
0.000148024
0.000147827
0.000147662
0.000147522
0.000147404
0.000149586
0.000149692
0.000149765
0.000149803
0.000149807
0.000149776
0.000149711
0.000149611
0.000149478
0.000149313
0.000149118
0.000148895
0.000148648
0.000148381
0.000148101
0.000147814
0.000147527
0.000147247
0.000146981
0.000146734
0.000146508
0.000146308
0.000146131
0.000145965
0.000145816
0.000148255
0.000148345
0.000148402
0.000148426
0.000148417
0.000148375
0.000148299
0.000148192
0.000148053
0.000147884
0.000147688
0.000147467
0.000147225
0.000146966
0.000146697
0.000146423
0.000146152
0.000145889
0.000145641
0.000145408
0.000145193
0.000144994
0.000144806
0.000144611
0.000144425
0.000147047
0.000147123
0.000147167
0.000147179
0.000147159
0.000147107
0.000147024
0.00014691
0.000146768
0.000146598
0.000146404
0.000146187
0.000145953
0.000145706
0.000145452
0.000145198
0.000144949
0.000144711
0.000144488
0.00014428
0.000144084
0.000143895
0.000143701
0.000143473
0.000143241
0.000145962
0.000146025
0.000146058
0.00014606
0.00014603
0.000145971
0.000145882
0.000145764
0.00014562
0.000145451
0.00014526
0.000145051
0.000144828
0.000144597
0.000144363
0.000144133
0.000143914
0.00014371
0.000143524
0.000143353
0.000143191
0.000143026
0.000142833
0.000142572
0.000142284
0.000144998
0.000145051
0.000145074
0.000145067
0.00014503
0.000144964
0.000144871
0.000144751
0.000144606
0.00014444
0.000144255
0.000144055
0.000143845
0.000143632
0.000143422
0.000143223
0.000143042
0.000142883
0.000142748
0.000142633
0.000142525
0.000142405
0.000142232
0.00014194
0.000141588
0.000144154
0.000144198
0.000144213
0.000144199
0.000144156
0.000144086
0.000143989
0.000143867
0.000143724
0.00014356
0.000143382
0.000143192
0.000142998
0.000142806
0.000142624
0.000142461
0.000142325
0.000142223
0.000142156
0.000142119
0.000142096
0.000142056
0.000141936
0.000141631
0.000141214
0.00014343
0.000143466
0.000143474
0.000143454
0.000143407
0.000143333
0.000143233
0.000143111
0.000142968
0.000142809
0.000142637
0.000142459
0.00014228
0.00014211
0.000141958
0.000141835
0.000141752
0.000141718
0.000141738
0.000141809
0.000141912
0.000142008
0.000142003
0.000141732
0.000141276
0.000142823
0.000142854
0.000142856
0.000142832
0.00014278
0.000142703
0.000142601
0.000142479
0.000142337
0.000142181
0.000142016
0.000141847
0.000141683
0.000141534
0.000141412
0.000141331
0.000141305
0.00014135
0.000141476
0.000141688
0.000141972
0.000142286
0.000142503
0.000142373
0.000141977
0.000142333
0.000142359
0.000142357
0.000142329
0.000142274
0.000142194
0.000142091
0.000141967
0.000141827
0.000141673
0.000141513
0.000141352
0.0001412
0.000141069
0.000140974
0.000140931
0.000140962
0.00014109
0.000141337
0.000141721
0.000142252
0.000142897
0.000143511
0.000143752
0.000143668
0.000141957
0.00014198
0.000141975
0.000141944
0.000141886
0.000141804
0.000141699
0.000141574
0.000141432
0.00014128
0.000141121
0.000140964
0.00014082
0.000140701
0.000140624
0.000140612
0.00014069
0.000140892
0.000141259
0.000141834
0.000142665
0.000143775
0.000145082
0.00014629
0.000147296
0.000141688
0.000141708
0.000141701
0.000141667
0.000141607
0.000141523
0.000141415
0.000141288
0.000141144
0.000140989
0.000140829
0.000140671
0.000140526
0.000140409
0.000140338
0.000140336
0.000140437
0.000140683
0.000141135
0.000141876
0.00014302
0.0001447
0.00014715
0.000150922
0.000156032
0.000141517
0.000141536
0.000141528
0.000141493
0.000141431
0.000141343
0.000141233
0.000141103
0.000140956
0.000140797
0.000140632
0.000140469
0.000140319
0.000140196
0.000140118
0.000140111
0.000140209
0.000140462
0.000140946
0.000141783
0.000143162
0.000145373
0.000149168
0.000157398
0.000173406
0.000720298
0.000684691
0.000662321
0.000645251
0.000631576
0.000620253
0.000610526
0.000601922
0.00059414
0.000586974
0.000580269
0.000573911
0.000567813
0.000561907
0.000556142
0.000550477
0.000544883
0.000539337
0.000533822
0.000528326
0.000522839
0.000517355
0.000511869
0.000506379
0.000500883
0.000495379
0.000489868
0.000484349
0.000478823
0.00047329
0.000467753
0.00046221
0.000456665
0.000451118
0.000445569
0.000440021
0.000434473
0.000428928
0.000423386
0.000417848
0.000412315
0.000406788
0.000401267
0.000395753
0.000390247
0.00038475
0.000379261
0.000373782
0.000368312
0.000362852
0.000357403
0.000351965
0.000346537
0.000341121
0.000335715
0.000330322
0.000324939
0.000319568
0.000314209
0.000308861
0.000303524
0.000298199
0.000292886
0.000287584
0.000282292
0.000277013
0.000271743
0.000266485
0.000261238
0.000256
0.000250773
0.000245556
0.000240349
0.000235152
0.000229964
0.000224785
0.000219615
0.000214454
0.000209302
0.000204157
0.000199021
0.000193892
0.000188771
0.000183658
0.000178551
0.000173451
0.000168358
0.000163271
0.00015819
0.000153115
0.000148045
0.000142981
0.000137922
0.000132868
0.000127818
0.000122774
0.000117733
0.000112696
0.000107664
0.000102635
9.7609e-05
9.25867e-05
8.75674e-05
8.25509e-05
7.75372e-05
7.25259e-05
6.7517e-05
6.25102e-05
5.75053e-05
5.25023e-05
4.75009e-05
4.2501e-05
3.75023e-05
3.25048e-05
2.75083e-05
2.25125e-05
1.75175e-05
1.25225e-05
7.52748e-06
2.51425e-06
0.00070264
0.000676806
0.000657575
0.00064223
0.000629529
0.000618768
0.00060941
0.000601071
0.000593487
0.000586471
0.000579881
0.000573612
0.000567582
0.000561727
0.000556002
0.000550368
0.000544799
0.000539272
0.000533772
0.000528287
0.00052281
0.000517333
0.000511853
0.000506367
0.000500874
0.000495373
0.000489863
0.000484345
0.00047882
0.000473289
0.000467751
0.000462209
0.000456664
0.000451117
0.000445568
0.00044002
0.000434472
0.000428927
0.000423385
0.000417847
0.000412313
0.000406786
0.000401265
0.000395751
0.000390245
0.000384748
0.000379259
0.000373779
0.000368309
0.00036285
0.000357401
0.000351962
0.000346534
0.000341118
0.000335713
0.000330319
0.000324936
0.000319565
0.000314206
0.000308858
0.000303521
0.000298197
0.000292883
0.000287581
0.00028229
0.00027701
0.000271741
0.000266483
0.000261235
0.000255998
0.000250771
0.000245554
0.000240347
0.00023515
0.000229962
0.000224783
0.000219613
0.000214452
0.0002093
0.000204155
0.000199019
0.000193891
0.00018877
0.000183656
0.000178549
0.000173449
0.000168356
0.000163269
0.000158188
0.000153113
0.000148044
0.00014298
0.000137921
0.000132867
0.000127817
0.000122773
0.000117732
0.000112696
0.000107663
0.000102634
9.76083e-05
9.25859e-05
8.75667e-05
8.25503e-05
7.75366e-05
7.25254e-05
6.75165e-05
6.25097e-05
5.75049e-05
5.2502e-05
4.75006e-05
4.25007e-05
3.75021e-05
3.25046e-05
2.75081e-05
2.25124e-05
1.75174e-05
1.25224e-05
7.52743e-06
2.51417e-06
0.000682221
0.000664718
0.000649607
0.000636688
0.000625537
0.000615807
0.00060717
0.000599359
0.000592172
0.000585457
0.000579098
0.000573007
0.000567113
0.000561365
0.000555721
0.000550151
0.00054463
0.000539141
0.000533671
0.000528209
0.000522749
0.000517286
0.000511817
0.00050634
0.000500853
0.000495357
0.000489851
0.000484336
0.000478813
0.000473283
0.000467747
0.000462206
0.000456662
0.000451115
0.000445566
0.000440018
0.000434471
0.000428925
0.000423383
0.000417845
0.000412312
0.000406784
0.000401263
0.000395749
0.000390243
0.000384746
0.000379257
0.000373777
0.000368307
0.000362848
0.000357398
0.00035196
0.000346532
0.000341116
0.00033571
0.000330316
0.000324934
0.000319563
0.000314203
0.000308856
0.000303519
0.000298194
0.000292881
0.000287579
0.000282288
0.000277008
0.000271739
0.00026648
0.000261233
0.000255996
0.000250769
0.000245552
0.000240345
0.000235148
0.00022996
0.000224781
0.000219611
0.00021445
0.000209298
0.000204154
0.000199017
0.000193889
0.000188768
0.000183654
0.000178548
0.000173448
0.000168355
0.000163268
0.000158187
0.000153112
0.000148043
0.000142979
0.00013792
0.000132866
0.000127817
0.000122772
0.000117731
0.000112695
0.000107662
0.000102633
9.76077e-05
9.25854e-05
8.75662e-05
8.25498e-05
7.75361e-05
7.2525e-05
6.75161e-05
6.25094e-05
5.75046e-05
5.25017e-05
4.75004e-05
4.25005e-05
3.75019e-05
3.25045e-05
2.7508e-05
2.25123e-05
1.75173e-05
1.25223e-05
7.52708e-06
2.51389e-06
0.000662224
0.000650531
0.000639363
0.000629146
0.000619908
0.000611551
0.000603921
0.000596863
0.000590249
0.000583973
0.000577951
0.00057212
0.000566427
0.000560833
0.000555309
0.000549831
0.000544382
0.000538949
0.000533521
0.000528093
0.000522659
0.000517216
0.000511763
0.000506297
0.00050082
0.000495331
0.000489831
0.000484321
0.000478802
0.000473274
0.00046774
0.000462201
0.000456657
0.000451111
0.000445564
0.000440016
0.000434469
0.000428924
0.000423382
0.000417844
0.000412311
0.000406784
0.000401263
0.000395749
0.000390243
0.000384745
0.000379256
0.000373776
0.000368307
0.000362847
0.000357398
0.000351959
0.000346531
0.000341115
0.000335709
0.000330315
0.000324933
0.000319562
0.000314203
0.000308855
0.000303518
0.000298193
0.00029288
0.000287578
0.000282287
0.000277007
0.000271738
0.00026648
0.000261232
0.000255995
0.000250768
0.000245551
0.000240344
0.000235147
0.000229959
0.000224781
0.000219611
0.00021445
0.000209297
0.000204153
0.000199017
0.000193889
0.000188768
0.000183654
0.000178547
0.000173448
0.000168354
0.000163268
0.000158187
0.000153112
0.000148042
0.000142978
0.000137919
0.000132866
0.000127816
0.000122772
0.000117731
0.000112695
0.000107662
0.000102633
9.76075e-05
9.25852e-05
8.7566e-05
8.25497e-05
7.7536e-05
7.25249e-05
6.7516e-05
6.25093e-05
5.75046e-05
5.25017e-05
4.75003e-05
4.25005e-05
3.75019e-05
3.25045e-05
2.7508e-05
2.25123e-05
1.75172e-05
1.25222e-05
7.52686e-06
2.51374e-06
0.000643359
0.00063585
0.000628045
0.000620444
0.000613221
0.000606398
0.000599938
0.000593782
0.000587864
0.000582127
0.000576523
0.000571013
0.00056557
0.000560169
0.000554794
0.000549431
0.000544071
0.000538706
0.000533332
0.000527945
0.000522544
0.000517126
0.000511692
0.000506242
0.000500777
0.000495298
0.000489805
0.0004843
0.000478786
0.000473262
0.000467731
0.000462193
0.000456652
0.000451107
0.000445561
0.000440014
0.000434467
0.000428923
0.000423381
0.000417844
0.000412311
0.000406784
0.000401263
0.000395749
0.000390243
0.000384745
0.000379257
0.000373777
0.000368307
0.000362848
0.000357398
0.00035196
0.000346532
0.000341116
0.00033571
0.000330316
0.000324934
0.000319563
0.000314204
0.000308856
0.000303519
0.000298194
0.000292881
0.000287579
0.000282288
0.000277008
0.000271739
0.000266481
0.000261233
0.000255996
0.000250769
0.000245552
0.000240345
0.000235148
0.00022996
0.000224781
0.000219612
0.000214451
0.000209298
0.000204154
0.000199018
0.000193889
0.000188768
0.000183655
0.000178548
0.000173448
0.000168355
0.000163268
0.000158187
0.000153112
0.000148043
0.000142979
0.00013792
0.000132866
0.000127817
0.000122772
0.000117731
0.000112695
0.000107662
0.000102633
9.76078e-05
9.25855e-05
8.75663e-05
8.255e-05
7.75363e-05
7.25251e-05
6.75163e-05
6.25096e-05
5.75048e-05
5.25019e-05
4.75005e-05
4.25007e-05
3.75021e-05
3.25046e-05
2.75081e-05
2.25123e-05
1.75172e-05
1.25222e-05
7.52674e-06
2.51367e-06
0.000625709
0.000621355
0.000616391
0.000611213
0.000605981
0.000600737
0.000595518
0.000590341
0.000585192
0.000580055
0.000574917
0.000569769
0.000564604
0.00055942
0.000554212
0.000548978
0.000543718
0.000538431
0.000533117
0.000527777
0.000522412
0.000517022
0.000511611
0.000506178
0.000500727
0.000495258
0.000489774
0.000484276
0.000478766
0.000473247
0.000467719
0.000462185
0.000456645
0.000451102
0.000445557
0.000440011
0.000434466
0.000428922
0.000423381
0.000417844
0.000412312
0.000406785
0.000401264
0.000395751
0.000390245
0.000384747
0.000379259
0.000373779
0.00036831
0.00036285
0.000357401
0.000351962
0.000346535
0.000341118
0.000335713
0.000330319
0.000324937
0.000319566
0.000314206
0.000308858
0.000303522
0.000298197
0.000292883
0.000287581
0.00028229
0.00027701
0.000271741
0.000266483
0.000261235
0.000255998
0.000250771
0.000245554
0.000240347
0.00023515
0.000229962
0.000224783
0.000219614
0.000214453
0.0002093
0.000204156
0.000199019
0.000193891
0.00018877
0.000183656
0.00017855
0.00017345
0.000168356
0.00016327
0.000158189
0.000153114
0.000148044
0.00014298
0.000137921
0.000132867
0.000127818
0.000122773
0.000117732
0.000112696
0.000107663
0.000102634
9.76086e-05
9.25863e-05
8.75671e-05
8.25507e-05
7.75369e-05
7.25257e-05
6.75168e-05
6.25101e-05
5.75053e-05
5.25023e-05
4.7501e-05
4.25011e-05
3.75024e-05
3.25049e-05
2.75083e-05
2.25126e-05
1.75174e-05
1.25222e-05
7.52673e-06
2.51366e-06
0.00060916
0.000607344
0.000604865
0.000601931
0.000598601
0.000594914
0.00059096
0.000586788
0.000582429
0.000577909
0.000573251
0.000568475
0.0005636
0.000558639
0.000553604
0.000548505
0.000543348
0.000538142
0.00053289
0.000527599
0.000522272
0.000516912
0.000511524
0.000506109
0.000500672
0.000495215
0.00048974
0.000484249
0.000478746
0.000473231
0.000467707
0.000462175
0.000456638
0.000451097
0.000445554
0.000440009
0.000434465
0.000428922
0.000423382
0.000417845
0.000412313
0.000406787
0.000401267
0.000395754
0.000390248
0.000384751
0.000379262
0.000373783
0.000368314
0.000362854
0.000357405
0.000351967
0.000346539
0.000341123
0.000335717
0.000330324
0.000324941
0.00031957
0.000314211
0.000308863
0.000303526
0.000298201
0.000292888
0.000287586
0.000282294
0.000277014
0.000271745
0.000266487
0.000261239
0.000256002
0.000250775
0.000245558
0.000240351
0.000235154
0.000229966
0.000224787
0.000219617
0.000214456
0.000209303
0.000204159
0.000199022
0.000193894
0.000188773
0.000183659
0.000178552
0.000173452
0.000168359
0.000163272
0.000158191
0.000153116
0.000148046
0.000142982
0.000137923
0.000132869
0.00012782
0.000122775
0.000117734
0.000112697
0.000107665
0.000102636
9.76099e-05
9.25875e-05
8.75682e-05
8.25517e-05
7.7538e-05
7.25267e-05
6.75177e-05
6.25109e-05
5.75061e-05
5.2503e-05
4.75016e-05
4.25016e-05
3.75029e-05
3.25054e-05
2.75087e-05
2.25129e-05
1.75176e-05
1.25224e-05
7.52683e-06
2.51369e-06
0.000593615
0.000593999
0.000593819
0.000592988
0.000591464
0.000589293
0.000586566
0.000583365
0.000579768
0.000575842
0.000571646
0.000567229
0.000562631
0.000557885
0.000553016
0.000548045
0.000542988
0.000537859
0.000532668
0.000527424
0.000522133
0.000516803
0.000511437
0.000506041
0.000500618
0.000495172
0.000489706
0.000484222
0.000478724
0.000473214
0.000467694
0.000462165
0.000456631
0.000451092
0.00044555
0.000440007
0.000434464
0.000428922
0.000423383
0.000417847
0.000412316
0.00040679
0.00040127
0.000395758
0.000390253
0.000384756
0.000379267
0.000373788
0.000368319
0.00036286
0.000357411
0.000351972
0.000346545
0.000341129
0.000335723
0.00033033
0.000324947
0.000319576
0.000314217
0.000308869
0.000303532
0.000298207
0.000292894
0.000287591
0.0002823
0.00027702
0.000271751
0.000266492
0.000261245
0.000256007
0.00025078
0.000245563
0.000240356
0.000235158
0.00022997
0.000224791
0.000219621
0.00021446
0.000209307
0.000204163
0.000199026
0.000193898
0.000188776
0.000183663
0.000178556
0.000173456
0.000168362
0.000163275
0.000158194
0.000153119
0.000148049
0.000142985
0.000137926
0.000132871
0.000127822
0.000122777
0.000117736
0.000112699
0.000107667
0.000102637
9.76116e-05
9.25891e-05
8.75697e-05
8.25532e-05
7.75393e-05
7.25279e-05
6.75189e-05
6.2512e-05
5.75071e-05
5.25039e-05
4.75024e-05
4.25024e-05
3.75036e-05
3.25059e-05
2.75092e-05
2.25133e-05
1.7518e-05
1.25227e-05
7.52703e-06
2.51376e-06
0.000579028
0.000581483
0.000583583
0.000584806
0.000585001
0.000584233
0.000582625
0.000580303
0.000577391
0.000573997
0.000570213
0.000566115
0.000561763
0.000557208
0.000552487
0.00054763
0.000542662
0.000537602
0.000532465
0.000527263
0.000522005
0.000516701
0.000511356
0.000505976
0.000500566
0.00049513
0.000489673
0.000484196
0.000478704
0.000473198
0.000467681
0.000462156
0.000456624
0.000451087
0.000445547
0.000440006
0.000434464
0.000428923
0.000423385
0.00041785
0.000412319
0.000406794
0.000401275
0.000395763
0.000390258
0.000384761
0.000379273
0.000373795
0.000368325
0.000362866
0.000357418
0.000351979
0.000346552
0.000341136
0.00033573
0.000330337
0.000324954
0.000319583
0.000314224
0.000308876
0.000303539
0.000298214
0.000292901
0.000287598
0.000282307
0.000277027
0.000271758
0.000266499
0.000261251
0.000256014
0.000250786
0.000245569
0.000240362
0.000235164
0.000229976
0.000224797
0.000219627
0.000214465
0.000209312
0.000204168
0.000199031
0.000193902
0.000188781
0.000183667
0.00017856
0.00017346
0.000168366
0.000163279
0.000158197
0.000153122
0.000148052
0.000142988
0.000137929
0.000132874
0.000127825
0.000122779
0.000117739
0.000112702
0.000107669
0.00010264
9.76137e-05
9.25911e-05
8.75715e-05
8.25549e-05
7.75409e-05
7.25294e-05
6.75203e-05
6.25133e-05
5.75082e-05
5.2505e-05
4.75034e-05
4.25032e-05
3.75044e-05
3.25066e-05
2.75098e-05
2.25138e-05
1.75184e-05
1.2523e-05
7.52733e-06
2.51389e-06
0.000565351
0.000569954
0.000574521
0.000577801
0.000579591
0.000580061
0.000579409
0.000577821
0.000575472
0.000572509
0.000569057
0.000565214
0.00056106
0.000556657
0.000552053
0.000547289
0.000542392
0.000537388
0.000532294
0.000527127
0.000521896
0.000516613
0.000511285
0.000505919
0.00050052
0.000495094
0.000489643
0.000484172
0.000478685
0.000473183
0.00046767
0.000462147
0.000456618
0.000451083
0.000445544
0.000440004
0.000434464
0.000428924
0.000423387
0.000417853
0.000412323
0.000406798
0.00040128
0.000395768
0.000390264
0.000384767
0.00037928
0.000373801
0.000368333
0.000362874
0.000357425
0.000351987
0.00034656
0.000341144
0.000335738
0.000330345
0.000324962
0.000319591
0.000314232
0.000308884
0.000303547
0.000298222
0.000292908
0.000287606
0.000282315
0.000277034
0.000271765
0.000266506
0.000261258
0.000256021
0.000250793
0.000245576
0.000240369
0.000235171
0.000229982
0.000224803
0.000219633
0.000214471
0.000209318
0.000204173
0.000199037
0.000193907
0.000188786
0.000183672
0.000178565
0.000173464
0.00016837
0.000163283
0.000158202
0.000153126
0.000148056
0.000142991
0.000137932
0.000132878
0.000127828
0.000122782
0.000117741
0.000112704
0.000107671
0.000102642
9.7616e-05
9.25932e-05
8.75736e-05
8.25568e-05
7.75427e-05
7.25311e-05
6.75218e-05
6.25147e-05
5.75095e-05
5.25062e-05
4.75045e-05
4.25042e-05
3.75052e-05
3.25074e-05
2.75105e-05
2.25143e-05
1.75189e-05
1.25234e-05
7.52772e-06
2.51409e-06
0.000552021
0.000559355
0.000566983
0.000572367
0.000575576
0.000577062
0.000577147
0.000576101
0.000574151
0.000571488
0.000568262
0.000564592
0.00056057
0.000556268
0.000551745
0.000547043
0.000542195
0.00053723
0.000532167
0.000527023
0.000521812
0.000516545
0.000511229
0.000505873
0.000500483
0.000495063
0.000489618
0.000484152
0.000478668
0.00047317
0.00046766
0.000462139
0.000456612
0.000451079
0.000445542
0.000440003
0.000434464
0.000428925
0.000423389
0.000417856
0.000412327
0.000406803
0.000401285
0.000395773
0.000390269
0.000384774
0.000379286
0.000373808
0.00036834
0.000362881
0.000357433
0.000351995
0.000346568
0.000341152
0.000335747
0.000330353
0.000324971
0.0003196
0.00031424
0.000308892
0.000303556
0.00029823
0.000292917
0.000287614
0.000282323
0.000277042
0.000271773
0.000266514
0.000261266
0.000256028
0.000250801
0.000245583
0.000240376
0.000235178
0.000229989
0.00022481
0.000219639
0.000214477
0.000209324
0.000204179
0.000199042
0.000193913
0.000188791
0.000183677
0.00017857
0.000173469
0.000168375
0.000163287
0.000158206
0.00015313
0.00014806
0.000142995
0.000137936
0.000132881
0.000127831
0.000122786
0.000117744
0.000112707
0.000107674
0.000102644
9.76184e-05
9.25955e-05
8.75757e-05
8.25588e-05
7.75445e-05
7.25328e-05
6.75234e-05
6.25162e-05
5.75109e-05
5.25074e-05
4.75056e-05
4.25052e-05
3.75061e-05
3.25081e-05
2.75111e-05
2.25149e-05
1.75193e-05
1.25238e-05
7.5282e-06
2.51441e-06
0.000537665
0.000550404
0.00056198
0.00056909
0.000573277
0.000575422
0.000575956
0.000575215
0.00057348
0.000570972
0.000567859
0.000564274
0.000560317
0.000556066
0.000551581
0.000546908
0.000542085
0.000537139
0.000532092
0.000526961
0.000521761
0.000516502
0.000511194
0.000505844
0.000500459
0.000495043
0.000489602
0.000484139
0.000478657
0.000473161
0.000467652
0.000462134
0.000456608
0.000451076
0.00044554
0.000440003
0.000434464
0.000428927
0.000423391
0.000417858
0.00041233
0.000406806
0.000401289
0.000395778
0.000390274
0.000384779
0.000379292
0.000373814
0.000368346
0.000362887
0.000357439
0.000352001
0.000346574
0.000341158
0.000335753
0.00033036
0.000324977
0.000319606
0.000314247
0.000308899
0.000303562
0.000298237
0.000292923
0.000287621
0.000282329
0.000277049
0.000271779
0.00026652
0.000261272
0.000256034
0.000250807
0.000245589
0.000240381
0.000235183
0.000229994
0.000224815
0.000219644
0.000214482
0.000209329
0.000204184
0.000199047
0.000193917
0.000188796
0.000183681
0.000178574
0.000173473
0.000168379
0.000163291
0.000158209
0.000153133
0.000148063
0.000142998
0.000137939
0.000132884
0.000127834
0.000122788
0.000117747
0.00011271
0.000107676
0.000102647
9.76203e-05
9.25973e-05
8.75774e-05
8.25604e-05
7.75461e-05
7.25342e-05
6.75247e-05
6.25174e-05
5.7512e-05
5.25084e-05
4.75065e-05
4.2506e-05
3.75068e-05
3.25088e-05
2.75116e-05
2.25153e-05
1.75196e-05
1.2524e-05
7.52835e-06
2.51453e-06
)
;

boundaryField
{
    frontWall
    {
        type            empty;
    }
    backWall
    {
        type            empty;
    }
    sideWall
    {
        type            zeroGradient;
    }
    outlet
    {
        type            fixedValue;
        value           uniform 0;
    }
    inlet
    {
        type            zeroGradient;
    }
}


// ************************************************************************* //
