/*--------------------------------*- C++ -*----------------------------------*\
  =========                 |
  \\      /  F ield         | OpenFOAM: The Open Source CFD Toolbox
   \\    /   O peration     | Website:  https://openfoam.org
    \\  /    A nd           | Version:  13
     \\/     M anipulation  |
\*---------------------------------------------------------------------------*/
FoamFile
{
    format      ascii;
    class       volScalarField;
    location    "5";
    object      p;
}
// * * * * * * * * * * * * * * * * * * * * * * * * * * * * * * * * * * * * * //

dimensions      [0 2 -2 0 0 0 0];

internalField   nonuniform List<scalar> 
6440
(
0.00159635
0.00159657
0.00159707
0.00159783
0.00159882
0.00159999
0.00160126
0.00160255
0.00160376
0.00160481
0.00160558
0.00160599
0.00160596
0.00160543
0.00160438
0.00160282
0.00160079
0.00159836
0.00159562
0.00159268
0.00158963
0.00158653
0.00158351
0.00158066
0.00157829
0.00159499
0.00159521
0.00159569
0.00159642
0.00159739
0.00159854
0.00159983
0.00160118
0.0016025
0.00160371
0.00160471
0.00160539
0.00160567
0.00160545
0.00160467
0.00160329
0.0016013
0.00159874
0.00159562
0.00159199
0.00158792
0.00158357
0.00157911
0.00157477
0.00157097
0.00159289
0.00159316
0.00159369
0.0015945
0.00159555
0.00159681
0.00159825
0.00159981
0.00160138
0.00160288
0.0016042
0.00160522
0.00160584
0.00160592
0.00160538
0.00160412
0.00160211
0.00159931
0.0015957
0.00159128
0.00158622
0.00158066
0.00157487
0.00156927
0.00156452
0.00159017
0.0015905
0.00159112
0.00159204
0.00159325
0.0015947
0.00159635
0.00159814
0.00160002
0.00160184
0.0016035
0.00160487
0.00160582
0.00160622
0.00160592
0.00160481
0.0016028
0.00159982
0.00159583
0.00159076
0.00158485
0.00157827
0.00157132
0.00156463
0.00155905
0.00158675
0.00158715
0.00158786
0.00158893
0.00159031
0.00159197
0.00159385
0.0015959
0.00159804
0.0016002
0.00160221
0.00160396
0.00160528
0.00160603
0.00160604
0.00160517
0.00160329
0.00160029
0.0015961
0.0015906
0.00158404
0.00157659
0.0015686
0.00156087
0.00155445
0.00158259
0.00158305
0.00158388
0.00158508
0.00158664
0.00158851
0.00159064
0.00159294
0.00159537
0.00159784
0.00160021
0.00160233
0.00160406
0.00160521
0.00160562
0.0016051
0.00160348
0.00160063
0.00159644
0.00159077
0.00158373
0.00157555
0.00156661
0.00155787
0.00155061
0.00157769
0.00157821
0.00157913
0.00158048
0.00158223
0.00158432
0.00158669
0.00158927
0.00159197
0.00159473
0.00159746
0.00159996
0.0016021
0.0016037
0.00160457
0.0016045
0.00160328
0.00160075
0.00159676
0.00159114
0.00158379
0.001575
0.0015652
0.00155548
0.00154738
0.00157203
0.00157262
0.00157364
0.00157514
0.00157708
0.0015794
0.00158202
0.00158488
0.00158787
0.00159094
0.00159399
0.00159685
0.0015994
0.00160146
0.00160283
0.00160329
0.00160259
0.00160051
0.00159686
0.00159145
0.00158402
0.0015748
0.0015642
0.0015535
0.00154455
0.00156564
0.00156628
0.00156741
0.00156907
0.0015712
0.00157375
0.00157664
0.00157978
0.00158309
0.00158645
0.0015898
0.00159304
0.00159598
0.00159848
0.00160035
0.00160138
0.00160129
0.00159979
0.00159662
0.00159156
0.00158432
0.00157479
0.00156347
0.0015518
0.00154202
0.00155855
0.00155924
0.00156047
0.00156227
0.0015646
0.00156739
0.00157055
0.001574
0.00157763
0.00158133
0.00158502
0.0015886
0.0015919
0.0015948
0.00159714
0.00159872
0.00159926
0.00159844
0.0015959
0.00159134
0.00158446
0.00157487
0.001563
0.00155046
0.00153985
0.00155078
0.00155151
0.00155283
0.00155476
0.00155727
0.00156029
0.00156373
0.0015675
0.00157147
0.00157554
0.0015796
0.00158352
0.00158718
0.00159045
0.00159321
0.00159529
0.00159644
0.00159634
0.00159457
0.00159068
0.00158429
0.00157498
0.00156278
0.00154947
0.00153803
0.00154239
0.00154315
0.00154453
0.00154657
0.00154924
0.00155246
0.00155615
0.00156023
0.00156456
0.00156902
0.00157348
0.00157778
0.00158182
0.00158546
0.0015886
0.00159112
0.00159283
0.00159343
0.00159249
0.00158947
0.00158379
0.00157498
0.00156274
0.00154878
0.0015365
0.00153345
0.00153422
0.00153563
0.00153774
0.0015405
0.00154387
0.00154778
0.00155212
0.00155679
0.00156165
0.00156654
0.00157129
0.00157576
0.0015798
0.00158334
0.00158627
0.00158846
0.00158969
0.00158959
0.00158757
0.00158287
0.00157477
0.00156285
0.00154836
0.00153524
0.00152404
0.0015248
0.00152621
0.00152832
0.00153112
0.00153455
0.00153857
0.0015431
0.00154803
0.00155325
0.00155857
0.00156382
0.0015688
0.00157334
0.00157734
0.00158073
0.00158341
0.00158523
0.0015859
0.00158491
0.00158141
0.00157436
0.00156297
0.00154838
0.00153452
0.00151428
0.001515
0.00151635
0.00151841
0.00152115
0.00152453
0.00152854
0.0015331
0.00153815
0.00154358
0.00154923
0.00155493
0.00156051
0.00156571
0.00157036
0.00157437
0.00157764
0.00158011
0.00158157
0.00158158
0.00157938
0.00157373
0.00156333
0.00154906
0.0015346
0.00150429
0.00150494
0.0015062
0.00150812
0.00151069
0.0015139
0.00151773
0.00152214
0.00152708
0.00153248
0.00153821
0.00154418
0.00155027
0.00155619
0.00156171
0.00156667
0.0015709
0.00157425
0.0015766
0.00157771
0.0015769
0.00157295
0.00156421
0.00155083
0.00153607
0.00149422
0.00149478
0.00149589
0.0014976
0.0014999
0.00150279
0.00150625
0.00151027
0.00151483
0.00151987
0.00152535
0.00153124
0.00153745
0.00154391
0.00155031
0.00155645
0.00156207
0.0015669
0.00157069
0.00157317
0.00157398
0.00157225
0.00156605
0.00155474
0.00154072
0.00148422
0.00148468
0.00148559
0.00148702
0.00148894
0.00149137
0.00149429
0.00149769
0.00150158
0.00150592
0.00151072
0.00151603
0.00152184
0.00152818
0.00153506
0.00154217
0.00154927
0.00155607
0.00156222
0.00156729
0.00157077
0.00157203
0.00156969
0.00156319
0.00155212
0.00147447
0.00147481
0.0014755
0.00147659
0.00147805
0.0014799
0.00148213
0.00148473
0.00148771
0.00149107
0.00149488
0.00149922
0.00150415
0.00150971
0.00151596
0.00152306
0.00153098
0.00153942
0.00154818
0.00155707
0.00156552
0.00157289
0.00157772
0.00158017
0.00157673
0.00146512
0.00146534
0.00146581
0.00146654
0.00146755
0.00146881
0.00147033
0.0014721
0.00147414
0.00147647
0.00147919
0.00148237
0.0014861
0.00149048
0.00149567
0.00150183
0.00150907
0.00151765
0.00152777
0.00153968
0.00155357
0.00156975
0.00158757
0.00160781
0.00162589
0.00145626
0.0014564
0.00145673
0.00145726
0.00145799
0.00145891
0.00146002
0.00146132
0.00146283
0.0014646
0.00146668
0.00146916
0.00147213
0.00147571
0.00148006
0.00148536
0.00149183
0.00149979
0.00150966
0.00152188
0.00153768
0.0015581
0.00158649
0.00163229
0.00171782
0.00144767
0.0014478
0.0014481
0.00144858
0.00144925
0.00145011
0.00145114
0.00145237
0.00145381
0.0014555
0.00145751
0.00145989
0.00146275
0.0014662
0.00147041
0.00147556
0.00148191
0.00148982
0.00149975
0.00151234
0.0015287
0.00155054
0.00158139
0.00162795
0.00169959
0.00143937
0.0014395
0.00143979
0.00144027
0.00144093
0.00144178
0.00144282
0.00144405
0.0014455
0.00144721
0.00144923
0.00145162
0.00145448
0.00145792
0.00146209
0.00146718
0.00147346
0.00148124
0.00149099
0.00150331
0.00151913
0.00153981
0.00156748
0.00160472
0.00165058
0.00143134
0.00143148
0.00143177
0.00143224
0.00143289
0.00143373
0.00143476
0.00143598
0.00143743
0.00143912
0.00144111
0.00144345
0.00144623
0.00144956
0.00145358
0.00145846
0.00146441
0.00147173
0.00148076
0.00149199
0.00150601
0.00152357
0.00154541
0.00157161
0.00159962
0.00142361
0.00142374
0.00142402
0.00142447
0.00142511
0.00142592
0.00142691
0.00142809
0.00142947
0.00143108
0.00143297
0.00143518
0.00143778
0.00144088
0.00144458
0.00144903
0.00145439
0.00146089
0.00146876
0.00147828
0.00148974
0.00150337
0.00151911
0.00153618
0.00155232
0.00141617
0.00141629
0.00141656
0.00141698
0.00141758
0.00141834
0.00141926
0.00142036
0.00142164
0.00142313
0.00142485
0.00142684
0.00142918
0.00143193
0.00143518
0.00143903
0.00144361
0.00144905
0.00145547
0.00146298
0.00147165
0.00148136
0.00149173
0.00150179
0.00150982
0.00140902
0.00140913
0.00140938
0.00140977
0.00141031
0.001411
0.00141184
0.00141283
0.00141397
0.00141528
0.00141678
0.00141851
0.0014205
0.00142282
0.00142552
0.00142867
0.00143234
0.00143658
0.00144143
0.00144689
0.00145285
0.00145905
0.00146497
0.00146975
0.0014721
0.00140216
0.00140226
0.00140248
0.00140283
0.00140331
0.00140391
0.00140464
0.00140549
0.00140647
0.00140757
0.00140882
0.00141023
0.00141183
0.00141366
0.00141575
0.00141813
0.00142083
0.00142384
0.00142715
0.00143065
0.00143416
0.00143736
0.00143974
0.00144056
0.00143888
0.0013956
0.00139569
0.00139588
0.00139617
0.00139658
0.00139709
0.00139769
0.00139839
0.00139917
0.00140004
0.00140101
0.00140207
0.00140325
0.00140456
0.001406
0.0014076
0.00140933
0.00141115
0.001413
0.00141473
0.00141612
0.00141684
0.00141645
0.00141433
0.00140977
0.00138935
0.00138942
0.00138957
0.00138981
0.00139013
0.00139053
0.001391
0.00139153
0.00139211
0.00139273
0.00139339
0.00139409
0.00139483
0.00139561
0.00139642
0.00139725
0.00139805
0.00139877
0.00139929
0.00139947
0.00139907
0.0013978
0.00139526
0.00139097
0.00138437
0.0013834
0.00138345
0.00138356
0.00138374
0.00138398
0.00138426
0.00138459
0.00138494
0.0013853
0.00138567
0.00138602
0.00138636
0.00138666
0.00138692
0.00138712
0.00138721
0.00138716
0.00138687
0.00138624
0.0013851
0.00138323
0.00138038
0.0013762
0.00137031
0.00136229
0.00137776
0.00137779
0.00137786
0.00137798
0.00137812
0.00137829
0.00137847
0.00137864
0.00137879
0.00137889
0.00137894
0.00137892
0.0013788
0.00137857
0.00137819
0.00137761
0.00137678
0.00137561
0.00137398
0.00137174
0.00136869
0.0013646
0.0013592
0.00135216
0.00134318
0.00137243
0.00137245
0.00137248
0.00137252
0.00137258
0.00137263
0.00137266
0.00137265
0.00137258
0.00137244
0.00137219
0.00137182
0.00137131
0.00137061
0.00136971
0.00136853
0.00136702
0.00136509
0.00136262
0.00135948
0.00135549
0.00135046
0.00134415
0.00133631
0.00132671
0.00136742
0.00136742
0.0013674
0.00136738
0.00136735
0.00136728
0.00136717
0.00136699
0.00136672
0.00136633
0.0013658
0.00136511
0.00136423
0.00136312
0.00136174
0.00136003
0.00135793
0.00135536
0.00135221
0.00134834
0.00134363
0.00133788
0.00133092
0.00132256
0.0013126
0.00136272
0.0013627
0.00136265
0.00136257
0.00136245
0.00136227
0.00136202
0.00136167
0.0013612
0.00136059
0.0013598
0.00135882
0.0013576
0.00135611
0.00135432
0.00135215
0.00134956
0.00134646
0.00134275
0.00133832
0.00133305
0.00132679
0.0013194
0.00131071
0.00130059
0.00135835
0.00135831
0.00135822
0.00135808
0.00135787
0.00135759
0.0013572
0.0013567
0.00135605
0.00135523
0.00135421
0.00135296
0.00135144
0.00134963
0.00134748
0.00134493
0.00134192
0.00133839
0.00133424
0.00132938
0.00132371
0.0013171
0.00130943
0.00130059
0.00129045
0.0013543
0.00135425
0.00135412
0.00135392
0.00135363
0.00135325
0.00135274
0.00135209
0.00135127
0.00135026
0.00134903
0.00134755
0.00134578
0.00134368
0.00134123
0.00133836
0.00133502
0.00133115
0.00132667
0.00132149
0.00131554
0.00130871
0.0013009
0.00129202
0.00128198
0.00135057
0.0013505
0.00135034
0.00135008
0.00134972
0.00134925
0.00134863
0.00134785
0.00134688
0.00134571
0.00134429
0.0013426
0.00134061
0.00133828
0.00133557
0.00133245
0.00132885
0.00132472
0.00131999
0.0013146
0.00130847
0.00130152
0.00129367
0.00128485
0.001275
0.00134716
0.00134707
0.00134688
0.00134658
0.00134615
0.00134559
0.00134487
0.00134398
0.00134288
0.00134155
0.00133997
0.00133811
0.00133593
0.00133341
0.00133051
0.00132718
0.00132338
0.00131906
0.00131417
0.00130864
0.00130242
0.00129544
0.00128764
0.00127896
0.00126935
0.00134407
0.00134397
0.00134374
0.00134339
0.00134291
0.00134227
0.00134147
0.00134047
0.00133926
0.0013378
0.00133609
0.00133408
0.00133175
0.00132908
0.00132602
0.00132254
0.0013186
0.00131415
0.00130916
0.00130357
0.00129732
0.00129038
0.00128268
0.00127419
0.00126488
0.00134128
0.00134117
0.00134092
0.00134053
0.00134
0.0013393
0.00133841
0.00133732
0.00133601
0.00133446
0.00133263
0.0013305
0.00132806
0.00132526
0.00132209
0.0013185
0.00131447
0.00130995
0.00130491
0.0012993
0.00129309
0.00128624
0.0012787
0.00127045
0.00126146
0.0013388
0.00133868
0.00133841
0.00133799
0.00133741
0.00133665
0.0013357
0.00133454
0.00133314
0.0013315
0.00132958
0.00132736
0.00132483
0.00132195
0.00131869
0.00131504
0.00131095
0.00130641
0.00130137
0.0012958
0.00128967
0.00128295
0.00127561
0.00126763
0.00125898
0.00133662
0.00133649
0.0013362
0.00133575
0.00133513
0.00133432
0.00133332
0.00133209
0.00133063
0.00132892
0.00132693
0.00132465
0.00132205
0.00131911
0.00131581
0.00131212
0.00130802
0.00130349
0.00129848
0.00129299
0.00128698
0.00128043
0.00127331
0.00126562
0.00125733
0.00133473
0.00133459
0.00133428
0.00133381
0.00133316
0.00133231
0.00133126
0.00132999
0.00132848
0.00132671
0.00132467
0.00132234
0.0013197
0.00131673
0.00131341
0.00130972
0.00130564
0.00130114
0.00129621
0.00129082
0.00128495
0.00127859
0.00127172
0.00126434
0.00125642
0.00133312
0.00133297
0.00133266
0.00133216
0.00133148
0.00133061
0.00132952
0.00132821
0.00132666
0.00132486
0.00132278
0.00132042
0.00131776
0.00131479
0.00131147
0.0013078
0.00130376
0.00129933
0.00129449
0.00128923
0.00128354
0.00127739
0.00127078
0.0012637
0.00125616
0.00133178
0.00133163
0.0013313
0.00133079
0.00133009
0.00132919
0.00132808
0.00132674
0.00132516
0.00132334
0.00132125
0.00131888
0.00131622
0.00131325
0.00130996
0.00130633
0.00130235
0.00129801
0.00129329
0.00128818
0.00128266
0.00127674
0.0012704
0.00126365
0.00125647
0.0013307
0.00133054
0.00133021
0.00132969
0.00132897
0.00132806
0.00132693
0.00132557
0.00132398
0.00132214
0.00132005
0.00131768
0.00131503
0.00131209
0.00130884
0.00130527
0.00130138
0.00129714
0.00129255
0.0012876
0.00128229
0.0012766
0.00127054
0.0012641
0.00125729
0.00132987
0.00132971
0.00132937
0.00132884
0.00132812
0.00132719
0.00132605
0.00132468
0.00132309
0.00132125
0.00131916
0.00131681
0.00131419
0.00131129
0.0013081
0.0013046
0.0013008
0.00129668
0.00129224
0.00128746
0.00128235
0.00127691
0.00127112
0.001265
0.00125855
0.00132927
0.00132911
0.00132877
0.00132824
0.00132751
0.00132657
0.00132543
0.00132406
0.00132247
0.00132064
0.00131857
0.00131625
0.00131366
0.00131082
0.00130769
0.00130429
0.00130059
0.0012966
0.00129231
0.00128772
0.00128282
0.00127761
0.0012721
0.00126629
0.0012602
0.0013289
0.00132874
0.0013284
0.00132787
0.00132713
0.0013262
0.00132506
0.0013237
0.00132211
0.0013203
0.00131826
0.00131597
0.00131344
0.00131065
0.0013076
0.00130429
0.00130071
0.00129686
0.00129273
0.00128832
0.00128363
0.00127867
0.00127343
0.00126793
0.00126217
0.00132875
0.00132859
0.00132824
0.00132771
0.00132698
0.00132605
0.00132491
0.00132356
0.001322
0.00132021
0.0013182
0.00131596
0.00131348
0.00131076
0.0013078
0.0013046
0.00130114
0.00129743
0.00129346
0.00128924
0.00128476
0.00128004
0.00127507
0.00126987
0.00126444
0.00132879
0.00132863
0.00132829
0.00132776
0.00132703
0.00132611
0.00132499
0.00132365
0.00132211
0.00132036
0.00131838
0.00131619
0.00131378
0.00131114
0.00130827
0.00130517
0.00130183
0.00129827
0.00129447
0.00129043
0.00128617
0.00128168
0.00127698
0.00127206
0.00126695
0.00132902
0.00132886
0.00132852
0.001328
0.00132728
0.00132637
0.00132526
0.00132395
0.00132243
0.00132071
0.00131879
0.00131665
0.0013143
0.00131174
0.00130897
0.00130598
0.00130278
0.00129936
0.00129572
0.00129188
0.00128782
0.00128357
0.00127912
0.00127448
0.00126967
0.00132942
0.00132927
0.00132893
0.00132842
0.00132771
0.00132681
0.00132572
0.00132443
0.00132295
0.00132127
0.00131939
0.00131732
0.00131504
0.00131256
0.00130989
0.00130701
0.00130394
0.00130067
0.0012972
0.00129354
0.00128969
0.00128566
0.00128145
0.00127709
0.00127257
0.00132999
0.00132983
0.00132951
0.001329
0.00132831
0.00132742
0.00132635
0.00132509
0.00132365
0.00132201
0.00132018
0.00131817
0.00131597
0.00131358
0.001311
0.00130824
0.0013053
0.00130217
0.00129886
0.00129538
0.00129173
0.00128792
0.00128396
0.00127985
0.00127561
0.0013307
0.00133055
0.00133023
0.00132973
0.00132905
0.00132819
0.00132714
0.00132591
0.0013245
0.00132291
0.00132114
0.00131919
0.00131706
0.00131476
0.00131229
0.00130964
0.00130683
0.00130384
0.0013007
0.0012974
0.00129394
0.00129034
0.00128661
0.00128274
0.00127877
0.00133155
0.00133141
0.0013311
0.00133061
0.00132994
0.0013291
0.00132808
0.00132688
0.00132551
0.00132396
0.00132225
0.00132036
0.00131832
0.0013161
0.00131373
0.0013112
0.00130851
0.00130567
0.00130268
0.00129955
0.00129628
0.00129289
0.00128937
0.00128574
0.00128202
0.00133253
0.00133239
0.00133209
0.00133161
0.00133096
0.00133014
0.00132914
0.00132798
0.00132665
0.00132515
0.00132349
0.00132168
0.0013197
0.00131758
0.00131531
0.00131289
0.00131033
0.00130762
0.00130479
0.00130182
0.00129874
0.00129554
0.00129223
0.00128883
0.00128534
0.00133362
0.00133349
0.00133319
0.00133273
0.00133209
0.00133129
0.00133033
0.0013292
0.00132791
0.00132646
0.00132486
0.00132311
0.00132121
0.00131918
0.001317
0.0013147
0.00131226
0.00130969
0.001307
0.0013042
0.00130128
0.00129827
0.00129516
0.00129198
0.00128872
0.00133482
0.00133469
0.0013344
0.00133395
0.00133333
0.00133255
0.00133162
0.00133052
0.00132927
0.00132787
0.00132633
0.00132465
0.00132283
0.00132088
0.0013188
0.0013166
0.00131428
0.00131185
0.0013093
0.00130665
0.00130391
0.00130107
0.00129816
0.00129517
0.00129212
0.0013361
0.00133598
0.0013357
0.00133526
0.00133466
0.00133391
0.001333
0.00133194
0.00133073
0.00132938
0.0013279
0.00132628
0.00132454
0.00132268
0.00132069
0.0013186
0.00131639
0.00131408
0.00131167
0.00130917
0.00130659
0.00130392
0.00130119
0.00129839
0.00129555
0.00133747
0.00133735
0.00133708
0.00133665
0.00133608
0.00133534
0.00133446
0.00133344
0.00133227
0.00133097
0.00132955
0.001328
0.00132633
0.00132455
0.00132266
0.00132066
0.00131857
0.00131638
0.0013141
0.00131174
0.00130931
0.00130681
0.00130425
0.00130163
0.00129898
0.00133891
0.00133879
0.00133853
0.00133812
0.00133756
0.00133685
0.001336
0.00133501
0.00133389
0.00133264
0.00133126
0.00132978
0.00132818
0.00132648
0.00132468
0.00132278
0.0013208
0.00131873
0.00131658
0.00131435
0.00131206
0.00130972
0.00130732
0.00130488
0.0013024
0.00134041
0.00134029
0.00134004
0.00133965
0.00133911
0.00133842
0.0013376
0.00133664
0.00133556
0.00133436
0.00133304
0.00133162
0.00133009
0.00132847
0.00132675
0.00132495
0.00132307
0.00132111
0.00131908
0.00131699
0.00131483
0.00131263
0.00131039
0.00130811
0.00130581
0.00134196
0.00134185
0.00134161
0.00134123
0.0013407
0.00134004
0.00133925
0.00133833
0.00133728
0.00133613
0.00133486
0.0013335
0.00133204
0.00133049
0.00132886
0.00132715
0.00132537
0.00132352
0.0013216
0.00131963
0.00131761
0.00131555
0.00131345
0.00131132
0.00130918
0.00134355
0.00134345
0.00134322
0.00134285
0.00134234
0.0013417
0.00134094
0.00134005
0.00133905
0.00133794
0.00133673
0.00133542
0.00133403
0.00133255
0.001331
0.00132938
0.00132769
0.00132594
0.00132413
0.00132228
0.00132038
0.00131845
0.00131649
0.0013145
0.00131251
0.00134518
0.00134508
0.00134486
0.0013445
0.00134402
0.0013434
0.00134266
0.00134181
0.00134084
0.00133978
0.00133861
0.00133737
0.00133604
0.00133463
0.00133316
0.00133162
0.00133002
0.00132837
0.00132666
0.00132492
0.00132314
0.00132133
0.0013195
0.00131765
0.0013158
0.00134684
0.00134674
0.00134653
0.00134618
0.00134571
0.00134512
0.00134441
0.00134359
0.00134266
0.00134164
0.00134052
0.00133933
0.00133806
0.00133672
0.00133532
0.00133386
0.00133235
0.00133079
0.00132918
0.00132754
0.00132588
0.00132418
0.00132247
0.00132075
0.00131903
0.00134851
0.00134842
0.00134821
0.00134788
0.00134743
0.00134686
0.00134617
0.00134538
0.00134449
0.00134351
0.00134244
0.0013413
0.00134009
0.00133881
0.00133748
0.0013361
0.00133467
0.00133319
0.00133169
0.00133015
0.00132858
0.001327
0.0013254
0.0013238
0.0013222
0.00135019
0.00135011
0.00134991
0.00134959
0.00134916
0.00134861
0.00134795
0.00134718
0.00134633
0.00134538
0.00134436
0.00134327
0.00134212
0.0013409
0.00133964
0.00133833
0.00133697
0.00133558
0.00133416
0.00133271
0.00133125
0.00132977
0.00132828
0.00132679
0.0013253
0.00135188
0.0013518
0.00135161
0.00135131
0.00135089
0.00135036
0.00134972
0.00134899
0.00134817
0.00134726
0.00134628
0.00134524
0.00134413
0.00134298
0.00134178
0.00134053
0.00133925
0.00133794
0.0013366
0.00133525
0.00133387
0.00133249
0.0013311
0.00132971
0.00132833
0.00135356
0.00135349
0.00135331
0.00135302
0.00135262
0.0013521
0.00135149
0.00135079
0.00135
0.00134913
0.00134819
0.00134719
0.00134614
0.00134504
0.0013439
0.00134272
0.00134151
0.00134027
0.00133901
0.00133773
0.00133644
0.00133515
0.00133386
0.00133257
0.00133129
0.00135524
0.00135517
0.001355
0.00135472
0.00135433
0.00135384
0.00135325
0.00135257
0.00135181
0.00135098
0.00135008
0.00134912
0.00134812
0.00134707
0.00134599
0.00134487
0.00134372
0.00134255
0.00134137
0.00134017
0.00133896
0.00133775
0.00133655
0.00133535
0.00133416
0.0013569
0.00135684
0.00135668
0.00135641
0.00135604
0.00135556
0.00135499
0.00135434
0.00135361
0.00135281
0.00135195
0.00135103
0.00135007
0.00134907
0.00134804
0.00134698
0.0013459
0.00134479
0.00134368
0.00134255
0.00134142
0.00134029
0.00133917
0.00133805
0.00133696
0.00135854
0.00135848
0.00135833
0.00135808
0.00135772
0.00135726
0.00135672
0.00135609
0.00135538
0.00135461
0.00135379
0.00135291
0.00135199
0.00135104
0.00135006
0.00134905
0.00134802
0.00134698
0.00134593
0.00134487
0.00134381
0.00134276
0.00134171
0.00134068
0.00133966
0.00136015
0.0013601
0.00135996
0.00135972
0.00135937
0.00135894
0.00135841
0.0013578
0.00135713
0.00135639
0.00135559
0.00135475
0.00135388
0.00135297
0.00135203
0.00135107
0.0013501
0.00134912
0.00134813
0.00134713
0.00134614
0.00134515
0.00134417
0.00134321
0.00134227
0.00136174
0.0013617
0.00136156
0.00136133
0.001361
0.00136058
0.00136007
0.00135949
0.00135883
0.00135812
0.00135736
0.00135655
0.00135572
0.00135485
0.00135396
0.00135305
0.00135212
0.00135119
0.00135026
0.00134932
0.00134839
0.00134747
0.00134656
0.00134567
0.0013448
0.00136329
0.00136325
0.00136313
0.00136291
0.00136259
0.00136219
0.0013617
0.00136114
0.00136051
0.00135982
0.00135909
0.00135831
0.00135751
0.00135668
0.00135583
0.00135496
0.00135409
0.0013532
0.00135232
0.00135144
0.00135057
0.0013497
0.00134886
0.00134803
0.00134722
0.0013648
0.00136477
0.00136466
0.00136445
0.00136415
0.00136376
0.00136329
0.00136274
0.00136214
0.00136147
0.00136077
0.00136002
0.00135925
0.00135846
0.00135764
0.00135682
0.00135598
0.00135515
0.00135431
0.00135348
0.00135266
0.00135186
0.00135107
0.0013503
0.00134955
0.00136627
0.00136625
0.00136615
0.00136595
0.00136566
0.00136529
0.00136483
0.00136431
0.00136372
0.00136308
0.0013624
0.00136168
0.00136094
0.00136018
0.0013594
0.00135861
0.00135782
0.00135702
0.00135623
0.00135545
0.00135468
0.00135392
0.00135318
0.00135247
0.00135178
0.0013677
0.00136769
0.0013676
0.00136741
0.00136713
0.00136677
0.00136633
0.00136582
0.00136526
0.00136464
0.00136398
0.00136329
0.00136257
0.00136184
0.00136109
0.00136034
0.00135958
0.00135883
0.00135808
0.00135734
0.00135661
0.0013559
0.00135521
0.00135455
0.00135391
0.00136908
0.00136908
0.001369
0.00136882
0.00136856
0.00136821
0.00136779
0.00136729
0.00136674
0.00136614
0.0013655
0.00136483
0.00136414
0.00136343
0.00136272
0.00136199
0.00136127
0.00136055
0.00135984
0.00135914
0.00135846
0.00135779
0.00135714
0.00135652
0.00135593
0.00137041
0.00137042
0.00137035
0.00137019
0.00136994
0.0013696
0.00136919
0.00136871
0.00136817
0.00136759
0.00136697
0.00136632
0.00136565
0.00136496
0.00136427
0.00136358
0.00136289
0.0013622
0.00136152
0.00136086
0.00136021
0.00135958
0.00135898
0.0013584
0.00135785
0.00137168
0.00137171
0.00137165
0.00137151
0.00137127
0.00137094
0.00137054
0.00137008
0.00136955
0.00136898
0.00136837
0.00136774
0.00136709
0.00136643
0.00136576
0.00136509
0.00136442
0.00136376
0.00136312
0.00136249
0.00136187
0.00136128
0.00136072
0.00136018
0.00135967
0.00137291
0.00137294
0.00137291
0.00137277
0.00137255
0.00137223
0.00137184
0.00137139
0.00137087
0.00137031
0.00136972
0.0013691
0.00136846
0.00136782
0.00136717
0.00136652
0.00136588
0.00136525
0.00136463
0.00136402
0.00136344
0.00136288
0.00136235
0.00136185
0.00136138
0.00137408
0.00137413
0.00137412
0.001374
0.00137378
0.00137348
0.00137309
0.00137264
0.00137214
0.00137158
0.001371
0.00137039
0.00136977
0.00136914
0.0013685
0.00136787
0.00136725
0.00136664
0.00136605
0.00136547
0.00136492
0.00136439
0.00136389
0.00136341
0.00136298
0.0013752
0.00137528
0.00137528
0.00137517
0.00137496
0.00137467
0.00137429
0.00137384
0.00137334
0.00137279
0.00137221
0.00137161
0.001371
0.00137038
0.00136976
0.00136914
0.00136854
0.00136795
0.00136737
0.00136682
0.00136629
0.00136579
0.00136532
0.00136487
0.00136446
0.00137627
0.00137637
0.0013764
0.0013763
0.00137611
0.00137581
0.00137544
0.00137499
0.00137449
0.00137394
0.00137336
0.00137276
0.00137215
0.00137154
0.00137093
0.00137033
0.00136974
0.00136916
0.00136861
0.00136807
0.00136757
0.00136709
0.00136664
0.00136622
0.00136584
0.00137729
0.00137743
0.00137748
0.0013774
0.00137721
0.00137691
0.00137653
0.00137608
0.00137557
0.00137502
0.00137444
0.00137384
0.00137323
0.00137262
0.00137202
0.00137142
0.00137084
0.00137028
0.00136974
0.00136923
0.00136874
0.00136828
0.00136786
0.00136746
0.00136711
0.00137828
0.00137845
0.00137853
0.00137847
0.00137827
0.00137797
0.00137758
0.00137712
0.00137659
0.00137603
0.00137544
0.00137484
0.00137422
0.00137362
0.00137302
0.00137243
0.00137186
0.00137131
0.00137078
0.00137028
0.00136981
0.00136937
0.00136897
0.00136859
0.00136826
0.00137924
0.00137946
0.00137957
0.00137951
0.00137931
0.001379
0.00137858
0.0013781
0.00137755
0.00137697
0.00137637
0.00137575
0.00137514
0.00137452
0.00137392
0.00137334
0.00137278
0.00137224
0.00137172
0.00137124
0.00137078
0.00137035
0.00136996
0.00136961
0.00136929
0.00138019
0.00138047
0.00138061
0.00138056
0.00138034
0.00137999
0.00137954
0.00137902
0.00137845
0.00137784
0.00137722
0.00137658
0.00137596
0.00137534
0.00137474
0.00137416
0.0013736
0.00137306
0.00137256
0.00137208
0.00137164
0.00137123
0.00137085
0.00137051
0.00137021
0.00138117
0.00138151
0.00138169
0.00138161
0.00138135
0.00138095
0.00138045
0.00137988
0.00137927
0.00137863
0.00137798
0.00137733
0.00137669
0.00137606
0.00137546
0.00137487
0.00137432
0.00137379
0.00137329
0.00137282
0.00137239
0.00137199
0.00137163
0.00137131
0.00137102
0.00138224
0.00138264
0.00138284
0.00138271
0.00138237
0.00138189
0.00138131
0.00138068
0.00138001
0.00137933
0.00137865
0.00137797
0.00137732
0.00137668
0.00137607
0.00137549
0.00137493
0.00137441
0.00137392
0.00137346
0.00137303
0.00137265
0.00137229
0.00137198
0.00137171
0.00138351
0.00138395
0.00138411
0.00138387
0.0013834
0.00138279
0.00138211
0.00138139
0.00138066
0.00137993
0.00137922
0.00137852
0.00137784
0.0013772
0.00137658
0.001376
0.00137544
0.00137492
0.00137444
0.00137398
0.00137357
0.00137319
0.00137285
0.00137254
0.00137228
0.00138518
0.00138557
0.00138559
0.00138513
0.00138443
0.00138365
0.00138283
0.00138201
0.00138121
0.00138043
0.00137967
0.00137895
0.00137826
0.00137761
0.00137699
0.0013764
0.00137585
0.00137533
0.00137485
0.0013744
0.00137399
0.00137362
0.00137329
0.00137299
0.00137274
0.00138762
0.00138768
0.00138733
0.00138647
0.00138545
0.00138442
0.00138344
0.0013825
0.00138162
0.00138079
0.00138
0.00137926
0.00137856
0.0013779
0.00137728
0.00137669
0.00137614
0.00137563
0.00137515
0.00137471
0.00137431
0.00137394
0.00137362
0.00137333
0.00137309
0.00139174
0.00139071
0.0013894
0.00138785
0.00138636
0.00138504
0.00138387
0.00138282
0.00138188
0.001381
0.0013802
0.00137944
0.00137874
0.00137808
0.00137746
0.00137687
0.00137633
0.00137582
0.00137535
0.00137492
0.00137452
0.00137416
0.00137384
0.00137356
0.00137331
0.00140075
0.00139556
0.00139173
0.00138904
0.00138699
0.00138536
0.00138403
0.00138291
0.00138193
0.00138104
0.00138023
0.00137948
0.00137879
0.00137813
0.00137752
0.00137694
0.00137641
0.0013759
0.00137544
0.00137501
0.00137462
0.00137426
0.00137395
0.00137367
0.00137343
0.00141863
0.00140208
0.00139383
0.00138982
0.00138723
0.00138537
0.00138395
0.00138281
0.00138183
0.00138096
0.00138016
0.00137943
0.00137875
0.0013781
0.0013775
0.00137693
0.0013764
0.00137591
0.00137545
0.00137503
0.00137464
0.00137429
0.00137397
0.0013737
0.00137346
-0.195343
-0.192248
-0.185796
-0.175502
-0.162384
-0.147539
-0.131617
-0.115259
-0.099075
-0.0835224
-0.0690276
-0.0561406
-0.045176
-0.0360747
-0.0286763
-0.0227851
-0.0181918
-0.0147246
-0.0121856
-0.0103535
-0.00903685
-0.00809347
-0.00742711
-0.00695767
-0.00665115
-0.169932
-0.163154
-0.150803
-0.134127
-0.116152
-0.0986937
-0.0826623
-0.0684084
-0.0560843
-0.0455627
-0.0367492
-0.0295478
-0.0236905
-0.0190268
-0.0154511
-0.0127854
-0.0108113
-0.00934469
-0.00827283
-0.00749599
-0.00692769
-0.00650679
-0.0061982
-0.0059769
-0.00582831
-0.127934
-0.119947
-0.107513
-0.0920594
-0.0763507
-0.0624369
-0.050692
-0.0405978
-0.0320603
-0.0253507
-0.0203945
-0.0166983
-0.0138064
-0.0115073
-0.00971118
-0.00834637
-0.00737548
-0.00668081
-0.00617792
-0.0058134
-0.00554617
-0.00534841
-0.00520918
-0.0051217
-0.0050683
-0.0906164
-0.0823723
-0.0699974
-0.0562013
-0.0442113
-0.034941
-0.0278256
-0.0221204
-0.0176376
-0.014301
-0.0118094
-0.00994503
-0.00856619
-0.00761078
-0.00688018
-0.006299
-0.00582958
-0.00544873
-0.00514367
-0.00490315
-0.00471849
-0.00458377
-0.00449707
-0.00446022
-0.0044531
-0.0570756
-0.0491869
-0.0395952
-0.03041
-0.0230569
-0.0176334
-0.0138877
-0.0113075
-0.00953144
-0.00828846
-0.00742061
-0.00679922
-0.0063273
-0.00594931
-0.00561198
-0.00528331
-0.00498021
-0.00470729
-0.00446838
-0.00426759
-0.00410832
-0.00399381
-0.00392609
-0.00390913
-0.00392386
-0.0365157
-0.0295457
-0.0219313
-0.015183
-0.0103424
-0.00749103
-0.00596545
-0.00525974
-0.00498849
-0.00490602
-0.00488413
-0.00485587
-0.00479347
-0.00469764
-0.00456892
-0.00440881
-0.00421606
-0.00401711
-0.00383827
-0.00368152
-0.00355651
-0.00346905
-0.00342413
-0.00342229
-0.00344767
-0.0220666
-0.0165026
-0.0104816
-0.00583954
-0.00296568
-0.0015508
-0.00129787
-0.00155822
-0.00203192
-0.00253997
-0.00297502
-0.00329491
-0.00350277
-0.00361199
-0.00364045
-0.00360607
-0.00352636
-0.00341579
-0.00328908
-0.00317365
-0.0030862
-0.00302599
-0.00299747
-0.00300081
-0.0030263
-0.0112726
-0.00736439
-0.00303348
0.000103406
0.00172648
0.0021099
0.00169351
0.000857722
-1.29441e-05
-0.00082587
-0.00151414
-0.00204886
-0.00243454
-0.0026899
-0.00283938
-0.00290618
-0.00291206
-0.00287642
-0.00281766
-0.00275324
-0.00269218
-0.00265035
-0.00263138
-0.00263508
-0.00265589
-0.00468089
-0.00205639
0.000770921
0.0027632
0.00366657
0.0036877
0.00313403
0.00221066
0.00122545
0.000325873
-0.000453958
-0.00108793
-0.00157236
-0.00192225
-0.00215832
-0.00230281
-0.0023773
-0.00240178
-0.00239431
-0.00237049
-0.00234215
-0.00231971
-0.0023088
-0.00231241
-0.00232833
-0.00085507
0.000882342
0.00262683
0.00376313
0.00416836
0.00399685
0.00345698
0.00268175
0.00182051
0.00100076
0.000256814
-0.000379824
-0.000895036
-0.00129129
-0.00158044
-0.00177929
-0.00190569
-0.00197756
-0.00201137
-0.00202153
-0.0020198
-0.00201514
-0.00201375
-0.00201971
-0.00203311
0.00119093
0.00232181
0.00341641
0.00402054
0.00411043
0.00383136
0.00333527
0.00270901
0.00202418
0.00133669
0.000690866
0.00011024
-0.000385086
-0.000787188
-0.00109877
-0.00132884
-0.00149037
-0.00159713
-0.00166295
-0.00170048
-0.00172046
-0.00173136
-0.00173945
-0.00174934
-0.00176257
0.00218433
0.00292627
0.0035996
0.00389718
0.00384672
0.00354522
0.00309475
0.00256769
0.00201369
0.00146602
0.000932552
0.000430639
-1.75136e-05
-0.000398494
-0.00070852
-0.000950259
-0.00113102
-0.00126026
-0.00134882
-0.00140708
-0.00144433
-0.00146824
-0.00148481
-0.00149878
-0.00151255
0.00261189
0.00308659
0.00349054
0.00362577
0.00352418
0.00324735
0.00286151
0.00241844
0.00195459
0.00149591
0.00105101
0.000628476
0.000238005
-0.000107779
-0.000400906
-0.000639742
-0.000826399
-0.000967255
-0.00106995
-0.00114241
-0.00119231
-0.0012263
-0.00124975
-0.0012672
-0.00128132
0.00274364
0.0030494
0.00328407
0.00332254
0.00320623
0.0029687
0.00264844
0.0022791
0.00188757
0.00149546
0.00111566
0.000752615
0.000411724
0.000103302
-0.000163511
-0.000389354
-0.000572761
-0.000716301
-0.00082586
-0.000906654
-0.000964809
-0.00100583
-0.00103428
-0.00105421
-0.00106827
0.00272219
0.00292315
0.0030575
0.0030402
0.00292204
0.00272123
0.00245786
0.00215133
0.00182028
0.00148257
0.00115232
0.000837616
0.000539098
0.000264454
2.0472e-05
-0.000189648
-0.000364995
-0.000502962
-0.000614284
-0.000698707
-0.000761116
-0.000806403
-0.000837984
-0.000859407
-0.000872978
0.00262983
0.00276057
0.00283299
0.00279186
0.00267876
0.00250728
0.00228842
0.0020331
0.00175329
0.00146236
0.0011737
0.000896895
0.000635423
0.000391024
0.000169927
-2.37651e-05
-0.000188428
-0.000323692
-0.00043274
-0.000516696
-0.000579493
-0.000627116
-0.000660163
-0.0006821
-0.000694741
0.00251671
0.00260155
0.00263336
0.00258125
0.0024742
0.0023242
0.00213829
0.00192306
0.00168587
0.00143609
0.00118422
0.000940206
0.000712332
0.000492849
0.000292925
0.00011526
-3.82028e-05
-0.000166998
-0.000272208
-0.000355563
-0.000419641
-0.000467176
-0.000499512
-0.000521136
-0.000532607
0.00240212
0.00245911
0.00246437
0.00240417
0.00230194
0.00216775
0.00200664
0.00182295
0.00162089
0.00140645
0.00118722
0.000970879
0.000763624
0.000573762
0.000394555
0.000232422
9.03015e-05
-3.08345e-05
-0.000131223
-0.000211985
-0.000274897
-0.000321977
-0.000354999
-0.000376002
-0.000386063
0.00228364
0.00233031
0.00232341
0.00225252
0.00215493
0.0020344
0.00189425
0.00173676
0.00156406
0.00137972
0.00118906
0.000998349
0.000814008
0.000644282
0.00048075
0.000332501
0.000201076
8.77511e-05
-7.24066e-06
-8.45189e-05
-0.000145289
-0.000191053
-0.000223317
-0.000243613
-0.000253335
0.00213388
0.00219207
0.00217527
0.0021111
0.0020251
0.00192069
0.00180059
0.00166625
0.0015189
0.00136056
0.00119475
0.00102623
0.000860017
0.000700947
0.000556548
0.000421434
0.000299664
0.000193486
0.000103622
2.98924e-05
-2.84852e-05
-7.26344e-05
-0.000103731
-0.000122977
-0.000132062
0.00191365
0.00200362
0.00201215
0.00196828
0.00189984
0.00181278
0.0017099
0.00159308
0.00146407
0.00132514
0.00117951
0.0010312
0.000884532
0.000743628
0.000613532
0.000492871
0.000383208
0.000286419
0.000203528
0.000134685
7.94935e-05
3.72392e-05
7.13891e-06
-1.15756e-05
-2.06634e-05
0.00178625
0.00183974
0.00184986
0.0018229
0.00177001
0.00169829
0.00161125
0.00151133
0.00140063
0.00128137
0.00115627
0.00102858
0.000901771
0.000779366
0.000664089
0.000556599
0.000458194
0.00037043
0.000294339
0.000230317
0.000178327
0.000138079
0.000109211
9.13188e-05
8.27857e-05
0.00169412
0.00172459
0.00172933
0.00170808
0.00166522
0.00160502
0.00153056
0.00144427
0.0013483
0.00124481
0.00113623
0.00102525
0.000914724
0.000807464
0.000705643
0.000610249
0.000522402
0.000443455
0.000374394
0.000315737
0.000267668
0.000230159
0.000203112
0.00018635
0.000178487
0.00162305
0.00163732
0.00163555
0.00161553
0.00157848
0.00152662
0.00146214
0.00138708
0.0013034
0.00121312
0.0011184
0.00102153
0.000924851
0.000830655
0.000740747
0.000656166
0.00057794
0.000507264
0.000445061
0.000391908
0.000348108
0.000313786
0.000288993
0.000273674
0.000266619
0.00156391
0.00156791
0.00156067
0.00154023
0.00150658
0.00146078
0.00140424
0.00133854
0.00126534
0.00118638
0.00110353
0.00101873
0.000933935
0.000851021
0.00077154
0.000696515
0.000626913
0.000563802
0.000508048
0.000460245
0.000420763
0.000389809
0.000367509
0.000353863
0.000347752
0.00151358
0.00151097
0.00149982
0.00147873
0.00144734
0.00140612
0.00135596
0.00129804
0.0012337
0.0011644
0.0010917
0.00101723
0.000942635
0.000869481
0.000799119
0.000732526
0.000670612
0.000614349
0.000564548
0.000521807
0.000486534
0.000458984
0.000439323
0.000427562
0.000422569
0.00147053
0.00146356
0.00144981
0.0014283
0.00139867
0.00136108
0.00131614
0.00126471
0.00120784
0.00114674
0.0010827
0.00101709
0.000951277
0.000886587
0.0008242
0.000765034
0.000709945
0.000659824
0.000615437
0.000577383
0.000546104
0.000521901
0.000504987
0.000495393
0.000491815
0.00143363
0.00142378
0.0014084
0.00138681
0.00135871
0.00132416
0.00128357
0.00123759
0.00118705
0.00113293
0.0010763
0.0010183
0.000960057
0.000902715
0.000847295
0.000794651
0.000745585
0.000700916
0.000661371
0.000627555
0.000599954
0.000578945
0.000564881
0.000557996
0.000556687
0.001402
0.00139028
0.00137397
0.0013526
0.00132593
0.00129402
0.00125714
0.00121579
0.00117065
0.0011225
0.00107221
0.00102075
0.000969057
0.000918098
0.000868759
0.000821822
0.000778035
0.000738148
0.000702849
0.000672745
0.000648372
0.00063024
0.000619044
0.000615879
0.000619672
0.0013749
0.00136203
0.00134529
0.00132437
0.0012991
0.00126953
0.00123586
0.00119851
0.00115799
0.00111496
0.00107014
0.00102432
0.000978293
0.00093288
0.00088884
0.00084688
0.000807689
0.000771943
0.000740273
0.000713266
0.000691466
0.000675483
0.00066632
0.000666347
0.000678028
0.00135171
0.00133819
0.0013214
0.0013011
0.0012772
0.00124975
0.00121891
0.00118502
0.00114851
0.0011099
0.0010698
0.00102885
0.000987744
0.000947147
0.00090772
0.000870094
0.000834883
0.00080268
0.000774039
0.000749469
0.000729413
0.000714338
0.000705011
0.000702913
0.000708491
0.00133193
0.00131812
0.00130151
0.00128196
0.00125941
0.00123389
0.00120558
0.00117473
0.0011417
0.00110693
0.00107092
0.00103421
0.000997364
0.000960954
0.000925545
0.000891691
0.000859921
0.000830744
0.000804632
0.000782011
0.00076323
0.000748612
0.000738568
0.000733601
0.000733439
0.0013151
0.00130126
0.00128503
0.0012663
0.00124505
0.00122133
0.00119527
0.00116711
0.00113714
0.00110572
0.00107327
0.00104024
0.00100711
0.000974347
0.000942447
0.000911874
0.000883079
0.000856483
0.000832475
0.000811398
0.000793515
0.000779003
0.00076801
0.000760565
0.000756101
0.00130086
0.00128718
0.00127144
0.00125358
0.00123359
0.00121152
0.0011875
0.00116173
0.00113445
0.00110597
0.00107664
0.00104683
0.00101694
0.000987376
0.000958542
0.000930829
0.000904607
0.000880216
0.000857961
0.000838095
0.0008208
0.000806146
0.000794113
0.000784532
0.000776883
0.00128889
0.00127549
0.00126033
0.00124335
0.00122456
0.00120403
0.00118186
0.00115823
0.00113334
0.00110745
0.00108086
0.00105388
0.00102684
0.00100009
0.000973941
0.000948728
0.000924743
0.000902251
0.000881474
0.000862579
0.000845667
0.000830738
0.000817692
0.000806316
0.000796251
0.00127892
0.0012659
0.00125136
0.00123526
0.00121763
0.00119852
0.00117803
0.00115632
0.00113356
0.00110998
0.00108581
0.00106133
0.00103681
0.00101252
0.000988744
0.000965732
0.000943713
0.000922882
0.000903385
0.000885314
0.00086869
0.000853455
0.000839474
0.000826555
0.000814483
0.00127071
0.00125814
0.00124424
0.00122901
0.00121247
0.00119468
0.00117574
0.00115576
0.00113491
0.00111338
0.00109137
0.00106911
0.00104681
0.00102472
0.00100305
0.000981994
0.000961727
0.000942382
0.000924039
0.000906722
0.00089038
0.000874891
0.00086008
0.000845764
0.000831827
0.00126405
0.00125197
0.00123874
0.00122436
0.00120885
0.00119229
0.00117475
0.00115635
0.00113723
0.00111754
0.00109745
0.00107717
0.00105686
0.00103673
0.00101694
0.000997649
0.000978976
0.000961002
0.000943753
0.000927191
0.000911198
0.000895575
0.000880074
0.000864458
0.000848627
0.00125877
0.0012472
0.00123463
0.00122107
0.00120655
0.00119114
0.00117489
0.00115793
0.00114036
0.00112232
0.00110397
0.00108546
0.00106694
0.00104858
0.0010305
0.00101282
0.000995624
0.000978958
0.000962803
0.00094707
0.000931577
0.000916034
0.000900063
0.000883265
0.000865385
0.00125471
0.00124366
0.00123175
0.00121898
0.00120539
0.00119104
0.00117599
0.00116034
0.00114418
0.00112765
0.00111086
0.00109395
0.00107705
0.00106029
0.00104377
0.00102759
0.0010118
0.000996421
0.000981411
0.00096665
0.00095191
0.000936808
0.000920781
0.000903103
0.000882965
0.00125171
0.0012412
0.00122993
0.00121792
0.00120521
0.00119185
0.00117791
0.00116346
0.00114859
0.00113342
0.00111805
0.0011026
0.00108717
0.00107188
0.0010568
0.00104203
0.00102759
0.00101351
0.000999723
0.000986132
0.000972505
0.000958417
0.000943158
0.000925544
0.000903274
0.00124967
0.00123968
0.00122904
0.00121776
0.00120588
0.00119345
0.00118052
0.00116718
0.0011535
0.00113957
0.00112549
0.00111137
0.00109729
0.00108334
0.00106962
0.00105617
0.00104304
0.00103025
0.00101779
0.00100558
0.000993478
0.000981195
0.000968209
0.000953426
0.000932011
0.00124846
0.001239
0.00122896
0.00121838
0.00120728
0.00119571
0.00118373
0.00117141
0.00115881
0.00114602
0.00113313
0.00112022
0.00110738
0.00109468
0.00108221
0.00107001
0.00105814
0.00104664
0.00103552
0.00102482
0.00101453
0.00100473
0.000995782
0.000989551
0.000989059
0.00124798
0.00123903
0.00122958
0.00121966
0.0012093
0.00119854
0.00118744
0.00117606
0.00116446
0.00115272
0.00114091
0.00112912
0.00111742
0.00110587
0.00109456
0.00108353
0.00107286
0.00106257
0.00105274
0.00104344
0.00103479
0.001027
0.00102064
0.00101719
0.00101753
0.00124816
0.0012397
0.00123081
0.00122152
0.00121185
0.00120185
0.00119157
0.00118106
0.00117038
0.00115961
0.0011488
0.00113803
0.00112737
0.00111689
0.00110665
0.00109672
0.00108714
0.00107799
0.00106934
0.00106129
0.001054
0.00104768
0.00104279
0.00104006
0.00103942
0.0012489
0.00124092
0.00123257
0.00122388
0.00121486
0.00120557
0.00119605
0.00118635
0.00117652
0.00116663
0.00115674
0.00114692
0.00113722
0.00112772
0.00111847
0.00110953
0.00110097
0.00109285
0.00108526
0.0010783
0.00107211
0.0010669
0.00106298
0.00106072
0.00106004
0.00125013
0.00124262
0.00123479
0.00122665
0.00121826
0.00120963
0.00120081
0.00119186
0.00118282
0.00117375
0.0011647
0.00115574
0.00114693
0.00113832
0.00112998
0.00112196
0.00111432
0.00110712
0.00110046
0.00109443
0.00108915
0.00108478
0.00108153
0.00107961
0.00107895
0.00125179
0.00124473
0.00123739
0.00122979
0.00122197
0.00121396
0.00120581
0.00119755
0.00118923
0.00118092
0.00117265
0.00116448
0.00115648
0.00114869
0.00114117
0.00113398
0.00112717
0.0011208
0.00111495
0.0011097
0.00110516
0.00110144
0.00109868
0.00109699
0.00109633
0.00125382
0.00124719
0.00124031
0.00123322
0.00122595
0.00121852
0.00121098
0.00120336
0.00119572
0.0011881
0.00118055
0.00117311
0.00116585
0.00115881
0.00115204
0.00114559
0.00113952
0.00113388
0.00112874
0.00112416
0.00112022
0.00111702
0.00111463
0.00111312
0.00111248
0.00125617
0.00124995
0.00124352
0.00123691
0.00123014
0.00122326
0.00121629
0.00120927
0.00120225
0.00119527
0.00118837
0.0011816
0.00117502
0.00116866
0.00116257
0.00115679
0.00115138
0.00114639
0.00114185
0.00113784
0.00113441
0.00113163
0.00112954
0.00112819
0.00112758
0.0012588
0.00125296
0.00124695
0.00124079
0.00123451
0.00122813
0.00122169
0.00121523
0.00120878
0.00120239
0.00119609
0.00118994
0.00118397
0.00117823
0.00117275
0.00116758
0.00116276
0.00115833
0.00115433
0.00115081
0.0011478
0.00114537
0.00114353
0.00114232
0.00114175
0.00126166
0.00125619
0.00125058
0.00124484
0.00123901
0.0012331
0.00122716
0.00122121
0.00121529
0.00120944
0.0012037
0.00119811
0.0011927
0.00118752
0.00118259
0.00117797
0.00117367
0.00116974
0.0011662
0.0011631
0.00116046
0.00115832
0.0011567
0.00115562
0.00115508
0.0012647
0.00125959
0.00125436
0.00124902
0.00124361
0.00123814
0.00123266
0.00122719
0.00122176
0.00121641
0.00121117
0.00120609
0.0012012
0.00119652
0.0011921
0.00118796
0.00118412
0.00118063
0.0011775
0.00117477
0.00117244
0.00117056
0.00116912
0.00116815
0.00116766
0.00126791
0.00126314
0.00125826
0.00125329
0.00124828
0.00124322
0.00123817
0.00123313
0.00122816
0.00122327
0.0012185
0.00121388
0.00120945
0.00120524
0.00120126
0.00119756
0.00119414
0.00119104
0.00118827
0.00118585
0.0011838
0.00118214
0.00118086
0.00117999
0.00117955
0.00127125
0.00126679
0.00126225
0.00125764
0.00125299
0.00124832
0.00124366
0.00123903
0.00123447
0.00123001
0.00122566
0.00122147
0.00121747
0.00121367
0.0012101
0.00120678
0.00120374
0.00120098
0.00119853
0.00119639
0.00119458
0.00119311
0.00119198
0.0011912
0.00119079
0.00127469
0.00127053
0.0012663
0.00126202
0.00125772
0.0012534
0.00124911
0.00124487
0.00124069
0.00123661
0.00123266
0.00122886
0.00122524
0.00122181
0.00121861
0.00121565
0.00121294
0.00121049
0.00120831
0.00120642
0.00120483
0.00120352
0.00120251
0.00120181
0.00120144
0.00127821
0.00127433
0.0012704
0.00126643
0.00126244
0.00125847
0.00125452
0.00125062
0.0012468
0.00124307
0.00123948
0.00123604
0.00123276
0.00122968
0.00122681
0.00122416
0.00122175
0.00121957
0.00121765
0.00121598
0.00121456
0.00121341
0.00121251
0.00121188
0.00121154
0.00128178
0.00127817
0.00127452
0.00127084
0.00126715
0.00126349
0.00125985
0.00125628
0.00125278
0.00124939
0.00124612
0.001243
0.00124005
0.00123728
0.0012347
0.00123234
0.00123019
0.00122826
0.00122656
0.00122508
0.00122383
0.00122281
0.00122201
0.00122145
0.00122114
0.0012854
0.00128203
0.00127864
0.00127523
0.00127183
0.00126845
0.00126511
0.00126183
0.00125864
0.00125555
0.00125258
0.00124976
0.00124709
0.0012446
0.0012423
0.00124019
0.00123828
0.00123657
0.00123506
0.00123376
0.00123266
0.00123175
0.00123104
0.00123053
0.00123025
0.00128903
0.0012859
0.00128276
0.0012796
0.00127646
0.00127335
0.00127028
0.00126728
0.00126436
0.00126155
0.00125885
0.0012563
0.0012539
0.00125166
0.0012496
0.00124772
0.00124603
0.00124452
0.00124319
0.00124204
0.00124106
0.00124026
0.00123963
0.00123917
0.00123892
0.00129267
0.00128976
0.00128684
0.00128393
0.00128103
0.00127816
0.00127535
0.0012726
0.00126994
0.00126738
0.00126494
0.00126263
0.00126047
0.00125847
0.00125663
0.00125496
0.00125345
0.00125212
0.00125095
0.00124993
0.00124908
0.00124837
0.00124781
0.00124739
0.00124716
0.0012963
0.0012936
0.0012909
0.0012882
0.00128553
0.00128289
0.00128031
0.0012778
0.00127537
0.00127305
0.00127084
0.00126875
0.00126681
0.00126502
0.00126338
0.0012619
0.00126057
0.00125939
0.00125836
0.00125747
0.00125672
0.0012561
0.0012556
0.00125522
0.00125501
0.00129991
0.0012974
0.0012949
0.00129241
0.00128995
0.00128753
0.00128516
0.00128287
0.00128066
0.00127855
0.00127655
0.00127467
0.00127293
0.00127133
0.00126987
0.00126855
0.00126738
0.00126635
0.00126545
0.00126467
0.00126401
0.00126346
0.00126301
0.00126268
0.00126248
0.00130349
0.00130116
0.00129885
0.00129655
0.00129429
0.00129206
0.0012899
0.0012878
0.00128579
0.00128388
0.00128207
0.00128039
0.00127882
0.0012774
0.0012761
0.00127494
0.00127391
0.001273
0.00127222
0.00127154
0.00127096
0.00127048
0.00127008
0.00126978
0.0012696
0.00130702
0.00130487
0.00130273
0.00130061
0.00129853
0.00129649
0.00129451
0.0012926
0.00129078
0.00128904
0.00128741
0.0012859
0.0012845
0.00128323
0.00128209
0.00128106
0.00128016
0.00127937
0.00127868
0.00127809
0.00127759
0.00127717
0.00127682
0.00127655
0.00127638
0.00131051
0.00130852
0.00130654
0.00130459
0.00130268
0.00130081
0.001299
0.00129726
0.0012956
0.00129404
0.00129257
0.00129121
0.00128997
0.00128884
0.00128783
0.00128693
0.00128615
0.00128546
0.00128487
0.00128436
0.00128392
0.00128355
0.00128324
0.00128299
0.00128284
0.00131394
0.0013121
0.00131027
0.00130848
0.00130672
0.00130501
0.00130336
0.00130178
0.00130028
0.00129886
0.00129755
0.00129633
0.00129522
0.00129423
0.00129334
0.00129256
0.00129187
0.00129128
0.00129077
0.00129033
0.00128996
0.00128964
0.00128936
0.00128914
0.00128899
0.00131731
0.0013156
0.00131392
0.00131227
0.00131066
0.0013091
0.00130759
0.00130616
0.0013048
0.00130352
0.00130234
0.00130126
0.00130028
0.0012994
0.00129862
0.00129794
0.00129736
0.00129685
0.00129641
0.00129604
0.00129572
0.00129544
0.0012952
0.001295
0.00129486
0.00132061
0.00131903
0.00131748
0.00131596
0.00131449
0.00131306
0.00131169
0.00131039
0.00130916
0.00130802
0.00130696
0.001306
0.00130513
0.00130436
0.00130369
0.0013031
0.0013026
0.00130217
0.0013018
0.00130148
0.00130121
0.00130097
0.00130076
0.00130057
0.00130045
0.00132383
0.00132237
0.00132095
0.00131955
0.0013182
0.0013169
0.00131566
0.00131448
0.00131338
0.00131235
0.00131141
0.00131055
0.00130979
0.00130912
0.00130854
0.00130804
0.00130761
0.00130725
0.00130694
0.00130668
0.00130645
0.00130624
0.00130606
0.00130589
0.00130577
0.00132697
0.00132563
0.00132432
0.00132304
0.0013218
0.00132062
0.00131949
0.00131843
0.00131743
0.00131652
0.00131568
0.00131493
0.00131426
0.00131368
0.00131318
0.00131276
0.0013124
0.0013121
0.00131184
0.00131163
0.00131144
0.00131126
0.0013111
0.00131095
0.00131083
0.00133003
0.00132879
0.00132759
0.00132642
0.00132529
0.00132421
0.00132319
0.00132223
0.00132134
0.00132052
0.00131978
0.00131912
0.00131854
0.00131804
0.00131762
0.00131727
0.00131697
0.00131673
0.00131652
0.00131635
0.00131619
0.00131605
0.0013159
0.00131576
0.00131566
0.001333
0.00133186
0.00133075
0.00132968
0.00132866
0.00132768
0.00132676
0.00132589
0.0013251
0.00132437
0.00132372
0.00132315
0.00132265
0.00132222
0.00132186
0.00132157
0.00132133
0.00132114
0.00132098
0.00132084
0.00132072
0.0013206
0.00132047
0.00132034
0.00132024
0.00133588
0.00133483
0.00133382
0.00133284
0.0013319
0.00133102
0.00133019
0.00132941
0.00132871
0.00132806
0.00132749
0.00132699
0.00132657
0.00132621
0.00132592
0.00132568
0.0013255
0.00132535
0.00132523
0.00132513
0.00132503
0.00132493
0.00132482
0.0013247
0.0013246
0.00133867
0.0013377
0.00133677
0.00133588
0.00133503
0.00133423
0.00133348
0.00133279
0.00133216
0.0013316
0.0013311
0.00133068
0.00133031
0.00133002
0.00132978
0.0013296
0.00132946
0.00132936
0.00132927
0.0013292
0.00132913
0.00132905
0.00132895
0.00132884
0.00132875
0.00134136
0.00134047
0.00133962
0.00133881
0.00133804
0.00133731
0.00133664
0.00133603
0.00133548
0.00133498
0.00133455
0.00133419
0.00133389
0.00133365
0.00133347
0.00133333
0.00133324
0.00133317
0.00133312
0.00133307
0.00133302
0.00133296
0.00133287
0.00133277
0.00133268
0.00134395
0.00134314
0.00134236
0.00134162
0.00134092
0.00134027
0.00133967
0.00133913
0.00133864
0.00133822
0.00133785
0.00133755
0.0013373
0.00133712
0.00133698
0.00133689
0.00133683
0.00133679
0.00133677
0.00133675
0.00133672
0.00133667
0.00133659
0.00133649
0.0013364
0.00134644
0.0013457
0.00134499
0.00134431
0.00134368
0.0013431
0.00134257
0.00134209
0.00134167
0.0013413
0.00134099
0.00134074
0.00134055
0.00134041
0.00134032
0.00134026
0.00134024
0.00134023
0.00134024
0.00134024
0.00134022
0.00134019
0.00134012
0.00134003
0.00133994
0.00134883
0.00134815
0.0013475
0.00134689
0.00134632
0.0013458
0.00134533
0.00134491
0.00134455
0.00134424
0.00134398
0.00134378
0.00134364
0.00134354
0.00134349
0.00134347
0.00134348
0.0013435
0.00134352
0.00134354
0.00134354
0.00134352
0.00134346
0.00134337
0.00134328
0.00135112
0.00135049
0.0013499
0.00134935
0.00134884
0.00134838
0.00134796
0.0013476
0.00134729
0.00134703
0.00134682
0.00134667
0.00134657
0.00134651
0.00134649
0.00134651
0.00134655
0.00134659
0.00134664
0.00134667
0.00134669
0.00134667
0.00134662
0.00134652
0.00134643
0.0013533
0.00135273
0.00135219
0.00135169
0.00135123
0.00135082
0.00135046
0.00135015
0.00134989
0.00134967
0.00134952
0.00134941
0.00134934
0.00134932
0.00134934
0.00134939
0.00134945
0.00134952
0.00134958
0.00134963
0.00134966
0.00134965
0.0013496
0.0013495
0.00134941
0.00135537
0.00135485
0.00135436
0.00135391
0.00135351
0.00135314
0.00135283
0.00135256
0.00135235
0.00135218
0.00135206
0.00135199
0.00135197
0.00135198
0.00135203
0.0013521
0.00135219
0.00135228
0.00135236
0.00135243
0.00135246
0.00135246
0.00135241
0.00135231
0.00135221
0.00135734
0.00135686
0.00135642
0.00135601
0.00135565
0.00135534
0.00135507
0.00135484
0.00135467
0.00135455
0.00135447
0.00135443
0.00135444
0.00135449
0.00135457
0.00135467
0.00135478
0.00135489
0.00135499
0.00135506
0.0013551
0.0013551
0.00135505
0.00135496
0.00135485
0.00135919
0.00135876
0.00135835
0.00135799
0.00135768
0.0013574
0.00135717
0.00135699
0.00135686
0.00135677
0.00135673
0.00135673
0.00135677
0.00135685
0.00135696
0.00135708
0.00135721
0.00135734
0.00135745
0.00135754
0.00135759
0.00135759
0.00135754
0.00135744
0.00135732
0.00136094
0.00136054
0.00136018
0.00135985
0.00135957
0.00135934
0.00135915
0.00135901
0.00135891
0.00135886
0.00135885
0.00135889
0.00135896
0.00135907
0.0013592
0.00135935
0.0013595
0.00135965
0.00135977
0.00135987
0.00135993
0.00135993
0.00135988
0.00135977
0.00135964
0.00136257
0.00136221
0.00136188
0.00136159
0.00136135
0.00136115
0.001361
0.00136089
0.00136082
0.00136081
0.00136083
0.0013609
0.001361
0.00136114
0.0013613
0.00136147
0.00136164
0.00136181
0.00136195
0.00136206
0.00136212
0.00136213
0.00136207
0.00136195
0.0013618
0.00136409
0.00136376
0.00136346
0.00136321
0.001363
0.00136283
0.00136271
0.00136263
0.0013626
0.00136262
0.00136267
0.00136277
0.0013629
0.00136307
0.00136325
0.00136345
0.00136365
0.00136383
0.00136399
0.00136411
0.00136418
0.00136419
0.00136412
0.00136398
0.00136382
0.0013655
0.00136519
0.00136492
0.0013647
0.00136452
0.00136439
0.00136429
0.00136425
0.00136425
0.00136429
0.00136438
0.00136451
0.00136467
0.00136486
0.00136507
0.00136529
0.00136551
0.00136572
0.0013659
0.00136603
0.00136611
0.00136612
0.00136605
0.00136589
0.00136571
0.00136679
0.00136651
0.00136627
0.00136607
0.00136592
0.00136581
0.00136575
0.00136573
0.00136576
0.00136583
0.00136595
0.0013661
0.00136629
0.00136651
0.00136675
0.001367
0.00136725
0.00136748
0.00136768
0.00136783
0.00136792
0.00136793
0.00136785
0.00136767
0.00136746
0.00136796
0.0013677
0.00136749
0.00136732
0.00136719
0.00136711
0.00136707
0.00136708
0.00136713
0.00136723
0.00136737
0.00136756
0.00136777
0.00136802
0.00136829
0.00136857
0.00136885
0.00136911
0.00136933
0.00136951
0.00136962
0.00136964
0.00136955
0.00136935
0.0013691
0.00136902
0.00136878
0.00136859
0.00136844
0.00136833
0.00136827
0.00136826
0.00136829
0.00136837
0.00136849
0.00136866
0.00136887
0.00136912
0.00136939
0.00136969
0.00137001
0.00137032
0.00137061
0.00137088
0.00137108
0.00137122
0.00137125
0.00137116
0.00137093
0.00137064
0.00136996
0.00136974
0.00136956
0.00136943
0.00136935
0.00136931
0.00136931
0.00136937
0.00136947
0.00136962
0.00136981
0.00137004
0.00137032
0.00137063
0.00137096
0.00137131
0.00137166
0.001372
0.00137231
0.00137256
0.00137273
0.00137279
0.00137271
0.00137244
0.00137209
0.00137078
0.00137057
0.00137042
0.0013703
0.00137023
0.00137021
0.00137024
0.00137031
0.00137043
0.0013706
0.00137081
0.00137107
0.00137138
0.00137172
0.00137208
0.00137247
0.00137287
0.00137326
0.00137362
0.00137394
0.00137417
0.00137428
0.00137422
0.00137393
0.00137351
0.00137148
0.00137129
0.00137115
0.00137105
0.00137099
0.00137099
0.00137103
0.00137112
0.00137125
0.00137144
0.00137168
0.00137196
0.00137229
0.00137266
0.00137306
0.00137349
0.00137394
0.0013744
0.00137483
0.00137523
0.00137555
0.00137574
0.00137574
0.00137543
0.00137495
0.00137206
0.00137189
0.00137175
0.00137166
0.00137162
0.00137163
0.00137168
0.00137179
0.00137194
0.00137214
0.00137239
0.0013727
0.00137305
0.00137345
0.00137389
0.00137436
0.00137487
0.0013754
0.00137592
0.00137643
0.00137687
0.00137721
0.00137732
0.00137705
0.00137653
0.00137253
0.00137236
0.00137224
0.00137216
0.00137213
0.00137214
0.00137221
0.00137232
0.00137248
0.0013727
0.00137296
0.00137328
0.00137365
0.00137408
0.00137455
0.00137507
0.00137564
0.00137624
0.00137688
0.00137752
0.00137815
0.00137871
0.00137904
0.00137892
0.00137846
0.00137288
0.00137272
0.0013726
0.00137253
0.0013725
0.00137253
0.0013726
0.00137272
0.00137289
0.00137311
0.00137338
0.00137371
0.0013741
0.00137454
0.00137504
0.0013756
0.00137622
0.00137691
0.00137766
0.00137848
0.00137936
0.00138024
0.00138098
0.00138122
0.00138109
0.00137312
0.00137296
0.00137285
0.00137278
0.00137276
0.00137278
0.00137285
0.00137298
0.00137315
0.00137338
0.00137365
0.00137399
0.00137438
0.00137483
0.00137535
0.00137594
0.0013766
0.00137736
0.00137823
0.00137923
0.00138041
0.00138175
0.00138318
0.00138439
0.00138534
0.00137324
0.00137308
0.00137297
0.0013729
0.00137288
0.00137291
0.00137298
0.0013731
0.00137327
0.0013735
0.00137377
0.0013741
0.00137449
0.00137494
0.00137546
0.00137605
0.00137673
0.00137752
0.00137847
0.00137963
0.00138111
0.00138303
0.00138559
0.00138932
0.00139444
0.00137327
0.00137312
0.00137301
0.00137294
0.00137292
0.00137294
0.00137301
0.00137313
0.00137329
0.00137351
0.00137378
0.0013741
0.00137448
0.00137492
0.00137542
0.00137599
0.00137666
0.00137745
0.00137842
0.00137968
0.00138139
0.00138384
0.00138773
0.00139587
0.00141236
0.000715109
0.000725705
0.000733862
0.000737239
0.00073766
0.000736187
0.000733329
0.000729434
0.000724765
0.00071952
0.000713844
0.000707847
0.000701614
0.000695208
0.00068868
0.000682066
0.000675397
0.000668695
0.000661976
0.000655254
0.000648539
0.000641838
0.000635154
0.000628493
0.000621855
0.000615242
0.000608653
0.000602089
0.000595549
0.000589031
0.000582534
0.000576057
0.000569598
0.000563155
0.000556727
0.000550313
0.00054391
0.000537517
0.000531134
0.000524757
0.000518387
0.000512022
0.000505661
0.000499302
0.000492945
0.000486589
0.000480233
0.000473876
0.000467517
0.000461156
0.000454793
0.000448425
0.000442054
0.000435678
0.000429298
0.000422912
0.000416521
0.000410124
0.000403721
0.000397311
0.000390895
0.000384473
0.000378044
0.000371607
0.000365165
0.000358715
0.000352258
0.000345794
0.000339323
0.000332846
0.000326361
0.00031987
0.000313372
0.000306867
0.000300355
0.000293838
0.000287314
0.000280783
0.000274247
0.000267705
0.000261157
0.000254603
0.000248044
0.00024148
0.00023491
0.000228336
0.000221756
0.000215172
0.000208584
0.000201991
0.000195394
0.000188793
0.000182188
0.00017558
0.000168968
0.000162353
0.000155734
0.000149113
0.000142489
0.000135862
0.000129232
0.0001226
0.000115966
0.00010933
0.000102691
9.60512e-05
8.94093e-05
8.27658e-05
7.61208e-05
6.94746e-05
6.28271e-05
5.61785e-05
4.9529e-05
4.28787e-05
3.62276e-05
2.95758e-05
2.29235e-05
1.62742e-05
9.62741e-06
3.1678e-06
0.000734291
0.000737073
0.000740315
0.000741496
0.000740681
0.000738381
0.00073495
0.000730649
0.000725685
0.000720221
0.000714379
0.000708257
0.000701927
0.000695446
0.00068886
0.000682202
0.000675499
0.00066877
0.000662031
0.000655295
0.000648568
0.000641858
0.000635168
0.000628502
0.000621861
0.000615245
0.000608655
0.000602089
0.000595548
0.000589029
0.000582532
0.000576055
0.000569596
0.000563153
0.000556725
0.000550311
0.000543908
0.000537516
0.000531133
0.000524757
0.000518387
0.000512022
0.000505661
0.000499302
0.000492946
0.00048659
0.000480234
0.000473877
0.000467518
0.000461157
0.000454794
0.000448427
0.000442055
0.00043568
0.000429299
0.000422914
0.000416522
0.000410125
0.000403722
0.000397313
0.000390897
0.000384475
0.000378045
0.000371609
0.000365166
0.000358716
0.00035226
0.000345796
0.000339325
0.000332847
0.000326363
0.000319871
0.000313373
0.000306868
0.000300357
0.000293839
0.000287315
0.000280785
0.000274249
0.000267706
0.000261158
0.000254605
0.000248046
0.000241481
0.000234911
0.000228337
0.000221758
0.000215173
0.000208585
0.000201992
0.000195395
0.000188794
0.000182189
0.000175581
0.000168969
0.000162354
0.000155735
0.000149114
0.000142489
0.000135862
0.000129233
0.000122601
0.000115967
0.00010933
0.000102692
9.60516e-05
8.94096e-05
8.27661e-05
7.61211e-05
6.94748e-05
6.28273e-05
5.61787e-05
4.95292e-05
4.28788e-05
3.62277e-05
2.95759e-05
2.29233e-05
1.62735e-05
9.62577e-06
3.16723e-06
0.000752524
0.000750739
0.000749819
0.000748228
0.000745598
0.000742037
0.000737703
0.000732742
0.000727288
0.000721454
0.000715331
0.000708993
0.000702495
0.000695886
0.000689199
0.000682462
0.000675698
0.000668922
0.000662147
0.000655382
0.000648634
0.000641907
0.000635205
0.000628529
0.00062188
0.000615259
0.000608665
0.000602096
0.000595552
0.000589032
0.000582534
0.000576055
0.000569596
0.000563153
0.000556725
0.00055031
0.000543908
0.000537516
0.000531132
0.000524756
0.000518387
0.000512022
0.000505661
0.000499302
0.000492946
0.00048659
0.000480234
0.000473877
0.000467519
0.000461158
0.000454795
0.000448427
0.000442056
0.000435681
0.0004293
0.000422915
0.000416524
0.000410127
0.000403724
0.000397314
0.000390898
0.000384476
0.000378047
0.000371611
0.000365168
0.000358718
0.000352261
0.000345797
0.000339326
0.000332849
0.000326364
0.000319873
0.000313375
0.00030687
0.000300358
0.000293841
0.000287316
0.000280786
0.00027425
0.000267707
0.000261159
0.000254606
0.000248047
0.000241482
0.000234912
0.000228338
0.000221758
0.000215174
0.000208586
0.000201993
0.000195396
0.000188795
0.00018219
0.000175582
0.00016897
0.000162354
0.000155736
0.000149114
0.00014249
0.000135863
0.000129233
0.000122601
0.000115967
0.000109331
0.000102692
9.60519e-05
8.94099e-05
8.27664e-05
7.61213e-05
6.9475e-05
6.28275e-05
5.61789e-05
4.95293e-05
4.28789e-05
3.62278e-05
2.95759e-05
2.29233e-05
1.62731e-05
9.62677e-06
3.16825e-06
0.000770161
0.00076492
0.000760618
0.000756376
0.000751789
0.000746771
0.000741339
0.000735548
0.000729462
0.000723142
0.000716645
0.000710015
0.000703292
0.000696506
0.000689682
0.000682838
0.000675989
0.000669148
0.000662322
0.000655517
0.000648738
0.000641987
0.000635266
0.000628576
0.000621916
0.000615286
0.000608685
0.000602112
0.000595564
0.000589041
0.00058254
0.00057606
0.000569599
0.000563155
0.000556727
0.000550312
0.000543909
0.000537516
0.000531133
0.000524757
0.000518387
0.000512022
0.000505661
0.000499303
0.000492946
0.00048659
0.000480234
0.000473878
0.000467519
0.000461159
0.000454795
0.000448428
0.000442057
0.000435681
0.000429301
0.000422915
0.000416524
0.000410127
0.000403724
0.000397315
0.000390899
0.000384476
0.000378047
0.000371611
0.000365168
0.000358718
0.000352262
0.000345798
0.000339327
0.000332849
0.000326365
0.000319873
0.000313375
0.00030687
0.000300359
0.000293841
0.000287317
0.000280787
0.00027425
0.000267708
0.00026116
0.000254606
0.000248047
0.000241482
0.000234913
0.000228338
0.000221759
0.000215175
0.000208586
0.000201993
0.000195396
0.000188795
0.00018219
0.000175582
0.00016897
0.000162354
0.000155736
0.000149114
0.00014249
0.000135863
0.000129233
0.000122601
0.000115967
0.000109331
0.000102692
9.60519e-05
8.941e-05
8.27664e-05
7.61214e-05
6.9475e-05
6.28275e-05
5.61789e-05
4.95293e-05
4.28789e-05
3.62278e-05
2.9576e-05
2.29234e-05
1.62734e-05
9.62768e-06
3.16871e-06
0.000787081
0.000779045
0.000771935
0.000765283
0.000758764
0.000752221
0.000745592
0.000738869
0.000732059
0.000725175
0.000718238
0.000711264
0.00070427
0.000697272
0.000690281
0.000683307
0.000676356
0.000669434
0.000662545
0.000655691
0.000648874
0.000642093
0.000635349
0.00062864
0.000621966
0.000615325
0.000608716
0.000602136
0.000595583
0.000589056
0.000582552
0.00057607
0.000569607
0.000563161
0.000556731
0.000550315
0.000543912
0.000537518
0.000531134
0.000524758
0.000518388
0.000512023
0.000505661
0.000499303
0.000492946
0.00048659
0.000480234
0.000473878
0.000467519
0.000461158
0.000454795
0.000448427
0.000442056
0.000435681
0.0004293
0.000422915
0.000416524
0.000410127
0.000403724
0.000397314
0.000390898
0.000384476
0.000378047
0.000371611
0.000365168
0.000358718
0.000352261
0.000345797
0.000339326
0.000332849
0.000326364
0.000319873
0.000313374
0.00030687
0.000300358
0.00029384
0.000287316
0.000280786
0.00027425
0.000267707
0.000261159
0.000254606
0.000248046
0.000241482
0.000234912
0.000228338
0.000221758
0.000215174
0.000208586
0.000201993
0.000195396
0.000188795
0.00018219
0.000175581
0.000168969
0.000162354
0.000155736
0.000149114
0.00014249
0.000135863
0.000129233
0.000122601
0.000115967
0.00010933
0.000102692
9.60517e-05
8.94098e-05
8.27662e-05
7.61212e-05
6.94749e-05
6.28274e-05
5.61788e-05
4.95292e-05
4.28789e-05
3.62278e-05
2.9576e-05
2.29236e-05
1.62737e-05
9.62829e-06
3.16891e-06
0.000803128
0.000792694
0.000783181
0.000774372
0.000766035
0.000757995
0.000750152
0.000742466
0.000734895
0.000727412
0.000720001
0.000712653
0.000705364
0.000698133
0.000690958
0.000683839
0.000676774
0.000669762
0.000662802
0.000655893
0.000649032
0.000642217
0.000635447
0.000628717
0.000622027
0.000615374
0.000608754
0.000602166
0.000595607
0.000589075
0.000582568
0.000576082
0.000569617
0.000563169
0.000556738
0.000550321
0.000543916
0.000537522
0.000531137
0.00052476
0.000518389
0.000512024
0.000505662
0.000499303
0.000492946
0.00048659
0.000480234
0.000473877
0.000467518
0.000461157
0.000454794
0.000448426
0.000442055
0.00043568
0.000429299
0.000422913
0.000416522
0.000410125
0.000403722
0.000397313
0.000390897
0.000384474
0.000378045
0.000371609
0.000365166
0.000358716
0.000352259
0.000345795
0.000339325
0.000332847
0.000326362
0.000319871
0.000313373
0.000306868
0.000300357
0.000293839
0.000287315
0.000280785
0.000274248
0.000267706
0.000261158
0.000254604
0.000248045
0.000241481
0.000234911
0.000228337
0.000221757
0.000215173
0.000208585
0.000201992
0.000195395
0.000188794
0.000182189
0.000175581
0.000168969
0.000162353
0.000155735
0.000149113
0.000142489
0.000135862
0.000129232
0.0001226
0.000115966
0.00010933
0.000102691
9.60513e-05
8.94093e-05
8.27658e-05
7.61208e-05
6.94745e-05
6.28271e-05
5.61785e-05
4.9529e-05
4.28786e-05
3.62276e-05
2.95759e-05
2.29235e-05
1.6274e-05
9.62854e-06
3.16885e-06
0.00081832
0.000805632
0.000793948
0.000783198
0.000773165
0.000763702
0.000754713
0.000746101
0.000737785
0.000729704
0.000721816
0.000714089
0.000706499
0.00069903
0.000691666
0.000684397
0.000677214
0.000670109
0.000663076
0.000656109
0.000649203
0.000642353
0.000635554
0.000628803
0.000622096
0.000615428
0.000608798
0.000602202
0.000595636
0.000589099
0.000582587
0.000576098
0.00056963
0.00056318
0.000556747
0.000550328
0.000543922
0.000537527
0.000531141
0.000524763
0.000518392
0.000512025
0.000505663
0.000499304
0.000492947
0.00048659
0.000480233
0.000473876
0.000467517
0.000461156
0.000454792
0.000448425
0.000442053
0.000435677
0.000429297
0.000422911
0.00041652
0.000410122
0.000403719
0.00039731
0.000390894
0.000384471
0.000378042
0.000371606
0.000365163
0.000358713
0.000352256
0.000345793
0.000339322
0.000332844
0.00032636
0.000319868
0.00031337
0.000306865
0.000300354
0.000293836
0.000287312
0.000280782
0.000274246
0.000267704
0.000261156
0.000254602
0.000248043
0.000241479
0.000234909
0.000228335
0.000221755
0.000215171
0.000208583
0.00020199
0.000195393
0.000188792
0.000182187
0.000175579
0.000168967
0.000162352
0.000155734
0.000149112
0.000142488
0.000135861
0.000129232
0.0001226
0.000115965
0.000109329
0.000102691
9.60505e-05
8.94087e-05
8.27652e-05
7.61203e-05
6.9474e-05
6.28266e-05
5.6178e-05
4.95286e-05
4.28783e-05
3.62273e-05
2.95757e-05
2.29233e-05
1.62738e-05
9.62846e-06
3.16882e-06
0.000832764
0.000817744
0.000803959
0.00079135
0.000779776
0.000769042
0.000759011
0.000749547
0.00074054
0.000731901
0.000723565
0.000715478
0.000707602
0.000699903
0.000692357
0.000684944
0.000677647
0.000670452
0.000663348
0.000656325
0.000649375
0.00064249
0.000635664
0.000628891
0.000622167
0.000615486
0.000608845
0.00060224
0.000595668
0.000589125
0.000582609
0.000576116
0.000569645
0.000563192
0.000556757
0.000550336
0.000543929
0.000537532
0.000531145
0.000524767
0.000518394
0.000512027
0.000505664
0.000499305
0.000492947
0.00048659
0.000480233
0.000473875
0.000467516
0.000461154
0.00045479
0.000448422
0.00044205
0.000435674
0.000429294
0.000422908
0.000416516
0.000410119
0.000403716
0.000397306
0.00039089
0.000384468
0.000378038
0.000371602
0.000365159
0.000358709
0.000352253
0.000345789
0.000339318
0.00033284
0.000326356
0.000319865
0.000313367
0.000306862
0.000300351
0.000293833
0.000287309
0.000280779
0.000274243
0.000267701
0.000261153
0.000254599
0.00024804
0.000241476
0.000234906
0.000228332
0.000221753
0.000215169
0.000208581
0.000201988
0.000195391
0.00018879
0.000182186
0.000175577
0.000168965
0.00016235
0.000155732
0.000149111
0.000142487
0.00013586
0.00012923
0.000122598
0.000115964
0.000109328
0.00010269
9.60496e-05
8.94078e-05
8.27644e-05
7.61195e-05
6.94733e-05
6.28259e-05
5.61775e-05
4.95281e-05
4.28778e-05
3.62269e-05
2.95753e-05
2.2923e-05
1.62733e-05
9.62807e-06
3.16884e-06
0.000846603
0.000828895
0.000812961
0.000798613
0.000785622
0.000773753
0.000762808
0.000752602
0.000742991
0.000733864
0.000725133
0.000716729
0.000708597
0.000700694
0.000692986
0.000685444
0.000678044
0.000670768
0.0006636
0.000656526
0.000649536
0.00064262
0.000635769
0.000628976
0.000622236
0.000615543
0.000608892
0.000602279
0.0005957
0.000589152
0.000582631
0.000576135
0.000569661
0.000563206
0.000556769
0.000550346
0.000543937
0.000537539
0.000531151
0.000524771
0.000518397
0.00051203
0.000505666
0.000499305
0.000492947
0.000486589
0.000480232
0.000473873
0.000467514
0.000461152
0.000454787
0.000448419
0.000442047
0.000435671
0.00042929
0.000422904
0.000416512
0.000410115
0.000403712
0.000397302
0.000390886
0.000384463
0.000378034
0.000371598
0.000365155
0.000358705
0.000352248
0.000345784
0.000339314
0.000332836
0.000326352
0.00031986
0.000313362
0.000306858
0.000300347
0.000293829
0.000287305
0.000280775
0.000274239
0.000267697
0.000261149
0.000254596
0.000248037
0.000241473
0.000234903
0.000228329
0.00022175
0.000215166
0.000208578
0.000201985
0.000195388
0.000188788
0.000182183
0.000175575
0.000168963
0.000162348
0.00015573
0.000149109
0.000142485
0.000135858
0.000129229
0.000122597
0.000115963
0.000109327
0.000102688
9.60484e-05
8.94067e-05
8.27634e-05
7.61186e-05
6.94725e-05
6.28252e-05
5.61768e-05
4.95275e-05
4.28773e-05
3.62264e-05
2.95748e-05
2.29225e-05
1.62728e-05
9.62732e-06
3.16859e-06
0.000859865
0.000838728
0.000820566
0.000804612
0.000790396
0.000777594
0.000765908
0.000755105
0.000745007
0.000735484
0.000726431
0.000717767
0.000709426
0.000701356
0.000693513
0.000685864
0.00067838
0.000671037
0.000663816
0.000656701
0.000649677
0.000642734
0.000635863
0.000629054
0.0006223
0.000615596
0.000608937
0.000602317
0.000595733
0.000589179
0.000582655
0.000576155
0.000569678
0.000563221
0.000556781
0.000550356
0.000543946
0.000537546
0.000531157
0.000524775
0.000518401
0.000512032
0.000505668
0.000499306
0.000492947
0.000486589
0.000480231
0.000473872
0.000467512
0.000461149
0.000454784
0.000448416
0.000442044
0.000435667
0.000429286
0.0004229
0.000416508
0.00041011
0.000403707
0.000397297
0.000390881
0.000384458
0.000378029
0.000371593
0.00036515
0.0003587
0.000352243
0.000345779
0.000339309
0.000332831
0.000326347
0.000319855
0.000313357
0.000306853
0.000300342
0.000293824
0.000287301
0.000280771
0.000274235
0.000267693
0.000261145
0.000254592
0.000248033
0.000241469
0.0002349
0.000228325
0.000221746
0.000215163
0.000208575
0.000201982
0.000195386
0.000188785
0.000182181
0.000175572
0.000168961
0.000162346
0.000155728
0.000149107
0.000142483
0.000135856
0.000129227
0.000122595
0.000115961
0.000109325
0.000102687
9.60472e-05
8.94055e-05
8.27623e-05
7.61176e-05
6.94716e-05
6.28244e-05
5.61761e-05
4.95268e-05
4.28767e-05
3.62259e-05
2.95743e-05
2.29221e-05
1.62723e-05
9.62628e-06
3.1681e-06
0.000871734
0.000846155
0.000826089
0.000808914
0.000793823
0.000780371
0.000768172
0.000756947
0.0007465
0.000736688
0.000727398
0.000718541
0.000710045
0.00070185
0.000693909
0.000686181
0.000678635
0.000671242
0.000663982
0.000656836
0.000649788
0.000642826
0.000635939
0.000629117
0.000622354
0.000615642
0.000608976
0.00060235
0.000595761
0.000589204
0.000582676
0.000576174
0.000569694
0.000563235
0.000556793
0.000550367
0.000543954
0.000537554
0.000531163
0.00052478
0.000518405
0.000512035
0.00050567
0.000499308
0.000492948
0.000486589
0.00048023
0.000473871
0.00046751
0.000461147
0.000454782
0.000448413
0.000442041
0.000435664
0.000429282
0.000422896
0.000416504
0.000410106
0.000403702
0.000397292
0.000390876
0.000384453
0.000378024
0.000371588
0.000365145
0.000358695
0.000352238
0.000345774
0.000339303
0.000332826
0.000326342
0.00031985
0.000313353
0.000306848
0.000300337
0.00029382
0.000287296
0.000280766
0.00027423
0.000267688
0.000261141
0.000254588
0.000248029
0.000241465
0.000234896
0.000228322
0.000221743
0.000215159
0.000208571
0.000201979
0.000195383
0.000188782
0.000182178
0.00017557
0.000168958
0.000162344
0.000155726
0.000149105
0.000142481
0.000135854
0.000129225
0.000122593
0.00011596
0.000109324
0.000102686
9.60459e-05
8.94043e-05
8.27612e-05
7.61166e-05
6.94707e-05
6.28235e-05
5.61753e-05
4.95261e-05
4.28761e-05
3.62254e-05
2.9574e-05
2.29219e-05
1.62725e-05
9.62518e-06
3.16704e-06
0.000879872
0.000849962
0.000829178
0.000811304
0.000795724
0.000781955
0.000769492
0.000758035
0.000747389
0.000737408
0.000727977
0.000719005
0.000710416
0.000702147
0.000694146
0.000686372
0.000678789
0.000671367
0.000664084
0.00065692
0.000649858
0.000642884
0.000635987
0.000629158
0.000622389
0.000615672
0.000609002
0.000602373
0.000595781
0.000589222
0.000582692
0.000576187
0.000569706
0.000563245
0.000556802
0.000550375
0.000543961
0.000537559
0.000531167
0.000524784
0.000518408
0.000512037
0.000505671
0.000499308
0.000492948
0.000486588
0.000480229
0.000473869
0.000467508
0.000461145
0.00045478
0.000448411
0.000442038
0.000435661
0.000429279
0.000422892
0.0004165
0.000410102
0.000403698
0.000397288
0.000390872
0.000384449
0.00037802
0.000371583
0.00036514
0.000358691
0.000352234
0.00034577
0.000339299
0.000332822
0.000326337
0.000319846
0.000313349
0.000306844
0.000300333
0.000293816
0.000287292
0.000280763
0.000274227
0.000267685
0.000261137
0.000254584
0.000248026
0.000241462
0.000234893
0.000228319
0.00022174
0.000215157
0.000208569
0.000201977
0.00019538
0.00018878
0.000182176
0.000175568
0.000168956
0.000162342
0.000155724
0.000149103
0.000142479
0.000135853
0.000129224
0.000122592
0.000115958
0.000109322
0.000102685
9.60448e-05
8.94034e-05
8.27603e-05
7.61158e-05
6.94699e-05
6.28229e-05
5.61747e-05
4.95256e-05
4.28757e-05
3.6225e-05
2.95736e-05
2.29219e-05
1.62731e-05
9.62675e-06
3.16759e-06
)
;

boundaryField
{
    frontWall
    {
        type            empty;
    }
    backWall
    {
        type            empty;
    }
    sideWall
    {
        type            zeroGradient;
    }
    outlet
    {
        type            fixedValue;
        value           uniform 0;
    }
    inlet
    {
        type            zeroGradient;
    }
}


// ************************************************************************* //
