/*--------------------------------*- C++ -*----------------------------------*\
  =========                 |
  \\      /  F ield         | OpenFOAM: The Open Source CFD Toolbox
   \\    /   O peration     | Website:  https://openfoam.org
    \\  /    A nd           | Version:  13
     \\/     M anipulation  |
\*---------------------------------------------------------------------------*/
FoamFile
{
    format      ascii;
    class       volScalarField;
    location    "30";
    object      p;
}
// * * * * * * * * * * * * * * * * * * * * * * * * * * * * * * * * * * * * * //

dimensions      [0 2 -2 0 0 0 0];

internalField   nonuniform List<scalar> 
6440
(
135.16
135.164
135.16
135.139
135.101
135.048
134.985
134.917
134.848
134.781
134.721
134.672
134.637
134.62
134.621
134.639
134.672
134.713
134.756
134.794
134.821
134.836
134.845
134.85
134.855
135.147
135.145
135.132
135.103
135.058
135
134.933
134.86
134.787
134.717
134.656
134.609
134.579
134.57
134.58
134.609
134.652
134.703
134.755
134.801
134.834
134.852
134.86
134.865
134.87
135.125
135.116
135.09
135.05
134.995
134.929
134.853
134.772
134.692
134.619
134.558
134.516
134.495
134.497
134.518
134.557
134.608
134.665
134.723
134.776
134.819
134.85
134.871
134.884
134.892
135.112
135.092
135.054
135
134.934
134.854
134.765
134.67
134.576
134.492
134.427
134.388
134.378
134.397
134.437
134.491
134.552
134.615
134.679
134.738
134.793
134.839
134.877
134.904
134.918
135.127
135.097
135.046
134.982
134.903
134.81
134.705
134.593
134.484
134.387
134.314
134.273
134.269
134.299
134.355
134.425
134.502
134.578
134.65
134.718
134.782
134.84
134.889
134.929
134.948
135.186
135.145
135.083
135.007
134.916
134.809
134.691
134.568
134.451
134.353
134.285
134.25
134.248
134.276
134.328
134.399
134.481
134.567
134.648
134.724
134.794
134.858
134.912
134.956
134.98
135.288
135.236
135.163
135.074
134.969
134.849
134.717
134.582
134.456
134.353
134.285
134.256
134.262
134.296
134.351
134.422
134.507
134.595
134.679
134.758
134.83
134.891
134.94
134.982
135.007
135.412
135.355
135.272
135.173
135.057
134.927
134.787
134.645
134.514
134.405
134.332
134.298
134.302
134.335
134.391
134.466
134.554
134.647
134.735
134.814
134.88
134.931
134.968
135
135.025
135.528
135.467
135.378
135.27
135.148
135.013
134.872
134.728
134.591
134.474
134.387
134.337
134.325
134.349
134.403
134.486
134.587
134.692
134.788
134.868
134.929
134.967
134.989
135.011
135.034
135.603
135.542
135.445
135.33
135.204
135.068
134.924
134.775
134.629
134.496
134.388
134.313
134.276
134.279
134.322
134.409
134.535
134.684
134.821
134.918
134.972
134.996
135.005
135.018
135.042
135.617
135.55
135.445
135.324
135.193
135.05
134.893
134.723
134.548
134.378
134.224
134.105
134.039
134.026
134.069
134.174
134.349
134.568
134.781
134.936
135.004
135.021
135.026
135.032
135.051
135.549
135.472
135.36
135.232
135.091
134.934
134.755
134.553
134.337
134.119
133.918
133.755
133.649
133.614
133.656
133.784
134.012
134.321
134.645
134.902
135.012
135.033
135.041
135.038
135.055
135.391
135.308
135.193
135.058
134.906
134.73
134.523
134.286
134.027
133.765
133.529
133.351
133.252
133.233
133.297
133.449
133.695
134.019
134.406
134.771
134.965
135.006
135.021
135.027
135.054
135.167
135.083
134.967
134.828
134.663
134.467
134.234
133.965
133.674
133.39
133.153
132.998
132.938
132.957
133.051
133.221
133.471
133.801
134.193
134.562
134.79
134.882
134.967
135.022
135.077
134.906
134.826
134.712
134.568
134.392
134.181
133.929
133.639
133.334
133.055
132.843
132.728
132.702
132.747
132.859
133.038
133.282
133.592
133.954
134.309
134.565
134.682
134.861
135.055
135.151
134.639
134.566
134.455
134.306
134.121
133.9
133.636
133.334
133.026
132.759
132.576
132.485
132.468
132.519
132.641
132.83
133.08
133.386
133.734
134.081
134.347
134.518
134.777
135.121
135.279
134.393
134.325
134.216
134.064
133.874
133.647
133.375
133.065
132.754
132.493
132.323
132.234
132.213
132.264
132.401
132.611
132.887
133.209
133.562
133.918
134.229
134.473
134.785
135.211
135.433
134.186
134.123
134.013
133.861
133.668
133.439
133.161
132.845
132.522
132.258
132.083
131.994
131.972
132.035
132.193
132.44
132.749
133.1
133.468
133.835
134.169
134.467
134.833
135.275
135.562
134.028
133.967
133.86
133.708
133.517
133.287
133.009
132.686
132.355
132.077
131.897
131.805
131.797
131.872
132.062
132.345
132.693
133.072
133.455
133.825
134.162
134.469
134.81
135.246
135.53
133.916
133.859
133.755
133.608
133.421
133.197
132.923
132.599
132.256
131.964
131.777
131.698
131.708
131.801
132.01
132.322
132.698
133.095
133.486
133.858
134.199
134.512
134.831
135.098
135.291
133.846
133.792
133.692
133.555
133.381
133.171
132.916
132.612
132.278
131.977
131.779
131.697
131.717
131.821
132.045
132.362
132.738
133.129
133.508
133.87
134.217
134.562
134.893
135.118
135.211
133.799
133.759
133.669
133.548
133.393
133.21
132.986
132.719
132.418
132.122
131.902
131.802
131.823
131.946
132.164
132.456
132.802
133.167
133.521
133.862
134.193
134.516
134.811
135.05
135.223
133.762
133.741
133.668
133.565
133.437
133.284
133.105
132.893
132.654
132.406
132.207
132.103
132.121
132.236
132.422
132.664
132.955
133.267
133.577
133.88
134.178
134.467
134.728
134.932
135.058
133.727
133.723
133.673
133.594
133.491
133.373
133.243
133.097
132.938
132.773
132.631
132.551
132.549
132.626
132.756
132.931
133.15
133.395
133.647
133.899
134.149
134.391
134.61
134.79
134.915
133.702
133.703
133.679
133.622
133.546
133.466
133.386
133.308
133.23
133.15
133.079
133.025
133.013
133.047
133.116
133.221
133.366
133.539
133.726
133.919
134.111
134.3
134.47
134.606
134.703
133.685
133.686
133.677
133.643
133.591
133.551
133.523
133.509
133.502
133.495
133.479
133.46
133.442
133.44
133.456
133.498
133.573
133.677
133.799
133.929
134.063
134.195
134.313
134.414
134.486
133.674
133.672
133.667
133.641
133.615
133.615
133.642
133.683
133.734
133.782
133.814
133.819
133.806
133.779
133.749
133.735
133.75
133.79
133.849
133.923
134.008
134.093
134.173
134.235
134.283
133.667
133.665
133.651
133.623
133.606
133.646
133.729
133.821
133.917
134.004
134.063
134.098
134.089
134.039
133.97
133.91
133.875
133.867
133.881
133.915
133.961
134.012
134.058
134.099
134.126
133.661
133.656
133.63
133.594
133.577
133.641
133.773
133.911
134.043
134.155
134.233
134.281
134.273
134.202
134.104
134.013
133.946
133.906
133.892
133.9
133.925
133.957
133.986
134.004
134.016
133.631
133.615
133.577
133.541
133.527
133.607
133.77
133.947
134.107
134.236
134.314
134.37
134.348
134.265
134.156
134.054
133.973
133.917
133.888
133.881
133.891
133.908
133.923
133.931
133.927
133.536
133.496
133.462
133.442
133.446
133.541
133.718
133.916
134.098
134.24
134.322
134.357
134.324
134.245
134.144
134.047
133.967
133.91
133.873
133.853
133.847
133.848
133.851
133.849
133.838
133.374
133.329
133.32
133.323
133.345
133.442
133.603
133.791
133.984
134.149
134.239
134.252
134.22
134.156
134.076
133.997
133.929
133.876
133.836
133.809
133.792
133.781
133.771
133.76
133.74
133.245
133.231
133.233
133.235
133.249
133.308
133.409
133.546
133.724
133.914
134.038
134.056
134.041
134.007
133.96
133.908
133.858
133.814
133.778
133.75
133.728
133.708
133.689
133.666
133.639
133.244
133.242
133.227
133.219
133.202
133.181
133.173
133.222
133.369
133.557
133.698
133.757
133.796
133.814
133.81
133.791
133.763
133.733
133.704
133.678
133.653
133.627
133.599
133.568
133.529
133.35
133.33
133.297
133.28
133.225
133.114
132.976
132.903
132.972
133.125
133.272
133.397
133.511
133.594
133.641
133.658
133.655
133.64
133.62
133.595
133.568
133.538
133.502
133.46
133.41
133.508
133.461
133.412
133.364
133.272
133.087
132.833
132.622
132.6
132.707
132.864
133.044
133.233
133.378
133.472
133.522
133.543
133.542
133.529
133.507
133.477
133.441
133.398
133.346
133.28
133.662
133.602
133.534
133.457
133.321
133.071
132.712
132.415
132.352
132.415
132.564
132.775
133.006
133.194
133.322
133.398
133.436
133.446
133.437
133.416
133.383
133.342
133.29
133.226
133.148
133.801
133.738
133.648
133.535
133.362
133.062
132.663
132.374
132.284
132.313
132.428
132.627
132.865
133.065
133.209
133.297
133.342
133.357
133.35
133.327
133.29
133.242
133.181
133.107
133.016
133.927
133.86
133.749
133.608
133.408
133.104
132.738
132.492
132.368
132.368
132.448
132.613
132.818
133.001
133.14
133.225
133.268
133.28
133.271
133.243
133.201
133.145
133.075
132.989
132.887
134.049
133.98
133.855
133.69
133.492
133.218
132.914
132.684
132.566
132.541
132.589
132.702
132.854
133
133.116
133.185
133.216
133.22
133.202
133.168
133.118
133.053
132.973
132.878
132.764
134.169
134.105
133.974
133.805
133.618
133.388
133.132
132.939
132.827
132.795
132.807
132.864
132.951
133.054
133.133
133.173
133.185
133.175
133.147
133.103
133.043
132.969
132.88
132.773
132.649
134.295
134.239
134.114
133.954
133.785
133.594
133.394
133.24
133.149
133.102
133.066
133.061
133.087
133.147
133.178
133.185
133.173
133.146
133.105
133.048
132.978
132.894
132.794
132.679
132.544
134.42
134.377
134.267
134.125
133.978
133.829
133.691
133.582
133.502
133.416
133.326
133.27
133.242
133.252
133.236
133.211
133.176
133.131
133.074
133.005
132.923
132.828
132.72
132.594
132.451
134.522
134.497
134.409
134.292
134.18
134.077
133.993
133.918
133.83
133.699
133.575
133.47
133.394
133.35
133.3
133.247
133.19
133.126
133.053
132.971
132.878
132.773
132.654
132.521
132.369
134.585
134.578
134.519
134.438
134.369
134.314
134.268
134.209
134.107
133.944
133.795
133.638
133.53
133.447
133.366
133.288
133.21
133.128
133.04
132.945
132.841
132.726
132.6
132.457
132.3
134.611
134.616
134.593
134.555
134.53
134.517
134.492
134.446
134.333
134.149
133.967
133.778
133.647
133.534
133.428
133.329
133.232
133.135
133.034
132.927
132.813
132.689
132.554
132.406
132.242
134.622
134.632
134.633
134.636
134.653
134.672
134.668
134.638
134.502
134.305
134.089
133.893
133.74
133.604
133.481
133.366
133.254
133.144
133.031
132.914
132.791
132.659
132.518
132.363
132.195
134.632
134.64
134.649
134.681
134.732
134.774
134.797
134.768
134.606
134.394
134.162
133.969
133.806
133.66
133.524
133.397
133.274
133.153
133.031
132.906
132.775
132.637
132.489
132.331
132.159
134.645
134.648
134.656
134.695
134.764
134.819
134.871
134.818
134.649
134.42
134.193
134.016
133.852
133.7
133.557
133.422
133.291
133.162
133.033
132.9
132.763
132.62
132.468
132.306
132.132
134.657
134.656
134.662
134.694
134.759
134.828
134.873
134.795
134.621
134.417
134.219
134.041
133.878
133.726
133.58
133.44
133.304
133.169
133.035
132.897
132.756
132.608
132.453
132.289
132.113
134.668
134.665
134.666
134.688
134.737
134.808
134.823
134.739
134.564
134.387
134.216
134.049
133.891
133.74
133.594
133.453
133.313
133.175
133.036
132.895
132.75
132.6
132.443
132.277
132.102
134.682
134.677
134.677
134.691
134.726
134.768
134.766
134.665
134.515
134.361
134.201
134.045
133.894
133.746
133.602
133.46
133.319
133.179
133.038
132.894
132.748
132.596
132.437
132.272
132.096
134.702
134.699
134.702
134.71
134.736
134.742
134.71
134.597
134.473
134.33
134.182
134.035
133.89
133.746
133.604
133.462
133.322
133.181
133.039
132.894
132.746
132.594
132.436
132.27
132.097
134.726
134.727
134.736
134.739
134.75
134.743
134.673
134.552
134.432
134.299
134.161
134.021
133.881
133.741
133.602
133.462
133.322
133.181
133.039
132.894
132.746
132.594
132.436
132.273
132.101
134.743
134.747
134.757
134.767
134.763
134.728
134.632
134.521
134.399
134.27
134.139
134.005
133.869
133.733
133.596
133.459
133.32
133.18
133.039
132.895
132.748
132.596
132.44
132.278
132.11
134.747
134.748
134.755
134.775
134.766
134.708
134.592
134.486
134.367
134.243
134.116
133.987
133.855
133.723
133.589
133.453
133.316
133.178
133.038
132.895
132.749
132.6
132.445
132.286
132.121
134.741
134.735
134.739
134.754
134.742
134.672
134.557
134.448
134.334
134.215
134.093
133.967
133.84
133.71
133.579
133.446
133.311
133.175
133.037
132.896
132.752
132.604
132.453
132.296
132.135
134.727
134.714
134.72
134.727
134.711
134.626
134.526
134.415
134.302
134.187
134.069
133.947
133.823
133.697
133.568
133.438
133.305
133.171
133.035
132.896
132.755
132.61
132.461
132.308
132.15
134.71
134.693
134.697
134.702
134.68
134.576
134.483
134.38
134.271
134.16
134.045
133.926
133.805
133.682
133.556
133.428
133.298
133.167
133.033
132.896
132.757
132.615
132.47
132.32
132.167
134.693
134.677
134.679
134.681
134.636
134.534
134.445
134.346
134.241
134.133
134.02
133.905
133.787
133.666
133.543
133.418
133.291
133.162
133.03
132.897
132.76
132.621
132.479
132.334
132.185
134.684
134.674
134.675
134.666
134.593
134.505
134.413
134.314
134.212
134.106
133.996
133.884
133.768
133.65
133.53
133.407
133.283
133.156
133.027
132.896
132.763
132.627
132.489
132.347
132.203
134.681
134.68
134.679
134.652
134.555
134.475
134.383
134.284
134.184
134.08
133.972
133.862
133.749
133.633
133.516
133.396
133.274
133.15
133.024
132.896
132.766
132.633
132.499
132.361
132.221
134.677
134.686
134.68
134.627
134.523
134.444
134.352
134.256
134.156
134.054
133.948
133.84
133.729
133.616
133.501
133.383
133.264
133.143
133.02
132.895
132.768
132.639
132.508
132.375
132.239
134.669
134.684
134.673
134.597
134.504
134.416
134.323
134.228
134.13
134.028
133.925
133.818
133.71
133.599
133.486
133.371
133.254
133.136
133.016
132.894
132.77
132.645
132.517
132.388
132.257
134.66
134.674
134.66
134.566
134.485
134.391
134.296
134.2
134.103
134.003
133.9
133.796
133.689
133.58
133.47
133.357
133.243
133.128
133.011
132.892
132.772
132.65
132.526
132.401
132.274
134.655
134.665
134.64
134.531
134.454
134.363
134.268
134.173
134.076
133.977
133.876
133.773
133.668
133.562
133.453
133.343
133.232
133.119
133.005
132.889
132.772
132.654
132.534
132.413
132.291
134.652
134.659
134.61
134.501
134.422
134.333
134.239
134.144
134.048
133.95
133.851
133.749
133.646
133.542
133.436
133.329
133.22
133.11
132.999
132.886
132.773
132.658
132.542
132.425
132.307
134.644
134.65
134.577
134.48
134.392
134.302
134.21
134.115
134.02
133.923
133.825
133.725
133.624
133.522
133.418
133.313
133.207
133.1
132.992
132.882
132.772
132.661
132.548
132.435
132.322
134.626
134.634
134.541
134.459
134.363
134.27
134.178
134.085
133.99
133.894
133.797
133.699
133.6
133.5
133.399
133.297
133.193
133.089
132.984
132.878
132.771
132.663
132.554
132.445
132.335
134.606
134.614
134.501
134.426
134.33
134.236
134.145
134.052
133.958
133.864
133.769
133.673
133.576
133.478
133.379
133.279
133.179
133.077
132.975
132.872
132.769
132.664
132.56
132.454
132.349
134.593
134.59
134.462
134.389
134.294
134.2
134.109
134.017
133.925
133.832
133.739
133.645
133.55
133.455
133.358
133.261
133.164
133.065
132.966
132.866
132.766
132.665
132.564
132.462
132.36
134.583
134.561
134.426
134.347
134.254
134.161
134.07
133.98
133.889
133.798
133.707
133.615
133.523
133.43
133.337
133.242
133.148
133.052
132.956
132.86
132.763
132.665
132.568
132.469
132.372
134.561
134.519
134.39
134.302
134.21
134.118
134.028
133.939
133.851
133.762
133.674
133.584
133.495
133.405
133.314
133.223
133.131
133.038
132.945
132.852
132.758
132.664
132.57
132.476
132.381
134.52
134.464
134.346
134.252
134.16
134.07
133.983
133.897
133.811
133.725
133.639
133.552
133.466
133.378
133.291
133.202
133.113
133.024
132.934
132.844
132.754
132.663
132.572
132.481
132.391
134.463
134.394
134.29
134.194
134.106
134.019
133.935
133.851
133.768
133.685
133.602
133.519
133.435
133.351
133.266
133.181
133.095
133.009
132.922
132.835
132.748
132.661
132.573
132.486
132.398
134.388
134.31
134.22
134.13
134.046
133.964
133.883
133.803
133.724
133.645
133.565
133.485
133.404
133.323
133.241
133.159
133.076
132.993
132.91
132.826
132.742
132.657
132.573
132.489
132.405
134.294
134.217
134.142
134.06
133.982
133.905
133.83
133.754
133.678
133.603
133.527
133.45
133.372
133.294
133.216
133.137
133.057
132.977
132.897
132.816
132.735
132.654
132.573
132.492
132.411
134.19
134.123
134.059
133.987
133.917
133.846
133.775
133.704
133.632
133.56
133.488
133.414
133.34
133.266
133.19
133.114
133.038
132.961
132.883
132.806
132.728
132.65
132.572
132.494
132.417
134.087
134.031
133.977
133.913
133.85
133.785
133.72
133.653
133.586
133.518
133.449
133.379
133.308
133.237
133.165
133.092
133.018
132.944
132.87
132.795
132.721
132.645
132.57
132.496
132.421
133.987
133.941
133.896
133.841
133.784
133.725
133.665
133.603
133.54
133.476
133.411
133.344
133.277
133.209
133.139
133.07
132.999
132.928
132.857
132.785
132.713
132.641
132.569
132.497
132.426
133.894
133.857
133.818
133.77
133.72
133.667
133.611
133.554
133.495
133.435
133.373
133.31
133.246
133.181
133.115
133.048
132.98
132.912
132.844
132.775
132.705
132.636
132.567
132.498
132.429
133.808
133.777
133.745
133.703
133.658
133.61
133.559
133.506
133.451
133.395
133.336
133.277
133.216
133.154
133.09
133.026
132.962
132.896
132.831
132.764
132.698
132.631
132.565
132.498
132.433
133.73
133.704
133.676
133.639
133.6
133.556
133.509
133.46
133.409
133.356
133.301
133.244
133.186
133.127
133.067
133.006
132.944
132.881
132.818
132.754
132.69
132.626
132.562
132.499
132.435
133.658
133.636
133.612
133.58
133.544
133.504
133.461
133.416
133.368
133.318
133.266
133.213
133.158
133.102
133.044
132.986
132.926
132.866
132.806
132.745
132.683
132.622
132.56
132.499
132.438
133.593
133.574
133.554
133.524
133.492
133.455
133.416
133.374
133.329
133.283
133.234
133.183
133.131
133.077
133.023
132.967
132.91
132.852
132.794
132.735
132.676
132.617
132.558
132.499
132.44
133.534
133.518
133.5
133.473
133.444
133.41
133.374
133.334
133.293
133.249
133.203
133.155
133.105
133.054
133.002
132.948
132.894
132.839
132.783
132.726
132.669
132.612
132.556
132.499
132.442
133.481
133.467
133.451
133.426
133.4
133.369
133.335
133.298
133.259
133.217
133.174
133.128
133.081
133.033
132.982
132.931
132.879
132.826
132.772
132.717
132.663
132.608
132.553
132.498
132.444
133.434
133.421
133.407
133.384
133.36
133.331
133.299
133.264
133.227
133.188
133.147
133.104
133.059
133.012
132.964
132.915
132.865
132.814
132.762
132.709
132.657
132.604
132.551
132.498
132.445
133.392
133.381
133.368
133.347
133.324
133.297
133.267
133.234
133.199
133.162
133.122
133.081
133.038
132.993
132.947
132.9
132.852
132.802
132.752
132.702
132.651
132.6
132.548
132.497
132.446
133.355
133.345
133.333
133.314
133.293
133.267
133.238
133.207
133.173
133.138
133.1
133.06
133.019
132.976
132.932
132.886
132.84
132.792
132.744
132.695
132.645
132.596
132.546
132.497
132.447
133.324
133.314
133.304
133.285
133.265
133.24
133.213
133.183
133.151
133.116
133.08
133.042
133.002
132.961
132.918
132.874
132.829
132.783
132.736
132.688
132.641
132.593
132.544
132.496
132.448
133.297
133.288
133.279
133.261
133.242
133.218
133.192
133.163
133.131
133.098
133.063
133.026
132.987
132.947
132.905
132.863
132.819
132.774
132.729
132.682
132.636
132.589
132.543
132.495
132.449
133.276
133.267
133.259
133.241
133.222
133.199
133.174
133.145
133.115
133.082
133.048
133.012
132.974
132.935
132.895
132.853
132.81
132.767
132.722
132.677
132.632
132.587
132.541
132.495
132.449
133.26
133.251
133.243
133.225
133.207
133.184
133.159
133.131
133.101
133.069
133.035
133
132.963
132.925
132.885
132.845
132.803
132.76
132.717
132.673
132.629
132.584
132.54
132.494
132.45
133.25
133.241
133.232
133.214
133.196
133.173
133.148
133.12
133.091
133.059
133.026
132.991
132.955
132.917
132.878
132.838
132.797
132.755
132.713
132.67
132.626
132.583
132.538
132.494
132.45
133.246
133.235
133.226
133.207
133.189
133.166
133.14
133.113
133.083
133.052
133.019
132.984
132.948
132.911
132.872
132.833
132.792
132.751
132.709
132.667
132.624
132.581
132.538
132.495
132.451
133.244
133.233
133.225
133.204
133.185
133.161
133.136
133.108
133.078
133.047
133.014
132.979
132.943
132.906
132.868
132.829
132.789
132.748
132.707
132.665
132.623
132.581
132.538
132.495
132.452
133.252
133.236
133.229
133.207
133.185
133.16
133.133
133.105
133.075
133.043
133.01
132.976
132.94
132.904
132.866
132.827
132.787
132.747
132.706
132.664
132.622
132.58
132.538
132.495
132.454
133.291
133.256
133.239
133.213
133.187
133.16
133.133
133.104
133.073
133.042
133.009
132.974
132.939
132.902
132.864
132.825
132.786
132.746
132.705
132.664
132.622
132.58
132.538
132.496
132.454
133.367
133.288
133.247
133.216
133.188
133.16
133.132
133.103
133.073
133.041
133.008
132.974
132.938
132.901
132.864
132.825
132.785
132.745
132.705
132.663
132.622
132.58
132.538
132.496
132.455
134.738
134.736
134.731
134.724
134.714
134.702
134.686
134.666
134.646
134.624
134.605
134.589
134.579
134.573
134.572
134.574
134.578
134.577
134.572
134.561
134.545
134.528
134.517
134.515
134.517
134.748
134.745
134.74
134.731
134.719
134.703
134.683
134.66
134.635
134.61
134.587
134.568
134.555
134.548
134.545
134.546
134.552
134.555
134.554
134.547
134.533
134.519
134.511
134.51
134.513
134.755
134.754
134.747
134.735
134.718
134.697
134.673
134.645
134.616
134.587
134.561
134.538
134.521
134.51
134.505
134.506
134.51
134.516
134.521
134.522
134.517
134.51
134.505
134.505
134.507
134.756
134.756
134.747
134.732
134.711
134.686
134.657
134.625
134.591
134.556
134.524
134.495
134.473
134.458
134.45
134.449
134.453
134.461
134.471
134.482
134.491
134.498
134.501
134.501
134.5
134.754
134.754
134.744
134.726
134.703
134.674
134.641
134.603
134.563
134.521
134.48
134.444
134.416
134.396
134.385
134.382
134.385
134.394
134.409
134.429
134.451
134.474
134.492
134.497
134.494
134.759
134.757
134.743
134.722
134.696
134.664
134.627
134.584
134.536
134.484
134.434
134.389
134.353
134.327
134.311
134.305
134.308
134.32
134.34
134.367
134.4
134.437
134.471
134.489
134.488
134.777
134.772
134.751
134.723
134.692
134.656
134.616
134.567
134.51
134.447
134.385
134.33
134.283
134.248
134.226
134.217
134.221
134.237
134.265
134.3
134.342
134.389
134.436
134.47
134.478
134.809
134.801
134.773
134.736
134.695
134.653
134.607
134.552
134.485
134.41
134.336
134.267
134.208
134.16
134.129
134.116
134.122
134.145
134.181
134.226
134.276
134.329
134.383
134.431
134.45
134.844
134.836
134.806
134.76
134.708
134.657
134.602
134.538
134.461
134.373
134.285
134.203
134.13
134.066
134.023
134.004
134.009
134.036
134.081
134.136
134.195
134.255
134.315
134.367
134.394
134.875
134.87
134.842
134.792
134.73
134.668
134.604
134.53
134.44
134.339
134.238
134.144
134.056
133.975
133.914
133.88
133.876
133.905
133.96
134.028
134.1
134.17
134.234
134.291
134.321
134.903
134.9
134.876
134.825
134.756
134.686
134.613
134.53
134.432
134.319
134.206
134.1
133.998
133.901
133.817
133.762
133.743
133.768
133.834
133.919
134.006
134.087
134.159
134.218
134.253
134.931
134.924
134.904
134.856
134.786
134.709
134.63
134.542
134.438
134.319
134.196
134.08
133.968
133.858
133.76
133.691
133.658
133.674
133.741
133.839
133.941
134.033
134.111
134.172
134.212
134.961
134.948
134.929
134.887
134.817
134.736
134.65
134.559
134.454
134.336
134.212
134.093
133.979
133.866
133.756
133.668
133.632
133.644
133.708
133.813
133.927
134.03
134.113
134.174
134.215
134.994
134.977
134.956
134.919
134.852
134.768
134.675
134.577
134.471
134.358
134.24
134.125
134.016
133.91
133.801
133.702
133.649
133.654
133.721
133.837
133.967
134.083
134.175
134.238
134.276
135.03
135.01
134.987
134.954
134.892
134.804
134.703
134.595
134.484
134.372
134.26
134.152
134.052
133.954
133.853
133.759
133.705
133.713
133.788
133.915
134.06
134.191
134.294
134.364
134.398
135.071
135.046
135.023
134.992
134.935
134.848
134.741
134.621
134.499
134.38
134.269
134.167
134.074
133.986
133.899
133.825
133.79
133.812
133.898
134.034
134.191
134.339
134.459
134.539
134.574
135.122
135.09
135.065
135.036
134.981
134.893
134.783
134.659
134.529
134.401
134.286
134.185
134.097
134.018
133.949
133.899
133.887
133.926
134.022
134.168
134.335
134.499
134.636
134.734
134.778
135.186
135.139
135.109
135.085
135.033
134.937
134.816
134.683
134.549
134.42
134.306
134.209
134.124
134.053
133.996
133.965
133.969
134.023
134.131
134.282
134.46
134.637
134.791
134.904
134.963
135.262
135.194
135.148
135.133
135.088
134.991
134.852
134.699
134.548
134.414
134.3
134.205
134.128
134.064
134.02
134.002
134.022
134.088
134.204
134.363
134.545
134.731
134.898
135.026
135.093
135.33
135.25
135.195
135.181
135.143
135.054
134.912
134.736
134.561
134.406
134.282
134.186
134.11
134.053
134.018
134.01
134.039
134.111
134.23
134.387
134.574
134.768
134.948
135.088
135.165
135.296
135.238
135.228
135.242
135.209
135.128
134.984
134.788
134.582
134.4
134.257
134.149
134.071
134.018
133.988
133.987
134.021
134.094
134.209
134.368
134.552
134.75
134.937
135.09
135.172
135.242
135.185
135.214
135.253
135.228
135.143
134.996
134.794
134.572
134.371
134.209
134.09
134.002
133.945
133.914
133.913
133.946
134.017
134.132
134.282
134.466
134.665
134.857
135.017
135.114
135.09
135.106
135.151
135.182
135.151
135.056
134.902
134.701
134.483
134.28
134.115
133.983
133.889
133.822
133.783
133.773
133.797
133.858
133.958
134.1
134.271
134.463
134.652
134.818
134.917
134.976
135.001
135.021
135.027
134.984
134.882
134.728
134.536
134.331
134.139
133.971
133.836
133.726
133.642
133.584
133.554
133.556
133.593
133.669
133.777
133.922
134.089
134.261
134.415
134.532
134.759
134.787
134.799
134.792
134.748
134.655
134.515
134.342
134.153
133.968
133.8
133.646
133.515
133.403
133.312
133.247
133.209
133.201
133.222
133.277
133.357
133.462
133.572
133.672
133.723
134.532
134.556
134.558
134.54
134.494
134.41
134.287
134.131
133.956
133.775
133.593
133.422
133.254
133.099
132.957
132.834
132.73
132.646
132.581
132.529
132.495
132.471
132.447
132.416
132.432
134.312
134.324
134.318
134.291
134.24
134.16
134.049
133.909
133.745
133.562
133.367
133.156
132.944
132.728
132.514
132.305
132.103
131.902
131.692
131.472
131.226
130.946
130.61
130.212
129.715
134.14
134.137
134.116
134.074
134.011
133.927
133.821
133.692
133.532
133.341
133.113
132.86
132.582
132.285
131.975
131.65
131.311
130.941
130.522
130.027
129.429
128.695
127.754
126.669
125.283
134.014
133.995
133.955
133.895
133.819
133.729
133.624
133.494
133.325
133.106
132.837
132.517
132.16
131.766
131.336
130.866
130.346
129.752
129.035
128.145
126.978
125.436
123.176
120.179
114.442
133.911
133.881
133.83
133.761
133.678
133.583
133.469
133.319
133.117
132.851
132.517
132.125
131.671
131.165
130.597
129.958
129.219
128.343
127.247
125.814
123.829
121.094
116.58
111.235
93.0797
133.814
133.778
133.725
133.659
133.575
133.469
133.33
133.142
132.887
132.555
132.148
131.663
131.114
130.489
129.778
128.953
127.972
126.769
125.219
123.139
120.065
115.54
106.403
91.0461
34.0181
133.712
133.673
133.621
133.553
133.46
133.333
133.156
132.914
132.593
132.191
131.709
131.152
130.51
129.774
128.92
127.908
126.678
125.134
123.12
120.379
116.358
110.335
99.8161
82.7048
53.8739
133.603
133.558
133.496
133.412
133.295
133.131
132.905
132.608
132.235
131.782
131.249
130.625
129.904
129.064
128.071
126.879
125.41
123.553
121.125
117.86
113.291
106.748
97.2912
83.1958
66.2775
133.483
133.421
133.339
133.228
133.078
132.876
132.612
132.279
131.871
131.382
130.801
130.123
129.325
128.386
127.265
125.906
124.222
122.09
119.327
115.66
110.707
103.907
94.5966
81.5785
64.9803
133.346
133.265
133.159
133.022
132.844
132.614
132.323
131.963
131.526
131.002
130.383
129.647
128.783
127.754
126.52
125.014
123.145
120.784
117.741
113.762
108.481
101.412
91.9776
79.4047
63.5446
133.2
133.101
132.975
132.816
132.614
132.36
132.046
131.662
131.199
130.645
129.986
129.208
128.284
127.181
125.852
124.226
122.208
119.661
116.401
112.162
106.613
99.2999
89.7272
77.3217
61.9327
133.053
132.936
132.792
132.612
132.39
132.116
131.782
131.377
130.891
130.311
129.625
128.809
127.84
126.681
125.279
123.564
121.433
118.749
115.316
110.884
105.097
97.5066
87.611
74.7909
58.9611
132.907
132.774
132.612
132.415
132.175
131.884
131.532
131.11
130.607
130.01
129.301
128.462
127.462
126.266
124.816
123.042
120.837
118.063
114.52
109.939
103.954
96.0708
85.7267
72.004
54.9422
132.764
132.617
132.44
132.228
131.973
131.668
131.303
130.869
130.354
129.745
129.026
128.172
127.158
125.943
124.473
122.674
120.44
117.629
114.022
109.357
103.171
94.977
83.9758
68.8521
49.8338
132.629
132.469
132.279
132.054
131.788
131.472
131.098
130.656
130.135
129.521
128.797
127.943
126.929
125.718
124.256
122.471
120.259
117.475
113.895
109.223
102.864
94.3057
81.8234
64.4094
40.7369
132.503
132.332
132.132
131.897
131.621
131.298
130.918
130.472
129.951
129.339
128.622
127.777
126.78
125.593
124.168
122.437
120.303
117.633
114.208
109.736
103.55
95.0091
81.0065
61.1047
24.0244
132.389
132.208
131.999
131.757
131.475
131.146
130.764
130.32
129.802
129.2
128.496
127.673
126.706
125.563
124.201
122.561
120.56
118.085
114.964
110.944
105.54
98.1594
86.1769
68.7302
20.1109
132.287
132.099
131.883
131.635
131.349
131.019
130.638
130.198
129.69
129.101
128.42
127.627
126.703
125.62
124.342
122.82
120.992
118.77
116.033
112.612
108.244
102.608
94.9196
85.5598
66.4144
132.198
132.004
131.783
131.531
131.244
130.915
130.538
130.107
129.612
129.043
128.389
127.634
126.762
125.75
124.57
123.184
121.548
119.602
117.271
114.458
111.039
106.873
101.762
95.7017
88.0906
132.123
131.924
131.699
131.446
131.159
130.834
130.464
130.044
129.566
129.021
128.399
127.688
126.874
125.94
124.864
123.621
122.181
120.507
118.559
116.295
113.677
110.693
107.392
104.032
101.165
132.06
131.858
131.632
131.379
131.094
130.775
130.414
130.008
129.549
129.031
128.444
127.779
127.027
126.173
125.203
124.101
122.848
121.425
119.816
118.012
116.016
113.863
111.648
109.591
108.053
132.01
131.806
131.579
131.328
131.048
130.736
130.387
129.996
129.558
129.068
128.518
127.902
127.211
126.437
125.57
124.6
123.518
122.318
120.997
119.562
118.038
116.475
114.968
113.684
112.847
131.971
131.766
131.541
131.293
131.018
130.715
130.378
130.005
129.59
129.129
128.617
128.048
127.418
126.72
125.949
125.1
124.17
123.161
122.077
120.934
119.761
118.606
117.546
116.691
116.166
131.943
131.739
131.515
131.271
131.004
130.71
130.387
130.032
129.64
129.209
128.734
128.212
127.639
127.012
126.329
125.588
124.791
123.942
123.051
122.135
121.223
120.354
119.588
118.995
118.653
131.924
131.721
131.501
131.263
131.003
130.72
130.411
130.074
129.705
129.303
128.864
128.386
127.867
127.306
126.702
126.057
125.373
124.657
123.921
123.181
122.463
121.796
121.225
120.795
120.555
131.914
131.713
131.497
131.265
131.014
130.742
130.447
130.128
129.783
129.409
129.004
128.568
128.098
127.597
127.063
126.5
125.912
125.307
124.696
124.092
123.518
122.996
122.561
122.235
122.055
131.911
131.713
131.502
131.276
131.034
130.774
130.494
130.193
129.869
129.522
129.15
128.751
128.328
127.879
127.407
126.916
126.409
125.895
125.382
124.886
124.421
124.006
123.665
123.41
123.272
131.914
131.72
131.514
131.296
131.062
130.814
130.548
130.265
129.963
129.641
129.298
128.935
128.552
128.151
127.733
127.303
126.864
126.425
125.993
125.58
125.198
124.862
124.59
124.384
124.278
131.922
131.732
131.532
131.321
131.097
130.86
130.609
130.342
130.06
129.762
129.447
129.116
128.77
128.41
128.04
127.662
127.281
126.903
126.536
126.189
125.872
125.596
125.372
125.201
125.12
131.934
131.749
131.556
131.352
131.138
130.912
130.674
130.424
130.16
129.884
129.594
129.293
128.979
128.657
128.327
127.993
127.661
127.334
127.021
126.726
126.46
126.23
126.043
125.901
125.838
131.949
131.77
131.583
131.387
131.182
130.967
130.742
130.507
130.262
130.005
129.739
129.463
129.179
128.889
128.595
128.3
128.008
127.724
127.453
127.202
126.976
126.783
126.627
126.517
126.459
131.968
131.794
131.613
131.425
131.229
131.025
130.813
130.592
130.363
130.125
129.88
129.628
129.369
129.107
128.844
128.582
128.324
128.075
127.841
127.624
127.431
127.267
127.137
127.048
126.995
131.988
131.82
131.645
131.465
131.278
131.084
130.883
130.676
130.462
130.242
130.016
129.784
129.549
129.312
129.075
128.841
128.613
128.394
128.188
128
127.834
127.693
127.582
127.505
127.461
132.009
131.847
131.679
131.506
131.328
131.144
130.954
130.76
130.56
130.355
130.146
129.934
129.719
129.504
129.29
129.08
128.877
128.683
128.502
128.337
128.192
128.07
127.974
127.907
127.869
132.032
131.875
131.714
131.548
131.378
131.204
131.025
130.842
130.655
130.464
130.271
130.075
129.879
129.683
129.49
129.301
129.118
128.946
128.785
128.64
128.512
128.405
128.321
128.262
128.228
132.055
131.904
131.749
131.59
131.428
131.263
131.093
130.921
130.746
130.569
130.39
130.21
130.029
129.85
129.674
129.503
129.339
129.184
129.041
128.912
128.799
128.705
128.631
128.578
128.548
132.078
131.933
131.784
131.632
131.478
131.32
131.161
130.999
130.835
130.669
130.503
130.336
130.17
130.006
129.846
129.69
129.542
129.402
129.274
129.158
129.058
128.974
128.908
128.86
128.833
132.102
131.961
131.819
131.673
131.526
131.377
131.226
131.073
130.919
130.765
130.61
130.455
130.302
130.151
130.004
129.863
129.728
129.602
129.486
129.382
129.291
129.216
129.157
129.114
129.089
132.124
131.989
131.852
131.714
131.573
131.431
131.288
131.144
131
130.855
130.711
130.567
130.425
130.286
130.151
130.022
129.899
129.784
129.679
129.585
129.503
129.435
129.381
129.343
129.32
132.146
132.017
131.885
131.753
131.619
131.484
131.349
131.213
131.077
130.941
130.806
130.673
130.541
130.412
130.288
130.169
130.056
129.951
129.856
129.77
129.696
129.634
129.585
129.55
129.529
132.168
132.043
131.917
131.79
131.663
131.535
131.406
131.278
131.15
131.022
130.896
130.771
130.649
130.53
130.415
130.305
130.201
130.105
130.017
129.939
129.872
129.815
129.77
129.738
129.718
132.188
132.068
131.948
131.826
131.705
131.583
131.461
131.34
131.219
131.099
130.981
130.864
130.75
130.639
130.532
130.431
130.335
130.246
130.166
130.094
130.032
129.98
129.939
129.91
129.891
132.207
132.092
131.977
131.861
131.745
131.629
131.513
131.398
131.284
131.171
131.06
130.951
130.844
130.741
130.642
130.547
130.459
130.377
130.303
130.236
130.179
130.132
130.094
130.067
130.049
132.226
132.115
132.004
131.893
131.783
131.672
131.562
131.454
131.346
131.24
131.135
131.032
130.932
130.836
130.743
130.656
130.573
130.497
130.429
130.367
130.315
130.271
130.236
130.21
130.194
132.243
132.137
132.031
131.925
131.819
131.714
131.609
131.506
131.404
131.304
131.205
131.108
131.015
130.924
130.838
130.756
130.679
130.609
130.545
130.488
130.439
130.399
130.366
130.343
130.327
132.259
132.157
132.055
131.954
131.853
131.753
131.653
131.555
131.459
131.364
131.271
131.18
131.092
131.007
130.926
130.849
130.778
130.712
130.653
130.599
130.554
130.516
130.486
130.464
130.45
132.274
132.176
132.079
131.981
131.885
131.789
131.695
131.602
131.51
131.42
131.332
131.247
131.164
131.084
131.008
130.936
130.869
130.808
130.752
130.703
130.661
130.625
130.597
130.577
130.563
132.288
132.194
132.1
132.007
131.915
131.824
131.734
131.645
131.558
131.473
131.39
131.309
131.231
131.155
131.084
131.017
130.954
130.896
130.844
130.798
130.759
130.726
130.7
130.681
130.668
132.3
132.21
132.121
132.032
131.944
131.856
131.771
131.686
131.604
131.523
131.444
131.367
131.293
131.222
131.155
131.091
131.033
130.978
130.93
130.887
130.85
130.819
130.795
130.777
130.765
132.312
132.225
132.139
132.054
131.97
131.887
131.805
131.725
131.646
131.57
131.495
131.422
131.352
131.285
131.221
131.161
131.106
131.055
131.01
130.969
130.935
130.906
130.883
130.866
130.856
132.322
132.239
132.157
132.075
131.995
131.915
131.837
131.761
131.686
131.613
131.542
131.473
131.407
131.343
131.283
131.226
131.174
131.126
131.083
131.045
131.013
130.986
130.965
130.949
130.939
132.331
132.252
132.173
132.095
132.018
131.942
131.868
131.795
131.723
131.654
131.586
131.521
131.458
131.397
131.34
131.287
131.238
131.193
131.153
131.116
131.087
131.061
131.041
131.027
131.017
132.34
132.264
132.188
132.113
132.04
131.967
131.896
131.826
131.758
131.692
131.628
131.565
131.506
131.448
131.394
131.344
131.297
131.255
131.217
131.183
131.155
131.131
131.112
131.099
131.09
132.348
132.275
132.202
132.131
132.06
131.991
131.922
131.856
131.791
131.728
131.666
131.607
131.55
131.496
131.445
131.397
131.353
131.312
131.277
131.245
131.218
131.196
131.179
131.166
131.157
132.355
132.285
132.215
132.147
132.079
132.012
131.947
131.884
131.822
131.761
131.703
131.646
131.592
131.541
131.492
131.447
131.405
131.367
131.333
131.303
131.278
131.256
131.24
131.228
131.22
132.361
132.294
132.227
132.161
132.097
132.033
131.971
131.91
131.85
131.793
131.737
131.683
131.631
131.582
131.536
131.493
131.453
131.417
131.385
131.356
131.333
131.313
131.298
131.287
131.279
132.367
132.303
132.239
132.175
132.113
132.052
131.992
131.934
131.877
131.822
131.769
131.717
131.668
131.621
131.577
131.536
131.499
131.464
131.434
131.407
131.385
131.365
131.352
131.341
131.334
132.373
132.311
132.249
132.188
132.128
132.07
132.012
131.956
131.902
131.849
131.798
131.749
131.702
131.657
131.616
131.576
131.541
131.508
131.479
131.454
131.433
131.415
131.402
131.392
131.386
132.378
132.318
132.259
132.2
132.143
132.086
132.031
131.977
131.925
131.875
131.826
131.779
131.734
131.691
131.651
131.614
131.58
131.549
131.522
131.497
131.478
131.46
131.448
131.439
131.433
132.382
132.324
132.267
132.211
132.156
132.102
132.049
131.997
131.947
131.898
131.852
131.807
131.763
131.723
131.685
131.649
131.617
131.587
131.561
131.538
131.52
131.503
131.492
131.483
131.478
132.386
132.33
132.275
132.221
132.168
132.116
132.065
132.015
131.967
131.92
131.876
131.832
131.791
131.752
131.715
131.682
131.651
131.622
131.598
131.576
131.559
131.543
131.533
131.524
131.52
132.389
132.336
132.283
132.231
132.179
132.129
132.08
132.032
131.986
131.941
131.898
131.856
131.817
131.779
131.744
131.712
131.682
131.656
131.632
131.611
131.595
131.581
131.571
131.563
131.559
132.393
132.341
132.289
132.239
132.19
132.141
132.094
132.048
132.003
131.96
131.918
131.878
131.841
131.805
131.771
131.74
131.712
131.687
131.664
131.645
131.629
131.615
131.607
131.599
131.596
132.395
132.345
132.296
132.247
132.199
132.152
132.106
132.062
132.019
131.977
131.937
131.899
131.863
131.828
131.796
131.767
131.74
131.715
131.694
131.676
131.661
131.648
131.64
131.633
131.63
132.398
132.349
132.301
132.254
132.208
132.162
132.118
132.075
132.034
131.994
131.955
131.918
131.883
131.85
131.819
131.791
131.765
131.742
131.722
131.704
131.691
131.678
131.671
131.664
131.662
132.4
132.353
132.306
132.26
132.215
132.171
132.129
132.087
132.047
132.009
131.971
131.936
131.902
131.871
131.841
131.814
131.789
131.767
131.748
131.731
131.719
131.707
131.701
131.694
131.692
132.402
132.356
132.31
132.266
132.222
132.18
132.138
132.098
132.059
132.022
131.986
131.952
131.92
131.889
131.861
131.835
131.811
131.79
131.772
131.756
131.744
131.733
131.728
131.721
131.72
132.404
132.359
132.314
132.271
132.229
132.187
132.147
132.108
132.07
132.034
132
131.967
131.936
131.906
131.879
131.854
131.831
131.811
131.794
131.779
131.768
131.758
131.753
131.747
131.747
132.405
132.361
132.318
132.276
132.234
132.194
132.155
132.117
132.08
132.045
132.012
131.98
131.95
131.922
131.895
131.871
131.85
131.831
131.814
131.8
131.79
131.781
131.778
131.772
131.773
132.407
132.364
132.322
132.28
132.24
132.2
132.162
132.125
132.089
132.055
132.023
131.992
131.963
131.935
131.91
131.887
131.866
131.848
131.833
131.82
131.811
131.803
131.801
131.796
131.798
132.409
132.367
132.325
132.284
132.244
132.205
132.168
132.132
132.097
132.064
132.032
132.002
131.974
131.947
131.923
131.901
131.881
131.864
131.85
131.838
131.83
131.822
131.823
131.818
131.822
132.411
132.369
132.328
132.288
132.248
132.21
132.173
132.138
132.104
132.071
132.04
132.011
131.983
131.958
131.934
131.913
131.894
131.878
131.864
131.854
131.847
131.841
131.843
131.837
131.843
132.412
132.371
132.331
132.291
132.252
132.214
132.177
132.142
132.109
132.077
132.046
132.017
131.991
131.965
131.943
131.922
131.904
131.889
131.877
131.868
131.862
131.86
131.863
131.856
131.865
132.414
132.373
132.333
132.293
132.254
132.217
132.18
132.145
132.112
132.08
132.05
132.022
131.995
131.971
131.948
131.928
131.91
131.896
131.885
131.877
131.874
131.876
131.883
131.887
131.914
132.414
132.374
132.333
132.294
132.255
132.218
132.181
132.147
132.113
132.081
132.051
132.023
131.997
131.972
131.95
131.93
131.913
131.899
131.888
131.881
131.878
131.882
131.894
131.922
131.993
-87.5909
-60.5431
-37.3071
-37.7241
-41.1245
-39.293
-34.563
-31.0946
-29.6371
-29.1485
-28.9862
-29.123
-29.577
-30.2329
-30.9516
-31.6348
-32.1854
-32.5203
-32.5706
-32.2662
-31.6906
-31.003
-30.5177
-30.446
-30.837
-31.2579
-31.3846
-31.2551
-31.2115
-31.454
-31.8998
-32.4349
-32.9852
-33.4976
-33.876
-34.1125
-34.2449
-34.0535
-33.4586
-32.6815
-31.619
-30.5802
-30.437
-32.5021
-38.0929
-46.7953
-56.0026
-62.6137
-64.821
-62.7918
-58.2007
-52.755
-47.6931
-44.9178
-45.822
-49.404
-52.4371
-52.6816
-49.4198
-42.9333
-34.9539
-27.2011
-20.2625
-14.4471
-9.81487
-6.00833
-2.95057
-1.07463
-0.423691
-0.48381
-0.819314
-1.23359
-1.72615
-2.32264
-3.01715
-3.78857
-4.61055
-5.44957
-6.26171
-6.985
-7.56858
-8.00677
-8.30891
-8.47596
-8.54082
-8.52868
-8.46798
-8.38858
-8.31482
-8.26379
-8.25052
-8.28604
-8.37466
-8.49611
-8.60359
-8.65398
-8.63108
-8.53531
-8.37718
-8.17035
-7.92119
-7.61819
-7.22381
-6.7099
-6.07303
-5.33414
-4.52733
-3.69036
-2.85264
-2.03999
-1.28056
-0.605437
-0.0420821
0.389718
0.676134
0.814784
0.794337
0.674865
0.380867
0.192315
-4.55206
-21.3929
-22.9997
-30.9291
-36.4575
-36.2649
-33.185
-31.3167
-30.6916
-30.5523
-30.6006
-30.8536
-31.3498
-32.0465
-32.8736
-33.7354
-34.5562
-35.2034
-35.5028
-35.3455
-34.6704
-33.5907
-32.4155
-31.5033
-31.0988
-31.1192
-31.1278
-31.0781
-31.1514
-31.4344
-31.9067
-32.4991
-33.1115
-33.6518
-34.0564
-34.3161
-34.3441
-33.9938
-33.4312
-32.6204
-31.5077
-30.6048
-30.7757
-33.4966
-40.1085
-49.7729
-59.4619
-65.8425
-67.1536
-63.6467
-57.1372
-50.2878
-45.6743
-44.7514
-47.3709
-51.2636
-54.0286
-54.1078
-50.318
-43.4881
-35.5669
-27.8896
-21.0278
-15.2327
-10.5293
-6.72671
-3.84251
-2.09619
-1.40532
-1.36098
-1.60517
-1.97165
-2.43767
-3.00911
-3.67699
-4.42245
-5.22292
-6.04829
-6.85912
-7.6165
-8.28083
-8.81009
-9.16844
-9.3516
-9.35905
-9.23363
-9.0343
-8.81297
-8.60986
-8.45141
-8.35585
-8.33218
-8.37309
-8.45802
-8.55297
-8.61309
-8.60906
-8.53103
-8.38648
-8.18837
-7.93465
-7.60443
-7.17451
-6.63248
-5.9821
-5.24405
-4.4503
-3.633
-2.8153
-2.02263
-1.28386
-0.626606
-0.0767645
0.34386
0.621595
0.751895
0.715629
0.599722
0.22944
0.213777
36.0293
9.13151
-5.62414
-15.5099
-22.6722
-26.5909
-28.4667
-29.8345
-30.9393
-31.7086
-32.2997
-32.8687
-33.5501
-34.4213
-35.5097
-36.8012
-38.2437
-39.7036
-40.9738
-41.8269
-42.0766
-41.6961
-40.6745
-39.3157
-37.7527
-36.2342
-34.7933
-33.4466
-32.3924
-31.6483
-31.5586
-32.1399
-32.9183
-33.4977
-33.9014
-34.1835
-34.2361
-33.9807
-33.3735
-32.4212
-31.2081
-30.2614
-30.5956
-33.636
-40.5857
-50.4984
-60.4647
-67.1619
-68.5946
-64.6303
-56.935
-48.9531
-44.4388
-44.427
-47.6079
-51.4009
-53.4822
-52.5564
-48.4297
-42.1656
-35.0718
-28.13
-21.9009
-16.5999
-12.2927
-8.87126
-6.32918
-4.70127
-3.88376
-3.62837
-3.69547
-3.9462
-4.32996
-4.83129
-5.43672
-6.13019
-6.89486
-7.71
-8.54279
-9.34898
-10.0769
-10.6752
-11.0946
-11.3024
-11.2895
-11.0811
-10.7255
-10.2809
-9.80367
-9.3441
-8.94336
-8.6278
-8.40352
-8.25841
-8.16434
-8.08189
-7.97535
-7.82253
-7.61562
-7.35456
-7.03715
-6.65869
-6.21645
-5.71053
-5.14345
-4.51786
-3.85329
-3.16791
-2.47928
-1.8092
-1.1783
-0.606355
-0.121485
0.249112
0.488299
0.596717
0.550879
0.433005
0.0593755
0.215554
41.5834
17.6896
1.02443
-10.4583
-19.5946
-26.2732
-30.2167
-32.1813
-33.5079
-34.422
-35.0085
-35.5188
-36.1797
-37.1323
-38.4705
-40.2214
-42.3402
-44.631
-46.7919
-48.4755
-49.3152
-49.1061
-47.8825
-45.8339
-43.246
-40.45
-37.8866
-35.8188
-34.2219
-32.8447
-31.7549
-31.303
-31.3395
-31.4514
-31.5209
-31.5465
-31.5866
-31.6673
-31.5262
-30.9542
-30.028
-29.6174
-30.6984
-34.4249
-41.2128
-50.1681
-58.9486
-64.7927
-65.883
-62.4189
-56.2972
-50.2872
-46.5681
-45.6505
-46.7323
-48.1773
-48.4856
-46.9247
-43.423
-38.5124
-32.9636
-27.4428
-22.3724
-17.9662
-14.287
-11.3411
-9.12466
-7.61031
-6.71845
-6.30423
-6.21364
-6.33956
-6.62633
-7.04642
-7.58225
-8.22121
-8.95977
-9.79133
-10.6882
-11.5997
-12.4598
-13.193
-13.7122
-13.9434
-13.8509
-13.4537
-12.8122
-12.0089
-11.1283
-10.2491
-9.43812
-8.73715
-8.16083
-7.70481
-7.35089
-7.06731
-6.81974
-6.5797
-6.32927
-6.0594
-5.76472
-5.44011
-5.08148
-4.685
-4.24904
-3.76944
-3.25099
-2.70569
-2.1512
-1.60122
-1.0694
-0.581378
-0.164344
0.15799
0.363521
0.453909
0.418997
0.31782
0.0200509
0.182326
44.1376
23.7911
6.63191
-6.5848
-16.9185
-24.5482
-29.4611
-32.3898
-34.2513
-35.4207
-36.1335
-36.7318
-37.5087
-38.6808
-40.4009
-42.8006
-45.8921
-49.4207
-52.8891
-55.6942
-57.28
-57.2998
-55.7412
-52.8836
-49.1645
-45.0477
-40.9325
-37.0814
-33.645
-30.957
-28.9955
-27.9245
-27.6514
-27.7568
-27.9929
-28.1906
-28.3331
-28.5481
-28.8098
-29.0363
-29.3224
-30.1407
-32.0979
-35.7416
-41.1365
-47.5101
-53.3479
-57.1813
-58.0555
-55.9959
-52.1222
-48.2341
-45.4343
-44.0587
-43.7393
-43.6667
-43.0779
-41.529
-38.8657
-35.2591
-31.1147
-26.8732
-22.8423
-19.2478
-16.1516
-13.6577
-11.7387
-10.3513
-9.44678
-8.94335
-8.73859
-8.7513
-8.94816
-9.30318
-9.78454
-10.3855
-11.1254
-12.0227
-13.0581
-14.1692
-15.2727
-16.2498
-16.9583
-17.2588
-17.0766
-16.4257
-15.3953
-14.1128
-12.7011
-11.2799
-9.96163
-8.80637
-7.81958
-6.99898
-6.33986
-5.8195
-5.4057
-5.06682
-4.77655
-4.51462
-4.26489
-4.01523
-3.75705
-3.48098
-3.179
-2.84302
-2.4705
-2.0697
-1.65081
-1.22444
-0.806063
-0.42048
-0.0906593
0.166415
0.331949
0.39917
0.377176
0.2993
0.111174
0.164298
43.6949
24.0052
5.95151
-8.47228
-19.3962
-27.3616
-32.7975
-36.2491
-38.174
-38.9884
-39.1799
-39.3088
-39.7787
-40.8515
-42.7381
-45.7862
-50.1952
-55.6173
-61.2008
-65.8971
-68.7278
-68.9849
-66.5801
-62.0957
-56.3476
-50.0631
-43.8432
-38.1457
-33.3306
-29.5922
-26.8354
-25.093
-24.1323
-23.6367
-23.5565
-23.7637
-24.2143
-24.8948
-25.7415
-26.6973
-27.8327
-29.3402
-31.591
-34.7105
-38.5532
-42.8247
-46.829
-49.6454
-50.5487
-49.5398
-47.3563
-44.9198
-42.9304
-41.6195
-40.8084
-40.1339
-39.1677
-37.6015
-35.3382
-32.4604
-29.201
-25.8727
-22.6974
-19.8243
-17.3357
-15.29
-13.6795
-12.4815
-11.6622
-11.1777
-10.9626
-10.9374
-11.089
-11.4033
-11.8396
-12.4077
-13.1554
-14.1362
-15.3615
-16.777
-18.261
-19.6245
-20.6399
-21.0783
-20.8058
-19.8445
-18.3315
-16.4457
-14.382
-12.3152
-10.3824
-8.67182
-7.21673
-6.02126
-5.07354
-4.34758
-3.8066
-3.41118
-3.12363
-2.91066
-2.74215
-2.59795
-2.46736
-2.33256
-2.17417
-1.97874
-1.73979
-1.46536
-1.16443
-0.847764
-0.532084
-0.236877
0.01958
0.21972
0.346751
0.396687
0.379424
0.310714
0.191575
0.12891
40.1477
19.8422
1.26488
-13.6048
-24.6412
-31.7917
-36.3027
-39.4761
-41.2197
-41.7492
-41.4539
-41.0163
-41.0442
-41.7638
-43.5733
-47.1282
-53.0902
-61.0446
-69.4983
-76.8577
-81.6939
-82.6717
-79.4062
-72.9201
-64.5683
-55.4632
-46.6415
-38.7459
-32.2674
-27.2649
-23.6496
-21.2979
-19.9798
-19.465
-19.5685
-20.1004
-20.9285
-21.9602
-23.1284
-24.4156
-25.8733
-27.6109
-29.7729
-32.4216
-35.4689
-38.6511
-41.5055
-43.544
-44.4352
-44.1771
-43.1011
-41.6746
-40.2852
-39.1109
-38.1134
-37.1106
-35.8889
-34.2962
-32.2885
-29.9305
-27.3698
-24.7914
-22.3417
-20.1253
-18.201
-16.5908
-15.2926
-14.2994
-13.5961
-13.1647
-12.9679
-12.9571
-13.1044
-13.3746
-13.7569
-14.2694
-14.9915
-16.0904
-17.6216
-19.4894
-21.5133
-23.4753
-25.0298
-25.7555
-25.3584
-23.9343
-21.7489
-19.059
-16.16
-13.3115
-10.6818
-8.37248
-6.42616
-4.84699
-3.62128
-2.7127
-2.07492
-1.65386
-1.40186
-1.27389
-1.21814
-1.19198
-1.17937
-1.16259
-1.12063
-1.04149
-0.920972
-0.763405
-0.57614
-0.370235
-0.16147
0.0342967
0.203357
0.331662
0.408252
0.425722
0.40079
0.321306
0.25255
0.0691637
33.7417
10.8443
-8.35368
-23.0932
-35.3929
-42.316
-44.918
-46.5142
-46.6546
-45.4677
-43.9287
-42.6981
-41.8497
-41.6605
-43.0447
-47.1989
-55.9227
-68.5978
-82.0664
-93.0675
-99.439
-100.156
-95.2542
-85.9336
-74.0394
-61.0874
-48.8307
-38.2724
-29.9176
-23.689
-19.357
-16.6786
-15.3518
-15.0444
-15.4351
-16.2864
-17.4576
-18.8259
-20.3138
-21.9193
-23.6745
-25.6227
-27.8007
-30.1957
-32.7077
-35.1508
-37.2779
-38.844
-39.6791
-39.7703
-39.2674
-38.4005
-37.377
-36.3184
-35.2368
-34.0728
-32.7628
-31.2293
-29.4623
-27.5204
-25.504
-23.5313
-21.7071
-20.1071
-18.7614
-17.6543
-16.7586
-16.0588
-15.5383
-15.188
-15.01
-14.9782
-15.0658
-15.2415
-15.5011
-15.8991
-16.577
-17.7458
-19.5986
-22.1554
-25.1516
-28.0429
-30.2449
-31.2534
-30.7663
-28.8508
-25.8159
-22.0763
-18.1043
-14.2958
-10.8258
-7.83387
-5.36048
-3.4032
-1.932
-0.891541
-0.212868
0.178288
0.352907
0.376508
0.308408
0.196318
0.0721731
-0.0412875
-0.126207
-0.170755
-0.170238
-0.126562
-0.0467221
0.0577321
0.172886
0.284849
0.381301
0.449197
0.481628
0.472099
0.441242
0.34443
0.326662
-0.00859732
22.0839
-9.65832
-31.3284
-43.6421
-52.7479
-56.5237
-56.6651
-55.3711
-52.764
-49.2334
-46.419
-44.7474
-43.239
-41.7008
-41.5199
-45.3786
-55.8729
-71.9624
-89.7847
-105.21
-114.987
-117.224
-111.552
-99.3423
-83.242
-65.9582
-49.75
-36.1667
-25.7286
-18.3098
-13.4707
-10.7345
-9.66437
-9.78815
-10.6421
-11.9181
-13.4745
-15.2336
-17.15
-19.2028
-21.3761
-23.6237
-25.8829
-28.0907
-30.1726
-32.0345
-33.5886
-34.7572
-35.4916
-35.7821
-35.6726
-35.2367
-34.5551
-33.6881
-32.6686
-31.5024
-30.1853
-28.7118
-27.1133
-25.4613
-23.8493
-22.3637
-21.0655
-19.9753
-19.0659
-18.2987
-17.6624
-17.1717
-16.8308
-16.6408
-16.5896
-16.6238
-16.6933
-16.7555
-16.8119
-16.9416
-17.3507
-18.3909
-20.4937
-23.8593
-28.17
-32.5988
-36.0491
-37.6372
-37.0116
-34.3259
-30.107
-25.0527
-19.8226
-14.913
-10.5793
-6.91918
-3.9249
-1.62224
0.0412699
1.15222
1.81527
2.13133
2.19561
2.08957
1.88249
1.62819
1.3655
1.12031
0.909421
0.743105
0.624946
0.553188
0.521491
0.52008
0.538364
0.56513
0.587806
0.592719
0.579043
0.542193
0.507289
0.406932
0.434311
-0.0491405
-2.77551
-40.6886
-56.7518
-64.658
-67.1141
-66.261
-63.1894
-59.2453
-54.6659
-50.1995
-47.2013
-45.5185
-44.2282
-43.2939
-43.0535
-45.4271
-55.037
-72.1292
-91.8749
-108.886
-119.679
-122.791
-117.692
-105.038
-87.1217
-67.2227
-48.2397
-32.3726
-20.408
-12.2017
-7.13047
-4.51686
-3.84474
-4.5174
-5.89339
-7.58995
-9.48746
-11.5821
-13.8956
-16.4223
-19.0885
-21.7385
-24.1872
-26.304
-28.0468
-29.4413
-30.5381
-31.3861
-32.0052
-32.381
-32.4883
-32.3137
-31.8612
-31.1481
-30.1961
-29.0353
-27.703
-26.2481
-24.748
-23.3024
-22.0104
-20.9411
-20.1222
-19.5247
-19.081
-18.7377
-18.4728
-18.2846
-18.1615
-18.0931
-18.0601
-18.0353
-17.9603
-17.7818
-17.4997
-17.212
-17.1707
-17.8422
-19.8802
-23.7429
-29.0533
-34.7489
-39.3629
-41.7569
-41.4542
-38.5
-33.4878
-27.3945
-21.1076
-15.196
-9.99154
-5.61185
-2.12255
0.463487
2.23725
3.33714
3.90987
4.09051
3.99758
3.72764
3.35769
2.94583
2.53484
2.15305
1.81607
1.53122
1.30043
1.12244
0.991724
0.899411
0.834461
0.785042
0.741288
0.696004
0.647969
0.588918
0.538837
0.428753
0.461507
-0.0690833
-38.8501
-63.1224
-64.3093
-65.5439
-67.011
-66.8677
-64.0606
-59.9229
-55.2101
-50.7112
-47.5396
-45.4882
-44.1986
-43.4837
-43.2855
-44.8691
-52.7838
-69.1658
-89.87
-108.769
-120.673
-123.167
-116.946
-103.394
-84.9102
-64.3686
-44.5098
-27.8701
-15.4306
-6.90303
-1.59011
0.975121
1.18943
-0.103419
-1.97997
-4.0246
-6.16329
-8.45336
-11.0028
-13.8809
-16.9943
-20.0743
-22.7924
-24.9394
-26.4927
-27.5821
-28.3797
-29.0173
-29.5499
-29.9581
-30.1765
-30.1422
-29.8119
-29.1757
-28.2275
-27.0198
-25.6335
-24.1507
-22.6837
-21.3698
-20.3321
-19.6282
-19.2445
-19.0803
-18.9913
-18.903
-18.8095
-18.7118
-18.617
-18.5233
-18.4498
-18.403
-18.3362
-18.1722
-17.8238
-17.39
-17.1378
-17.5251
-19.2598
-23.0715
-28.8412
-35.2126
-40.3307
-42.9412
-42.7191
-39.7452
-34.5293
-28.0362
-21.2639
-14.8586
-9.16231
-4.29999
-0.420697
2.39393
4.2439
5.31746
5.79538
5.8444
5.60385
5.18474
4.66979
4.1183
3.57592
3.0751
2.62879
2.24045
1.9095
1.63765
1.42015
1.24835
1.11086
0.99523
0.893033
0.801463
0.717984
0.632893
0.555222
0.431213
0.407719
-0.0126811
-62.318
-63.2907
-65.768
-64.7983
-64.6037
-64.2292
-62.2477
-58.7247
-54.5422
-50.2857
-47.0551
-45.2402
-44.1734
-43.6383
-43.5107
-44.5229
-49.7586
-62.1802
-80.0939
-98.4651
-111.924
-116.706
-111.946
-99.2688
-81.2955
-60.5007
-40.6422
-24.4621
-12.6661
-4.90079
0.42031
3.357
3.36112
1.63878
-0.512174
-2.69582
-4.9006
-7.20721
-9.78136
-12.76
-16.0713
-19.3848
-22.275
-24.4683
-25.9465
-26.8764
-27.4863
-27.9679
-28.4093
-28.7806
-28.9956
-28.9653
-28.6345
-27.9898
-27.0674
-25.9432
-24.6847
-23.3454
-22.03
-20.8754
-20.0033
-19.4851
-19.2796
-19.217
-19.1503
-19.0447
-18.9163
-18.7849
-18.6608
-18.5493
-18.465
-18.4221
-18.4112
-18.3415
-18.0388
-17.5301
-17.0692
-17.0533
-18.2901
-21.6918
-27.3538
-34.0084
-39.6461
-42.6911
-42.4484
-39.0493
-33.3929
-26.6724
-19.9263
-13.7218
-8.16027
-3.31032
0.603771
3.41451
5.22104
6.22764
6.62187
6.5777
6.24387
5.73501
5.13734
4.51887
3.92599
3.3812
2.89253
2.46388
2.09944
1.79519
1.54509
1.34199
1.17655
1.03785
0.916675
0.807688
0.70902
0.613567
0.521944
0.399471
0.309956
0.0444574
)
;

boundaryField
{
    frontWall
    {
        type            empty;
    }
    backWall
    {
        type            empty;
    }
    sideWall
    {
        type            zeroGradient;
    }
    outlet
    {
        type            fixedValue;
        value           uniform 0;
    }
    inlet
    {
        type            zeroGradient;
    }
}


// ************************************************************************* //
