/*--------------------------------*- C++ -*----------------------------------*\
  =========                 |
  \\      /  F ield         | OpenFOAM: The Open Source CFD Toolbox
   \\    /   O peration     | Website:  https://openfoam.org
    \\  /    A nd           | Version:  13
     \\/     M anipulation  |
\*---------------------------------------------------------------------------*/
FoamFile
{
    format      ascii;
    class       volScalarField;
    location    "27";
    object      p;
}
// * * * * * * * * * * * * * * * * * * * * * * * * * * * * * * * * * * * * * //

dimensions      [0 2 -2 0 0 0 0];

internalField   nonuniform List<scalar> 
6440
(
7.6795e-05
7.65945e-05
7.61588e-05
7.55018e-05
7.46308e-05
7.35826e-05
7.24181e-05
7.12003e-05
6.99964e-05
6.88796e-05
6.79242e-05
6.7201e-05
6.67729e-05
6.66896e-05
6.69796e-05
6.76355e-05
6.86574e-05
7.00182e-05
7.16309e-05
7.34314e-05
7.53726e-05
7.74029e-05
7.94368e-05
8.14346e-05
8.31605e-05
7.7921e-05
7.77329e-05
7.73252e-05
7.66997e-05
7.58687e-05
7.48659e-05
7.37313e-05
7.25212e-05
7.12942e-05
7.01163e-05
6.90591e-05
6.81972e-05
6.76049e-05
6.73518e-05
6.74964e-05
6.8078e-05
6.91095e-05
7.05688e-05
7.2426e-05
7.46749e-05
7.72605e-05
8.01283e-05
8.31494e-05
8.62018e-05
8.89787e-05
7.96508e-05
7.9434e-05
7.89973e-05
7.83325e-05
7.74522e-05
7.63866e-05
7.51609e-05
7.38315e-05
7.24587e-05
7.11123e-05
6.98712e-05
6.88206e-05
6.80494e-05
6.76456e-05
6.76874e-05
6.82335e-05
6.93162e-05
7.09535e-05
7.31682e-05
7.59724e-05
7.9282e-05
8.30168e-05
8.69978e-05
9.09682e-05
9.44634e-05
8.18767e-05
8.16135e-05
8.1112e-05
8.03588e-05
7.93683e-05
7.81729e-05
7.68051e-05
7.5298e-05
7.37261e-05
7.21668e-05
7.07043e-05
6.9433e-05
6.84537e-05
6.78699e-05
6.77785e-05
6.82593e-05
6.93799e-05
7.11857e-05
7.3721e-05
7.70351e-05
8.1007e-05
8.55388e-05
9.04014e-05
9.52187e-05
9.93598e-05
8.46315e-05
8.43177e-05
8.37394e-05
8.288e-05
8.17572e-05
8.04063e-05
7.88673e-05
7.71801e-05
7.53885e-05
7.35958e-05
7.18879e-05
7.03643e-05
6.91357e-05
6.83193e-05
6.80315e-05
6.83767e-05
6.94516e-05
7.13278e-05
7.40647e-05
7.77627e-05
8.22779e-05
8.75088e-05
9.31942e-05
9.8835e-05
0.000103654
8.79502e-05
8.75855e-05
8.69268e-05
8.59547e-05
8.46907e-05
8.31743e-05
8.14497e-05
7.95676e-05
7.7572e-05
7.55335e-05
7.3567e-05
7.17704e-05
7.02589e-05
6.91602e-05
6.86086e-05
6.87331e-05
6.96565e-05
7.14834e-05
7.42921e-05
7.81972e-05
8.3139e-05
8.89784e-05
9.54388e-05
0.000101905
0.000107416
9.18482e-05
9.14333e-05
9.06924e-05
8.96034e-05
8.81928e-05
8.65041e-05
8.4587e-05
8.24999e-05
8.03043e-05
7.80188e-05
7.5788e-05
7.37083e-05
7.18942e-05
7.04782e-05
6.9607e-05
6.94329e-05
7.01022e-05
7.17563e-05
7.45048e-05
7.84662e-05
8.37165e-05
9.00737e-05
9.72579e-05
0.000104542
0.000110755
9.63263e-05
9.58626e-05
9.50386e-05
9.38296e-05
9.22667e-05
9.03977e-05
8.82779e-05
8.59695e-05
8.35406e-05
8.10565e-05
7.85491e-05
7.61861e-05
7.40679e-05
7.2321e-05
7.10962e-05
7.05625e-05
7.08915e-05
7.22577e-05
7.48172e-05
7.87092e-05
8.41341e-05
9.09045e-05
9.87575e-05
0.000106853
0.000113784
0.000101375
0.000100866
9.99603e-05
9.86314e-05
9.69143e-05
9.48601e-05
9.25292e-05
8.99907e-05
8.732e-05
8.45952e-05
8.18332e-05
7.9199e-05
7.6787e-05
7.47153e-05
7.31286e-05
7.22004e-05
7.21262e-05
7.31093e-05
7.53613e-05
7.90716e-05
8.44915e-05
9.15741e-05
0.000100039
0.000108959
0.0001166
0.000106977
0.000106427
0.000105446
0.000104003
0.000102136
9.98974e-05
9.73513e-05
9.45727e-05
9.16431e-05
8.86453e-05
8.56508e-05
8.27417e-05
8.0046e-05
7.76684e-05
7.57359e-05
7.44106e-05
7.3896e-05
7.44232e-05
7.62528e-05
7.96497e-05
8.48908e-05
9.2161e-05
0.000101128
0.000110819
0.000119218
0.000113101
0.000112521
0.000111476
0.000109933
0.00010793
0.000105519
0.000102764
9.97446e-05
9.65491e-05
9.32752e-05
9.00278e-05
8.68213e-05
8.38444e-05
8.11786e-05
7.89264e-05
7.72262e-05
7.62655e-05
7.6289e-05
7.75973e-05
8.05347e-05
8.54502e-05
9.27229e-05
0.000102097
0.000112509
0.000121692
0.000119707
0.000119108
0.000118018
0.000116401
0.00011429
0.000111733
0.000108793
0.000105546
0.000102084
9.85082e-05
9.49305e-05
9.14576e-05
8.82066e-05
8.52628e-05
8.27115e-05
8.06602e-05
7.92676e-05
7.87682e-05
7.94843e-05
8.18259e-05
8.6259e-05
9.33363e-05
0.00010295
0.000114035
0.000123992
0.000126738
0.000126137
0.000125028
0.000123372
0.000121197
0.000118545
0.000115467
0.000112034
0.000108331
0.000104463
0.000100558
9.68035e-05
9.32405e-05
8.99787e-05
8.71071e-05
8.47105e-05
8.29024e-05
8.18813e-05
8.19711e-05
8.36254e-05
8.74178e-05
9.40405e-05
0.000103669
0.000115333
0.000126044
0.000134119
0.000133535
0.000132441
0.000130794
0.000128617
0.000125939
0.000122804
0.000119266
0.000115398
0.000111314
0.00010719
0.000103128
9.91823e-05
9.54951e-05
9.21878e-05
8.93567e-05
8.71053e-05
8.55883e-05
8.50666e-05
8.59951e-05
8.8967e-05
9.48801e-05
0.000104219
0.000116265
0.000127719
0.000141762
0.000141215
0.000140174
0.000138594
0.000136488
0.000133876
0.000130793
0.000127281
0.0001234
0.000119309
0.000115052
0.000110658
0.00010628
0.000102071
9.82117e-05
9.48248e-05
9.20176e-05
8.99036e-05
8.86902e-05
8.88345e-05
9.08783e-05
9.58101e-05
0.000104535
0.000116748
0.000128995
0.000149558
0.000149071
0.000148123
0.000146672
0.000144723
0.000142275
0.000139381
0.00013608
0.000132442
0.000128468
0.000124177
0.000119631
0.000114934
0.000110217
0.000105682
0.000101522
9.79191e-05
9.50241e-05
9.30115e-05
9.21805e-05
9.312e-05
9.68629e-05
0.000104534
0.000116505
0.000129379
0.000157389
0.000156978
0.000156155
0.000154878
0.000153178
0.000151047
0.000148508
0.000145642
0.000142363
0.000138678
0.000134613
0.000130189
0.000125464
0.000120487
0.000115395
0.000110409
0.000105746
0.000101652
9.84113e-05
9.63291e-05
9.59105e-05
9.80999e-05
0.000103983
0.000114791
0.000127771
0.000165115
0.00016479
0.000164138
0.000163126
0.000161751
0.000160037
0.000158048
0.000155709
0.000152963
0.000149832
0.000146292
0.000142332
0.000137984
0.000133192
0.000127992
0.000122503
0.000116906
0.000111387
0.000106252
0.00010201
9.94823e-05
9.9125e-05
0.000101958
0.000109857
0.00012174
0.000172614
0.000172398
0.000171953
0.000171231
0.000170249
0.000169084
0.000167603
0.000165784
0.000163704
0.000161349
0.00015869
0.000155665
0.00015213
0.000148032
0.000143454
0.000138221
0.000132385
0.000126021
0.000119187
0.000112109
0.000105875
0.000100819
9.81165e-05
9.97879e-05
0.000106652
0.000179786
0.000179681
0.000179426
0.000178985
0.000178409
0.000177596
0.000176592
0.000175394
0.000174012
0.000172428
0.000170614
0.000168525
0.00016611
0.000163298
0.000159804
0.000155535
0.000150454
0.000144336
0.000137178
0.000128776
0.000118599
0.000106563
9.42376e-05
8.12102e-05
6.81146e-05
0.000186563
0.000186524
0.000186384
0.000186116
0.00018569
0.000185121
0.000184414
0.000183565
0.000182567
0.000181405
0.000180048
0.000178454
0.000176567
0.000174321
0.000171601
0.000168291
0.000163989
0.000158454
0.000151534
0.000142735
0.000131424
0.000116688
9.63036e-05
6.28675e-05
-4.67128e-06
0.000193101
0.000193075
0.00019295
0.000192693
0.000192297
0.000191767
0.000191103
0.0001903
0.00018935
0.000188233
0.00018692
0.000185368
0.000183519
0.000181295
0.000178587
0.00017525
0.000171077
0.000165848
0.000158963
0.000150012
0.000138381
0.000122685
0.000100433
6.67415e-05
1.53806e-05
0.000199408
0.000199383
0.000199258
0.000198998
0.000198602
0.00019807
0.000197402
0.000196592
0.00019563
0.000194497
0.000193163
0.000191586
0.000189706
0.000187444
0.00018469
0.000181303
0.000177096
0.000171822
0.000165104
0.000156478
0.000145342
0.000130694
0.000111103
8.4908e-05
5.22469e-05
0.000205487
0.000205462
0.000205338
0.00020508
0.000204686
0.000204157
0.000203491
0.000202684
0.000201726
0.000200599
0.000199275
0.000197715
0.000195861
0.000193639
0.000190951
0.000187668
0.000183632
0.000178632
0.000172399
0.000164599
0.000154819
0.000142548
0.000127314
0.00010915
8.98002e-05
0.000211339
0.000211317
0.000211199
0.00021095
0.000210569
0.000210057
0.000209414
0.000208635
0.000207712
0.000206631
0.000205366
0.000203883
0.000202133
0.000200051
0.000197555
0.000194542
0.000190887
0.000186441
0.000181028
0.000174457
0.000166541
0.000157151
0.00014637
0.000134836
0.000124218
0.000216968
0.000216951
0.000216843
0.00021661
0.000216253
0.000215773
0.00021517
0.000214442
0.000213585
0.000212585
0.000211424
0.000210073
0.000208492
0.000206632
0.000204429
0.000201809
0.000198688
0.000194975
0.000190581
0.000185438
0.000179529
0.000172953
0.000166037
0.000159513
0.000154664
0.000222374
0.000222363
0.00022227
0.000222061
0.000221737
0.000221301
0.000220756
0.000220101
0.000219333
0.000218445
0.000217424
0.00021625
0.000214892
0.000213316
0.000211479
0.000209336
0.000206839
0.000203951
0.000200651
0.00019696
0.000192966
0.00018888
0.000185094
0.000182262
0.000181322
0.000227559
0.000227556
0.000227481
0.000227301
0.00022702
0.00022664
0.000226166
0.0002256
0.000224943
0.000224193
0.000223341
0.000222376
0.000221279
0.000220029
0.000218604
0.000216982
0.000215149
0.000213107
0.000210885
0.000208559
0.000206273
0.000204272
0.000202938
0.000202804
0.000204555
0.000232522
0.000232529
0.000232475
0.00023233
0.000232098
0.000231783
0.000231391
0.000230929
0.000230399
0.000229804
0.000229142
0.000228408
0.000227596
0.000226696
0.000225703
0.000224615
0.000223444
0.000222219
0.000221003
0.000219898
0.00021907
0.000218762
0.000219309
0.000221138
0.00022475
0.000237264
0.000237281
0.000237251
0.000237145
0.000236967
0.000236724
0.000236424
0.000236074
0.000235683
0.000235255
0.000234795
0.000234305
0.000233787
0.000233244
0.000232683
0.000232117
0.000231577
0.000231111
0.000230795
0.000230747
0.000231129
0.000232164
0.000234135
0.000237379
0.000242267
0.000241782
0.000241811
0.000241807
0.000241742
0.000241622
0.000241456
0.000241253
0.000241023
0.000240776
0.000240521
0.000240268
0.000240025
0.000239802
0.000239609
0.000239463
0.000239391
0.000239433
0.000239646
0.000240115
0.000240956
0.000242321
0.000244405
0.00024744
0.00025169
0.000257435
0.000246076
0.000246117
0.00024614
0.000246118
0.00024606
0.000245973
0.00024587
0.000245761
0.00024566
0.00024558
0.000245533
0.000245532
0.000245593
0.000245734
0.000245978
0.000246358
0.000246921
0.000247729
0.000248865
0.000250439
0.000252588
0.000255476
0.000259293
0.000264245
0.000270543
0.000250144
0.000250198
0.000250248
0.00025027
0.000250273
0.000250267
0.000250264
0.000250276
0.00025032
0.00025041
0.000250563
0.000250794
0.000251124
0.000251574
0.000252174
0.000252959
0.000253979
0.000255295
0.000256987
0.000259154
0.000261916
0.000265409
0.000269787
0.000275212
0.000281841
0.000253985
0.000254052
0.000254129
0.000254195
0.000254259
0.000254332
0.000254427
0.000254558
0.000254742
0.000254995
0.000255336
0.000255785
0.000256363
0.000257095
0.000258012
0.000259152
0.000260564
0.000262306
0.000264452
0.000267089
0.000270319
0.000274257
0.000279024
0.000284747
0.000291544
0.000257599
0.000257679
0.000257782
0.000257891
0.000258014
0.000258164
0.000258353
0.000258597
0.000258914
0.00025932
0.000259837
0.000260485
0.000261287
0.00026227
0.000263465
0.00026491
0.000266651
0.000268743
0.000271251
0.000274253
0.000277832
0.000282084
0.000287105
0.000292993
0.000299839
0.000260986
0.000261077
0.000261206
0.000261355
0.000261536
0.000261758
0.000262036
0.000262387
0.000262827
0.000263375
0.000264052
0.000264879
0.000265881
0.000267083
0.000268516
0.000270218
0.00027223
0.000274603
0.000277394
0.000280669
0.000284498
0.000288959
0.000294128
0.000300082
0.000306888
0.000264145
0.000264247
0.0002644
0.000264588
0.000264822
0.000265112
0.000265474
0.000265923
0.000266476
0.000267152
0.000267973
0.000268959
0.000270133
0.000271523
0.000273158
0.000275071
0.000277302
0.000279894
0.000282898
0.00028637
0.000290368
0.000294953
0.000300188
0.00030613
0.00031283
0.000267079
0.000267191
0.000267366
0.00026759
0.000267873
0.000268226
0.000268664
0.000269202
0.000269857
0.000270648
0.000271595
0.000272718
0.000274041
0.000275589
0.000277389
0.000279472
0.000281873
0.000284632
0.00028779
0.000291394
0.000295493
0.000300137
0.000305372
0.000311244
0.000317789
0.000269789
0.000269911
0.000270106
0.000270362
0.00027069
0.0002711
0.000271607
0.000272224
0.00027297
0.000273861
0.000274917
0.000276158
0.000277605
0.000279283
0.000281215
0.00028343
0.00028596
0.000288837
0.000292099
0.000295783
0.000299929
0.000304577
0.000309763
0.000315521
0.000321877
0.000272279
0.000272409
0.000272621
0.000272907
0.000273275
0.000273736
0.000274304
0.000274992
0.000275816
0.000276793
0.000277942
0.000279281
0.00028083
0.00028261
0.000284645
0.00028696
0.000289581
0.000292537
0.000295859
0.000299578
0.000303727
0.000308337
0.000313435
0.000319046
0.000325189
0.000274552
0.000274689
0.000274917
0.000275228
0.000275632
0.000276138
0.000276758
0.000277507
0.000278399
0.000279449
0.000280674
0.000282093
0.000283722
0.000285582
0.000287693
0.000290077
0.000292757
0.000295758
0.000299105
0.000302824
0.000306941
0.000311478
0.000316459
0.000321899
0.000327812
0.000276613
0.000276755
0.000276997
0.000277331
0.000277765
0.00027831
0.000278976
0.000279776
0.000280724
0.000281834
0.000283121
0.000284602
0.000286293
0.000288211
0.000290374
0.000292802
0.000295514
0.00029853
0.000301873
0.000305562
0.000309617
0.000314058
0.000318899
0.000324152
0.000329824
0.000278467
0.000278614
0.000278867
0.00027922
0.00027968
0.000280257
0.000280962
0.000281805
0.000282798
0.000283956
0.000285292
0.00028682
0.000288555
0.000290512
0.000292706
0.000295155
0.000297876
0.000300884
0.000304197
0.000307833
0.000311805
0.000316128
0.000320813
0.000325867
0.000331294
0.00028012
0.000280271
0.000280534
0.000280902
0.000281384
0.000281988
0.000282723
0.0002836
0.000284631
0.000285825
0.000287197
0.000288758
0.000290521
0.0002925
0.000294708
0.00029716
0.000299868
0.000302848
0.000306113
0.000309676
0.000313548
0.000317739
0.000322257
0.000327105
0.000332284
0.00028158
0.000281733
0.000282003
0.000282383
0.000282883
0.000283508
0.000284268
0.000285172
0.00028623
0.000287451
0.000288847
0.000290428
0.000292206
0.000294193
0.000296399
0.000298837
0.000301518
0.000304453
0.000307653
0.000311128
0.000314887
0.000318935
0.000323278
0.000327917
0.000332849
0.000282852
0.000283007
0.000283282
0.000283672
0.000284185
0.000284827
0.000285606
0.000286529
0.000287606
0.000288844
0.000290254
0.000291845
0.000293627
0.000295608
0.000297799
0.000300209
0.000302849
0.000305726
0.000308849
0.000312225
0.000315861
0.000319759
0.000323923
0.000328351
0.00033304
0.000283945
0.0002841
0.000284379
0.000284776
0.000285298
0.000285952
0.000286744
0.000287681
0.000288769
0.000290017
0.000291433
0.000293023
0.000294797
0.000296763
0.000298928
0.0003013
0.000303886
0.000306695
0.000309731
0.000313
0.000316505
0.00032025
0.000324232
0.000328451
0.000332902
0.000284866
0.000285022
0.000285302
0.000285703
0.000286232
0.000286894
0.000287694
0.000288638
0.000289731
0.000290982
0.000292394
0.000293976
0.000295734
0.000297675
0.000299804
0.000302129
0.000304654
0.000307385
0.000310327
0.000313483
0.000316854
0.000320442
0.000324244
0.000328256
0.000332474
0.000285624
0.000285779
0.000286059
0.000286463
0.000286995
0.000287661
0.000288464
0.00028941
0.000290504
0.00029175
0.000293153
0.000294719
0.000296454
0.000298362
0.000300448
0.000302718
0.000305175
0.000307823
0.000310665
0.000313703
0.000316938
0.000320368
0.000323991
0.000327801
0.000331793
0.000286227
0.00028638
0.00028666
0.000287063
0.000287597
0.000288263
0.000289066
0.000290009
0.000291097
0.000292334
0.000293722
0.000295266
0.000296971
0.00029884
0.000300877
0.000303086
0.00030547
0.00030803
0.000310769
0.000313688
0.000316785
0.000320058
0.000323505
0.000327118
0.000330892
0.000286684
0.000286835
0.000287112
0.000287514
0.000288046
0.000288709
0.000289509
0.000290446
0.000291524
0.000292746
0.000294114
0.000295631
0.000297301
0.000299127
0.00030111
0.000303254
0.00030556
0.00030803
0.000310664
0.000313461
0.000316421
0.00031954
0.000322814
0.000326237
0.000329801
0.000287002
0.000287151
0.000287425
0.000287824
0.000288351
0.00028901
0.000289802
0.00029073
0.000291794
0.000292998
0.000294342
0.000295828
0.000297459
0.000299237
0.000301163
0.000303238
0.000305464
0.000307841
0.000310369
0.000313046
0.00031587
0.000318838
0.000321944
0.000325182
0.000328545
0.000287191
0.000287337
0.000287607
0.000288001
0.000288523
0.000289175
0.000289958
0.000290872
0.00029192
0.000293102
0.000294418
0.00029587
0.000297459
0.000299186
0.000301052
0.000303057
0.000305201
0.000307485
0.000309906
0.000312464
0.000315155
0.000317974
0.000320918
0.000323979
0.000327149
0.000287259
0.000287402
0.000287667
0.000288056
0.000288571
0.000289213
0.000289984
0.000290884
0.000291912
0.00029307
0.000294356
0.000295771
0.000297315
0.000298989
0.000300792
0.000302725
0.000304788
0.000306978
0.000309294
0.000311734
0.000314295
0.000316971
0.000319757
0.000322647
0.000325633
0.000287215
0.000287354
0.000287614
0.000287996
0.000288502
0.000289134
0.000289892
0.000290774
0.000291781
0.000292912
0.000294166
0.000295542
0.00029704
0.000298659
0.000300399
0.00030226
0.00030424
0.000306337
0.00030855
0.000310875
0.000313308
0.000315845
0.000318481
0.000321208
0.000324018
0.000287067
0.000287201
0.000287456
0.00028783
0.000288327
0.000288947
0.00028969
0.000290553
0.000291537
0.00029264
0.000293859
0.000295195
0.000296645
0.000298209
0.000299886
0.000301674
0.000303572
0.000305578
0.000307689
0.000309902
0.000312212
0.000314616
0.000317106
0.000319677
0.00032232
0.000286822
0.000286953
0.000287201
0.000287567
0.000288054
0.000288661
0.000289387
0.000290231
0.00029119
0.000292263
0.000293448
0.000294742
0.000296144
0.000297652
0.000299265
0.000300982
0.000302799
0.000304715
0.000306727
0.000308831
0.000311023
0.000313297
0.000315649
0.000318071
0.000320556
0.000286489
0.000286616
0.000286857
0.000287215
0.000287691
0.000288284
0.000288993
0.000289816
0.00029075
0.000291792
0.000292941
0.000294193
0.000295547
0.000296999
0.00029855
0.000300195
0.000301933
0.000303762
0.000305677
0.000307676
0.000309753
0.000311904
0.000314123
0.000316404
0.000318738
0.000286076
0.000286198
0.000286433
0.000286782
0.000287246
0.000287825
0.000288516
0.000289317
0.000290225
0.000291237
0.000292349
0.000293559
0.000294864
0.000296262
0.00029775
0.000299326
0.000300987
0.00030273
0.000304552
0.000306449
0.000308417
0.00031045
0.000312543
0.000314689
0.000316881
0.00028559
0.000285708
0.000285936
0.000286276
0.000286728
0.000287292
0.000287965
0.000288744
0.000289625
0.000290606
0.000291682
0.00029285
0.000294107
0.00029545
0.000296877
0.000298385
0.000299971
0.000301632
0.000303364
0.000305164
0.000307026
0.000308946
0.000310919
0.000312937
0.000314994
0.000285037
0.000285152
0.000285373
0.000285703
0.000286144
0.000286693
0.000287347
0.000288103
0.000288958
0.000289908
0.000290948
0.000292074
0.000293284
0.000294574
0.000295941
0.000297383
0.000298896
0.000300477
0.000302123
0.000303829
0.000305591
0.000307403
0.000309262
0.000311159
0.000313089
0.000284427
0.000284537
0.000284751
0.000285072
0.000285501
0.000286034
0.00028667
0.000287404
0.000288233
0.000289151
0.000290155
0.000291241
0.000292404
0.000293642
0.000294951
0.000296329
0.000297771
0.000299276
0.000300839
0.000302455
0.000304121
0.000305832
0.000307581
0.000309364
0.000311174
0.000283764
0.00028387
0.000284078
0.00028439
0.000284806
0.000285324
0.000285941
0.000286653
0.000287455
0.000288343
0.000289312
0.000290358
0.000291476
0.000292663
0.000293916
0.000295232
0.000296607
0.000298037
0.00029952
0.000301051
0.000302626
0.000304239
0.000305887
0.000307561
0.000309258
0.000283055
0.000283158
0.000283359
0.000283662
0.000284066
0.000284569
0.000285168
0.000285858
0.000286634
0.000287492
0.000288426
0.000289433
0.000290507
0.000291645
0.000292843
0.000294099
0.000295409
0.00029677
0.000298177
0.000299626
0.000301114
0.000302635
0.000304185
0.000305758
0.000307348
0.000282307
0.000282407
0.000282601
0.000282895
0.000283287
0.000283776
0.000284356
0.000285025
0.000285776
0.000286604
0.000287505
0.000288473
0.000289505
0.000290595
0.000291741
0.00029294
0.000294188
0.00029548
0.000296815
0.000298187
0.000299592
0.000301026
0.000302485
0.000303961
0.000305451
0.000281526
0.000281622
0.000281811
0.000282096
0.000282476
0.00028295
0.000283513
0.00028416
0.000284887
0.000285687
0.000286555
0.000287486
0.000288476
0.000289521
0.000290617
0.00029176
0.000292948
0.000294177
0.000295442
0.000296741
0.000298068
0.00029942
0.000300791
0.000302177
0.000303573
0.000280717
0.00028081
0.000280993
0.000281269
0.000281639
0.000282099
0.000282644
0.000283271
0.000283973
0.000284745
0.000285582
0.000286478
0.000287428
0.000288429
0.000289476
0.000290567
0.000291698
0.000292865
0.000294065
0.000295294
0.000296547
0.000297821
0.000299111
0.000300412
0.000301719
0.000279885
0.000279976
0.000280153
0.000280422
0.00028078
0.000281226
0.000281755
0.000282362
0.000283041
0.000283786
0.000284592
0.000285454
0.000286366
0.000287325
0.000288326
0.000289367
0.000290443
0.000291552
0.000292689
0.000293852
0.000295035
0.000296236
0.000297449
0.00029867
0.000299894
0.000279037
0.000279124
0.000279297
0.000279558
0.000279906
0.000280339
0.000280852
0.000281439
0.000282096
0.000282815
0.000283592
0.000284421
0.000285296
0.000286214
0.000287172
0.000288164
0.000289189
0.000290242
0.000291321
0.000292421
0.000293538
0.000294669
0.00029581
0.000296955
0.000298102
0.000278176
0.000278261
0.000278429
0.000278683
0.000279021
0.000279442
0.000279939
0.000280508
0.000281143
0.000281838
0.000282586
0.000283383
0.000284223
0.000285103
0.000286018
0.000286965
0.000287941
0.000288942
0.000289964
0.000291005
0.00029206
0.000293126
0.000294198
0.000295273
0.000296347
0.000277308
0.000277391
0.000277555
0.000277802
0.000278131
0.000278539
0.000279022
0.000279573
0.000280187
0.000280858
0.00028158
0.000282346
0.000283153
0.000283996
0.000284871
0.000285775
0.000286703
0.000287654
0.000288624
0.000289609
0.000290605
0.00029161
0.000292618
0.000293627
0.000294632
0.000276436
0.000276518
0.000276678
0.000276919
0.000277239
0.000277636
0.000278105
0.000278639
0.000279234
0.000279882
0.000280577
0.000281315
0.00028209
0.000282898
0.000283734
0.000284597
0.000285481
0.000286385
0.000287305
0.000288237
0.000289178
0.000290125
0.000291074
0.000292021
0.000292962
0.000275566
0.000275647
0.000275804
0.000276039
0.000276351
0.000276737
0.000277192
0.000277711
0.000278286
0.000278912
0.000279583
0.000280294
0.000281038
0.000281812
0.000282613
0.000283436
0.000284279
0.000285138
0.00028601
0.000286893
0.000287782
0.000288675
0.000289567
0.000290456
0.000291338
0.000274701
0.000274781
0.000274936
0.000275165
0.00027547
0.000275846
0.000276289
0.000276792
0.000277349
0.000277955
0.000278602
0.000279286
0.000280002
0.000280744
0.00028151
0.000282296
0.000283099
0.000283916
0.000284744
0.00028558
0.00028642
0.000287262
0.000288102
0.000288936
0.000289762
0.000273845
0.000273926
0.000274078
0.000274303
0.000274601
0.000274968
0.000275398
0.000275887
0.000276427
0.000277013
0.000277638
0.000278297
0.000278984
0.000279697
0.00028043
0.000281181
0.000281946
0.000282724
0.000283509
0.000284301
0.000285095
0.000285889
0.00028668
0.000287464
0.000288237
0.000273002
0.000273083
0.000273234
0.000273455
0.000273747
0.000274105
0.000274524
0.000274999
0.000275523
0.00027609
0.000276694
0.000277329
0.00027799
0.000278674
0.000279376
0.000280093
0.000280823
0.000281563
0.000282309
0.000283059
0.00028381
0.000284559
0.000285304
0.00028604
0.000286766
0.000272175
0.000272258
0.000272408
0.000272626
0.000272912
0.000273262
0.000273671
0.000274133
0.000274642
0.000275191
0.000275774
0.000276386
0.000277023
0.000277679
0.000278351
0.000279037
0.000279733
0.000280437
0.000281146
0.000281857
0.000282567
0.000283275
0.000283976
0.000284668
0.000285348
0.000271368
0.000271453
0.000271603
0.000271819
0.0002721
0.000272443
0.000272842
0.000273292
0.000273786
0.000274318
0.000274882
0.000275472
0.000276084
0.000276714
0.000277358
0.000278014
0.000278678
0.000279349
0.000280022
0.000280696
0.000281369
0.000282037
0.000282698
0.000283349
0.000283987
0.000270584
0.000270672
0.000270823
0.000271038
0.000271315
0.000271651
0.000272041
0.000272479
0.000272959
0.000273474
0.00027402
0.000274589
0.000275178
0.000275783
0.000276401
0.000277028
0.000277662
0.0002783
0.00027894
0.00027958
0.000280216
0.000280848
0.000281471
0.000282083
0.000282683
0.000269826
0.000269918
0.000270071
0.000270285
0.000270559
0.000270889
0.000271271
0.000271698
0.000272164
0.000272664
0.000273191
0.00027374
0.000274307
0.000274888
0.00027548
0.00027608
0.000276685
0.000277293
0.000277902
0.000278509
0.000279112
0.000279708
0.000280296
0.000280873
0.000281436
0.000269098
0.000269195
0.000269352
0.000269566
0.000269837
0.000270162
0.000270535
0.000270952
0.000271405
0.000271889
0.000272399
0.000272929
0.000273474
0.000274032
0.000274599
0.000275173
0.00027575
0.00027633
0.000276908
0.000277485
0.000278056
0.000278621
0.000279176
0.000279719
0.000280248
0.000268403
0.000268506
0.000268667
0.000268883
0.000269152
0.000269472
0.000269838
0.000270244
0.000270684
0.000271153
0.000271646
0.000272156
0.000272681
0.000273216
0.000273759
0.000274308
0.000274859
0.000275411
0.000275962
0.000276509
0.000277051
0.000277585
0.000278109
0.000278622
0.00027912
0.000267744
0.000267854
0.000268022
0.00026824
0.000268508
0.000268823
0.000269182
0.000269577
0.000270005
0.000270459
0.000270934
0.000271426
0.00027193
0.000272443
0.000272963
0.000273487
0.000274013
0.000274539
0.000275063
0.000275583
0.000276097
0.000276603
0.000277098
0.000277582
0.000278051
0.000267124
0.000267244
0.00026742
0.000267641
0.000267908
0.00026822
0.000268571
0.000268956
0.00026937
0.000269809
0.000270267
0.000270739
0.000271223
0.000271715
0.000272212
0.000272712
0.000273214
0.000273715
0.000274213
0.000274707
0.000275195
0.000275674
0.000276143
0.0002766
0.000277043
0.000266547
0.000266679
0.000266865
0.00026709
0.000267358
0.000267665
0.000268008
0.000268382
0.000268783
0.000269205
0.000269645
0.000270098
0.000270561
0.000271032
0.000271506
0.000271984
0.000272462
0.000272939
0.000273413
0.000273883
0.000274345
0.0002748
0.000275244
0.000275676
0.000276094
0.000266017
0.000266165
0.000266362
0.000266593
0.000266861
0.000267164
0.000267498
0.00026786
0.000268245
0.000268651
0.000269072
0.000269505
0.000269947
0.000270395
0.000270848
0.000271303
0.000271758
0.000272212
0.000272663
0.000273109
0.000273548
0.00027398
0.000274401
0.00027481
0.000275206
0.00026554
0.000265706
0.000265918
0.000266156
0.000266423
0.00026672
0.000267044
0.000267392
0.000267761
0.000268147
0.000268548
0.00026896
0.000269381
0.000269807
0.000270237
0.00027067
0.000271103
0.000271534
0.000271963
0.000272387
0.000272805
0.000273214
0.000273614
0.000274002
0.000274377
0.00026512
0.000265309
0.000265539
0.000265784
0.000266051
0.00026634
0.000266651
0.000266982
0.000267332
0.000267697
0.000268076
0.000268465
0.000268863
0.000269267
0.000269675
0.000270085
0.000270496
0.000270906
0.000271313
0.000271716
0.000272113
0.000272503
0.000272882
0.000273251
0.000273607
0.000264765
0.000264983
0.000265235
0.000265488
0.000265751
0.000266029
0.000266323
0.000266633
0.00026696
0.000267301
0.000267655
0.00026802
0.000268394
0.000268774
0.000269159
0.000269548
0.000269937
0.000270327
0.000270714
0.000271097
0.000271475
0.000271845
0.000272206
0.000272557
0.000272896
0.000264485
0.000264739
0.000265016
0.000265276
0.000265532
0.000265793
0.000266064
0.000266348
0.000266646
0.000266959
0.000267286
0.000267624
0.000267973
0.000268329
0.000268691
0.000269058
0.000269426
0.000269796
0.000270163
0.000270528
0.000270888
0.000271241
0.000271586
0.00027192
0.000272244
0.000264296
0.000264594
0.0002649
0.000265163
0.000265404
0.000265639
0.000265879
0.000266129
0.000266393
0.000266673
0.000266968
0.000267277
0.000267598
0.00026793
0.000268269
0.000268614
0.000268962
0.000269312
0.000269662
0.000270009
0.000270353
0.00027069
0.000271019
0.000271339
0.000271649
0.000264218
0.00026457
0.000264908
0.000265165
0.000265378
0.000265575
0.000265771
0.000265976
0.000266198
0.000266439
0.000266699
0.000266976
0.000267269
0.000267575
0.000267891
0.000268214
0.000268543
0.000268875
0.000269208
0.00026954
0.000269868
0.000270191
0.000270506
0.000270813
0.00027111
0.000264288
0.000264704
0.000265069
0.000265303
0.000265468
0.000265605
0.000265741
0.000265889
0.000266059
0.000266255
0.000266475
0.000266718
0.000266981
0.000267261
0.000267554
0.000267858
0.000268168
0.000268484
0.000268801
0.000269118
0.000269433
0.000269743
0.000270047
0.000270342
0.000270628
0.00026457
0.000265051
0.000265427
0.000265605
0.000265686
0.000265735
0.000265787
0.000265863
0.000265971
0.000266114
0.000266291
0.000266498
0.000266731
0.000266986
0.000267257
0.000267542
0.000267836
0.000268136
0.00026844
0.000268744
0.000269047
0.000269346
0.000269639
0.000269924
0.000270201
0.000265179
0.000265698
0.000266039
0.0002661
0.000266042
0.000265962
0.000265903
0.000265888
0.000265922
0.000266007
0.000266139
0.00026631
0.000266514
0.000266744
0.000266996
0.000267263
0.000267543
0.00026783
0.000268122
0.000268416
0.000268708
0.000268998
0.000269282
0.00026956
0.000269829
0.000266324
0.000266779
0.000266977
0.000266815
0.000266537
0.000266274
0.000266071
0.000265946
0.000265899
0.000265924
0.000266009
0.000266146
0.000266323
0.000266532
0.000266767
0.00026702
0.000267288
0.000267565
0.000267847
0.000268132
0.000268417
0.000268699
0.000268977
0.000269247
0.00026951
0.000268359
0.000268491
0.000268319
0.000267759
0.000267149
0.000266637
0.00026626
0.000266013
0.000265882
0.000265847
0.000265891
0.000265997
0.000266153
0.000266346
0.000266567
0.00026681
0.000267069
0.000267338
0.000267614
0.000267893
0.000268172
0.000268449
0.000268721
0.000268987
0.000269244
0.000272204
0.000271247
0.000270117
0.000268865
0.00026779
0.000266979
0.000266411
0.000266043
0.000265836
0.000265754
0.000265767
0.000265853
0.000265994
0.000266178
0.000266392
0.00026663
0.000266883
0.000267149
0.000267421
0.000267696
0.000267972
0.000268245
0.000268514
0.000268776
0.00026903
0.000281059
0.000275954
0.000272306
0.000269923
0.000268275
0.000267151
0.000266418
0.000265968
0.000265718
0.000265614
0.000265616
0.000265697
0.000265836
0.000266018
0.000266233
0.00026647
0.000266725
0.00026699
0.000267261
0.000267536
0.000267811
0.000268083
0.00026835
0.00026861
0.000268862
0.000298923
0.000282414
0.000274365
0.000270652
0.000268468
0.000267108
0.000266283
0.000265802
0.000265547
0.000265447
0.000265457
0.000265546
0.000265692
0.000265881
0.000266101
0.000266343
0.0002666
0.000266868
0.000267142
0.000267418
0.000267694
0.000267966
0.000268233
0.000268493
0.000268744
0.114103
0.11191
0.10805
0.102482
0.09552
0.0876182
0.0788731
0.0692959
0.0593657
0.0496526
0.0408536
0.0332322
0.0268103
0.0215897
0.0174462
0.0142221
0.0117491
0.00987992
0.0084944
0.00748245
0.00675791
0.00625236
0.0059194
0.00572626
0.00563714
0.101666
0.098042
0.0919066
0.0837146
0.0746967
0.0655995
0.0565187
0.0474168
0.0388287
0.0314207
0.0253477
0.0204021
0.0164646
0.0134596
0.0111913
0.00947242
0.00816983
0.00719472
0.00650093
0.00599333
0.00563757
0.00539748
0.00524164
0.00515133
0.00510787
0.0821666
0.0774431
0.0699685
0.0608982
0.0519909
0.0438811
0.0364947
0.0297603
0.0238192
0.0189834
0.0152264
0.0123179
0.0101545
0.00859602
0.00751917
0.00671891
0.00609875
0.00561939
0.00525582
0.00497444
0.00479117
0.00467636
0.00460276
0.00455189
0.00452296
0.0619094
0.0565628
0.0482423
0.0391484
0.0315991
0.0257135
0.0210978
0.0173435
0.014276
0.0118476
0.00997076
0.0085547
0.00751212
0.00674123
0.00612504
0.00561522
0.00520018
0.00486604
0.00460151
0.00441076
0.00427525
0.00418387
0.00412027
0.00407131
0.00403726
0.0397958
0.0350331
0.027522
0.0202161
0.0151778
0.0119024
0.00979744
0.00838875
0.00753201
0.00698927
0.00659731
0.00626568
0.00594064
0.0056123
0.00528583
0.00497519
0.0046916
0.0044437
0.00423653
0.00407081
0.00394285
0.00384731
0.00377506
0.00372056
0.00368577
0.0247613
0.0207551
0.0147943
0.00921862
0.00535635
0.00343344
0.00285255
0.0028919
0.00323804
0.00366464
0.00404273
0.00430329
0.00443393
0.00445123
0.0043857
0.00426879
0.00412772
0.00398311
0.00384789
0.00372866
0.00362757
0.00354451
0.00347915
0.00343123
0.00340296
0.0150888
0.0120423
0.00755137
0.00341044
0.000706704
-0.000635793
-0.000923863
-0.000368935
0.000439937
0.00128971
0.00205245
0.00265614
0.00308737
0.00336031
0.00350512
0.00355727
0.00354849
0.00350413
0.00344244
0.0033754
0.0033102
0.0032511
0.00320223
0.00316668
0.00314693
0.00805843
0.00596338
0.00292706
0.000195458
-0.00143879
-0.00213744
-0.00214465
-0.00166065
-0.000875178
-2.9253e-05
0.000787595
0.00148877
0.00204366
0.00245156
0.00272942
0.00290251
0.002997
0.00303666
0.00304078
0.00302375
0.0029958
0.00296431
0.00293519
0.00291324
0.00290123
0.00361088
0.00214986
0.000217851
-0.00136203
-0.00221317
-0.00247701
-0.00230932
-0.00184872
-0.00121047
-0.000510195
0.000179328
0.000808029
0.00134593
0.00178067
0.00211219
0.00235003
0.00251004
0.00260963
0.00266506
0.00269001
0.00269536
0.00268952
0.00267929
0.00267017
0.00266453
0.00106062
7.80497e-05
-0.00109907
-0.00192145
-0.00229133
-0.0022991
-0.00205752
-0.00165536
-0.00115869
-0.000618301
-7.23961e-05
0.000450317
0.000920954
0.00132428
0.00165488
0.00191326
0.00210514
0.00224052
0.00233086
0.00238712
0.00241897
0.00243446
0.00244031
0.00244195
0.00244198
-0.000326115
-0.000944376
-0.00156689
-0.00194961
-0.00204721
-0.00193433
-0.00168962
-0.00136195
-0.000982118
-0.000573979
-0.000151544
0.000269408
0.000668307
0.00102654
0.00133272
0.00158531
0.00178475
0.00193597
0.002046
0.00212243
0.00217296
0.00220442
0.00222273
0.00223286
0.00223741
-0.000972037
-0.00134808
-0.00163473
-0.00175374
-0.00170441
-0.00154376
-0.00132042
-0.00105909
-0.000769759
-0.000459901
-0.000135962
0.000197441
0.000527152
0.000836476
0.0011125
0.00134863
0.00154121
0.00169395
0.00181171
0.00189813
0.00195983
0.00200176
0.00202875
0.00204505
0.00205287
-0.00119108
-0.00141169
-0.0015133
-0.00148576
-0.00136088
-0.0011844
-0.000986286
-0.000775999
-0.000552579
-0.000314676
-6.36775e-05
0.000197192
0.000463928
0.000723664
0.000964234
0.00117734
0.0013584
0.00150706
0.00162535
0.00171177
0.00177877
0.00182647
0.00185867
0.00187882
0.00188867
-0.00118578
-0.00131082
-0.00131928
-0.00122292
-0.00106556
-0.000886346
-0.000706971
-0.000530776
-0.000352158
-0.000165412
3.1255e-05
0.000236597
0.000450749
0.000665133
0.000869914
0.00105685
0.0012206
0.00135895
0.00147197
0.00156073
0.00162948
0.00167741
0.00171088
0.00173285
0.00174492
-0.00107152
-0.00114294
-0.00111168
-0.000993552
-0.000831582
-0.000657715
-0.000490969
-0.000334576
-0.000183039
-2.95268e-05
0.000129783
0.000295521
0.000466406
0.000641454
0.000812869
0.000973515
0.00111806
0.00124342
0.00134844
0.00143339
0.00149988
0.00154935
0.00158449
0.00160757
0.00162035
-0.000924325
-0.000962417
-0.000916677
-0.000799319
-0.000647695
-0.00048579
-0.000330205
-0.000185968
-5.02638e-05
8.23944e-05
0.000216357
0.000353362
0.000492187
0.000635961
0.000778879
0.000915595
0.00104132
0.00115281
0.00124833
0.00132742
0.00139061
0.00143892
0.00147392
0.0014975
0.00151081
-0.0007742
-0.000791897
-0.000741088
-0.000633628
-0.000498147
-0.000351936
-0.000208806
-7.49358e-05
4.97726e-05
0.000168687
0.000285561
0.000402427
0.000519433
0.000638144
0.000757558
0.000873505
0.00098213
0.00108033
0.0011661
0.00123849
0.00129742
0.00134335
0.00137723
0.00140045
0.00141377
-0.000630213
-0.000636533
-0.000585505
-0.000489763
-0.000371158
-0.0002418
-0.000112837
9.60822e-06
0.000124059
0.000232067
0.000336294
0.000438853
0.000540937
0.000640131
0.000741199
0.000840192
0.000934195
0.00102048
0.00109705
0.00116272
0.001217
0.00125996
0.00129209
0.0013144
0.00132737
-0.000495275
-0.000495791
-0.000446182
-0.00036256
-0.000260273
-0.000148104
-3.4647e-05
7.48806e-05
0.000178431
0.00027635
0.000370229
0.000461662
0.000551145
0.000636972
0.000725512
0.000811451
0.000893421
0.000969449
0.00103773
0.00109701
0.00114659
0.00118627
0.00121629
0.00123737
0.00124982
-0.000359297
-0.000366089
-0.000323784
-0.000254174
-0.0001686
-7.37205e-05
2.43256e-05
0.000121248
0.00021471
0.000304145
0.000390155
0.000473742
0.000555674
0.000636744
0.000711473
0.000786028
0.00085784
0.000924971
0.000985791
0.00103904
0.00108395
0.0011202
0.0011479
0.00116762
0.00117952
-0.000156462
-0.000206226
-0.000191006
-0.000142158
-7.56567e-05
3.03221e-07
8.06712e-05
0.000162054
0.000242447
0.000321068
0.000397963
0.000473471
0.000547699
0.000620277
0.000689837
0.000757406
0.000822152
0.000882775
0.000937964
0.000986593
0.00102787
0.00106137
0.00108701
0.00110517
0.00111596
-5.18822e-05
-8.38111e-05
-7.91184e-05
-4.66985e-05
3.11925e-06
6.35671e-05
0.000130179
0.000199831
0.00027045
0.000340848
0.000410459
0.000479017
0.000546245
0.000611607
0.000674533
0.000735205
0.000793025
0.000847001
0.000896159
0.000939604
0.000976656
0.0010069
0.00103022
0.00104692
0.00105699
2.0187e-05
2.66042e-06
6.71994e-06
3.04443e-05
6.89189e-05
0.000117674
0.000173178
0.000232742
0.000294416
0.000356884
0.000419299
0.000481085
0.000541741
0.000600712
0.000657667
0.00071248
0.000764543
0.000813057
0.00085724
0.000896358
0.000929822
0.000957236
0.000978462
0.000993729
0.00100298
7.41436e-05
6.71468e-05
7.32931e-05
9.30349e-05
0.000124376
0.000164674
0.000211419
0.000262491
0.000316215
0.000371342
0.000426953
0.000482349
0.00053692
0.000590087
0.000641533
0.000691001
0.000737917
0.000781594
0.000821377
0.000856647
0.000886887
0.000911728
0.000931022
0.00094495
0.000953424
0.000117356
0.000116921
0.000125313
0.000143314
0.000170199
0.000204489
0.000244506
0.000288671
0.000335626
0.000384263
0.0004337
0.000483214
0.000532172
0.000579995
0.00062633
0.000670875
0.000713098
0.000752398
0.000788209
0.000819998
0.000847308
0.000869802
0.000887333
0.000900065
0.000907869
0.00015322
0.000156821
0.000166856
0.000183948
0.000207861
0.000237767
0.000272569
0.000311121
0.000352356
0.000395336
0.000439263
0.000483449
0.000527282
0.000570208
0.000611852
0.00065189
0.000689836
0.000725159
0.000757364
0.000785989
0.000810631
0.000830984
0.000846925
0.000858626
0.000865916
0.000183394
0.000189537
0.000200611
0.000217056
0.000238805
0.00026538
0.000296057
0.000330009
0.000366409
0.000404483
0.000443537
0.000482946
0.000522143
0.000560614
0.000597979
0.000633906
0.000667953
0.000699649
0.000728562
0.000754287
0.000776472
0.000794854
0.000809353
0.000820201
0.000827146
0.000208947
0.000216687
0.00022833
0.000244178
0.000264216
0.000288151
0.000315489
0.00034563
0.000377932
0.000411765
0.000446537
0.000481696
0.000516732
0.000551173
0.000584653
0.00061684
0.00064733
0.000675707
0.000701587
0.00072462
0.000744503
0.000761021
0.000774179
0.000784404
0.000791348
0.000230669
0.000239378
0.000251249
0.000266482
0.000285076
0.000306835
0.00033141
0.000358352
0.000387161
0.000417327
0.000448348
0.000479744
0.000511062
0.000541878
0.000571845
0.000600639
0.000627886
0.000653214
0.000676278
0.000696769
0.000714426
0.000729087
0.000740849
0.000750778
0.000759151
0.000249171
0.000258424
0.000270279
0.00028487
0.00030219
0.000322098
0.000344334
0.000368556
0.000394369
0.000421355
0.000449091
0.000477163
0.000505172
0.000532741
0.000559545
0.00058527
0.000609567
0.000632093
0.000652525
0.000670563
0.000685949
0.000698556
0.000708216
0.000717217
0.0007282
0.000264943
0.000274446
0.000286117
0.000300041
0.000316205
0.000334499
0.000354721
0.000376601
0.000399823
0.000424041
0.000448899
0.00047404
0.000499113
0.000523787
0.000547759
0.000570722
0.000592351
0.00061232
0.000630304
0.000645959
0.000658875
0.000668483
0.000674598
0.000676014
0.000667515
0.000278383
0.00028793
0.000299299
0.000312544
0.000327644
0.000344505
0.000362966
0.000382808
0.000403772
0.000425572
0.000447905
0.000470462
0.00049294
0.000515046
0.000536495
0.000556994
0.000576243
0.000593934
0.000609744
0.000623316
0.000634213
0.000641874
0.000645603
0.000644186
0.000635136
0.000289819
0.000299265
0.000310254
0.000322817
0.000336926
0.0003525
0.000369403
0.000387457
0.000406442
0.000426121
0.000446236
0.000466521
0.000486711
0.000506544
0.000525755
0.000544076
0.000561232
0.000576939
0.000590892
0.000602753
0.000612119
0.000618501
0.000621306
0.000619788
0.000613079
0.000299523
0.000308767
0.000319326
0.000331213
0.000344397
0.000358803
0.000374318
0.000390788
0.000408032
0.000425845
0.000444009
0.000462294
0.000480466
0.00049829
0.000515529
0.000531941
0.00054728
0.000561288
0.000573693
0.000584198
0.000592465
0.000598112
0.000600736
0.000599951
0.000595519
0.000307721
0.000316696
0.000326795
0.00033802
0.000350338
0.000363681
0.000377949
0.000393011
0.000408713
0.00042488
0.000441322
0.000457841
0.000474233
0.000490288
0.000505797
0.000520546
0.000534318
0.000546887
0.00055802
0.000567467
0.000574962
0.000580225
0.000582993
0.000583081
0.00058049
0.000314601
0.000323263
0.000332889
0.000343474
0.000354982
0.000367351
0.000380494
0.000394297
0.000408627
0.000423333
0.000438252
0.000453211
0.000468031
0.000482531
0.000496527
0.000509832
0.000522259
0.000533615
0.000543705
0.000552328
0.000559279
0.000564357
0.000567393
0.000568297
0.000567137
0.000320327
0.000328646
0.000337797
0.000347765
0.000358515
0.000369991
0.000382115
0.000394787
0.000407891
0.000421297
0.000434863
0.000448441
0.000461875
0.000475008
0.00048768
0.000499732
0.000511004
0.000521336
0.000530569
0.000538543
0.000545104
0.000550107
0.00055344
0.000555053
0.000555004
0.000325035
0.000332997
0.000341675
0.000351053
0.000361095
0.00037175
0.000382946
0.000394597
0.000406602
0.000418847
0.000431211
0.000443564
0.000455772
0.0004677
0.000479213
0.000490175
0.000500453
0.000509917
0.000518438
0.000525894
0.00053217
0.000537162
0.000540795
0.000543027
0.000543866
0.000328849
0.000336446
0.00034466
0.000353475
0.000362855
0.000372752
0.000383102
0.00039383
0.000404846
0.000416052
0.000427342
0.000438605
0.000449726
0.000460591
0.000471084
0.000481093
0.00049051
0.000499231
0.000507155
0.000514191
0.000520256
0.00052528
0.000529217
0.00053204
0.000533661
0.000331874
0.000339103
0.000346867
0.000355146
0.000363907
0.000373104
0.000382681
0.00039257
0.000402694
0.000412966
0.000423294
0.000433585
0.000443739
0.000453659
0.000463251
0.000472423
0.000481088
0.000489166
0.000496582
0.000503273
0.000509182
0.000514267
0.000518518
0.000521965
0.00052439
0.000334203
0.000341068
0.000348396
0.000356167
0.000364349
0.000372899
0.000381768
0.000390893
0.000400208
0.000409637
0.000419102
0.00042852
0.000437808
0.000446887
0.000455676
0.000464105
0.000472106
0.000479621
0.000486602
0.000493012
0.000498823
0.000504017
0.000508635
0.000512828
0.000516124
0.000335917
0.000342425
0.000349335
0.000356625
0.000364265
0.000372216
0.000380433
0.000388861
0.000397441
0.000406108
0.000414792
0.000423424
0.000431934
0.000440256
0.000448325
0.000456085
0.00046349
0.000470504
0.000477104
0.000483292
0.000489083
0.000494519
0.000499808
0.000505565
0.000510751
0.000337091
0.000343251
0.000349759
0.000356594
0.000363727
0.000371123
0.00037874
0.00038653
0.00039444
0.000402413
0.00041039
0.000418311
0.000426116
0.000433751
0.000441165
0.000448315
0.00045517
0.000461714
0.000467952
0.000473927
0.000479737
0.000485571
0.000491997
0.000500862
0.000514719
0.000337789
0.000343612
0.000349736
0.000356141
0.0003628
0.00036968
0.000376744
0.000383948
0.000391245
0.000398586
0.000405918
0.000413191
0.000420354
0.000427361
0.000434171
0.000440752
0.000447082
0.000453153
0.000458979
0.000464605
0.000470122
0.000475679
0.000481672
0.000489039
0.000497323
0.000338069
0.000343566
0.000349324
0.000355323
0.000361539
0.00036794
0.000374492
0.000381156
0.000387892
0.000394653
0.000401397
0.000408077
0.000414651
0.00042108
0.000427329
0.000433373
0.000439193
0.000444783
0.00045015
0.00045532
0.000460336
0.000465261
0.000470223
0.000475385
0.000479722
0.000337982
0.000343166
0.000348576
0.000354193
0.000359993
0.000365948
0.000372026
0.000378193
0.000384411
0.000390642
0.000396844
0.00040298
0.000409012
0.000414906
0.000420633
0.000426168
0.000431495
0.000436605
0.000441495
0.000446169
0.000450633
0.000454886
0.000458925
0.000462696
0.000465548
0.000337574
0.000342458
0.000347537
0.000352794
0.000358205
0.000363744
0.000369383
0.000375091
0.000380833
0.000386574
0.00039228
0.000397915
0.000403446
0.000408844
0.000414082
0.000419138
0.000423995
0.000428638
0.000433057
0.000437241
0.000441171
0.000444816
0.000448125
0.000451011
0.00045308
0.000336887
0.000341484
0.00034625
0.000351166
0.000356213
0.000361365
0.000366597
0.000371879
0.000377181
0.000382472
0.000387719
0.000392892
0.000397961
0.0004029
0.000407683
0.00041229
0.000416702
0.000420902
0.000424874
0.000428597
0.000432041
0.000435162
0.000437898
0.000440164
0.00044171
0.000335957
0.00034028
0.000344749
0.000349346
0.000354051
0.000358842
0.000363695
0.000368583
0.000373479
0.000378353
0.000383178
0.000387925
0.000392567
0.00039708
0.000401441
0.00040563
0.000409627
0.000413415
0.000416973
0.000420275
0.000423289
0.000425969
0.000428255
0.000430078
0.00043127
0.000334817
0.00033888
0.000343068
0.000347364
0.000351749
0.000356204
0.000360704
0.000365227
0.000369747
0.000374237
0.000378671
0.000383025
0.000387273
0.000391393
0.000395363
0.000399165
0.00040278
0.000406188
0.000409368
0.000412294
0.000414934
0.000417245
0.000419178
0.000420676
0.000421626
0.000333496
0.000337312
0.000341234
0.000345247
0.000349334
0.000353474
0.000357647
0.000361831
0.000366002
0.000370137
0.000374211
0.000378202
0.000382086
0.000385844
0.000389455
0.000392901
0.000396164
0.000399226
0.000402066
0.000404659
0.000406976
0.00040898
0.00041063
0.000411885
0.000412662
0.000332022
0.000335603
0.000339275
0.000343022
0.000346828
0.000350674
0.000354543
0.000358412
0.000362261
0.000366067
0.000369809
0.000373465
0.000377015
0.00038044
0.00038372
0.00038684
0.000389783
0.000392532
0.000395067
0.000397366
0.000399404
0.00040115
0.000402572
0.000403639
0.00040429
0.000330418
0.000333777
0.000337212
0.000340708
0.000344252
0.000347825
0.00035141
0.000354987
0.000358538
0.00036204
0.000365475
0.000368823
0.000372065
0.000375184
0.000378162
0.000380985
0.000383637
0.000386103
0.000388366
0.000390407
0.000392203
0.000393732
0.000394966
0.000395884
0.000396438
0.000328705
0.000331853
0.000335065
0.000338327
0.000341625
0.000344943
0.000348264
0.000351571
0.000354844
0.000358066
0.000361219
0.000364283
0.000367242
0.000370079
0.000372781
0.000375333
0.000377722
0.000379934
0.000381954
0.000383767
0.000385355
0.000386698
0.000387777
0.000388575
0.000389052
0.000326903
0.000329852
0.000332854
0.000335896
0.000338964
0.000342044
0.000345119
0.000348174
0.000351191
0.000354154
0.000357046
0.000359849
0.000362548
0.000365129
0.000367578
0.000369884
0.000372034
0.000374017
0.000375822
0.000377434
0.00037884
0.000380024
0.000380972
0.000381671
0.000382086
0.000325028
0.000327789
0.000330593
0.000333428
0.000336282
0.000339139
0.000341987
0.000344808
0.000347589
0.000350312
0.000352963
0.000355525
0.000357986
0.000360332
0.000362551
0.000364633
0.000366568
0.000368347
0.000369959
0.000371394
0.000372641
0.000373688
0.000374524
0.000375139
0.000375504
0.000323095
0.000325679
0.000328297
0.000330939
0.000333592
0.000336242
0.000338877
0.000341482
0.000344043
0.000346545
0.000348974
0.000351317
0.000353559
0.00035569
0.0003577
0.000359579
0.000361319
0.000362913
0.000364353
0.000365631
0.000366739
0.000367666
0.000368407
0.000368952
0.000369274
0.000321119
0.000323536
0.00032598
0.00032844
0.000330905
0.000333362
0.0003358
0.000338204
0.000340562
0.00034286
0.000345085
0.000347224
0.000349267
0.000351201
0.00035302
0.000354715
0.00035628
0.000357708
0.000358995
0.000360134
0.000361118
0.000361941
0.000362598
0.000363083
0.00036337
0.000319111
0.000321371
0.000323651
0.000325941
0.000328231
0.000330509
0.000332763
0.000334981
0.000337151
0.000339261
0.000341298
0.00034325
0.000345109
0.000346865
0.00034851
0.000350037
0.000351443
0.000352723
0.000353872
0.000354887
0.000355762
0.000356494
0.000357079
0.000357511
0.000357768
0.000317083
0.000319195
0.000321321
0.000323453
0.000325579
0.000327689
0.000329773
0.000331819
0.000333815
0.00033575
0.000337614
0.000339396
0.000341087
0.000342679
0.000344165
0.000345541
0.000346804
0.000347949
0.000348976
0.000349879
0.000350658
0.000351309
0.00035183
0.000352217
0.000352448
0.000315044
0.000317018
0.000319
0.000320983
0.000322956
0.000324911
0.000326836
0.000328722
0.000330557
0.000332332
0.000334037
0.000335662
0.000337198
0.000338641
0.000339983
0.000341222
0.000342354
0.000343379
0.000344295
0.0003451
0.000345792
0.000346372
0.000346837
0.000347183
0.000347391
0.000313004
0.000314847
0.000316694
0.000318538
0.000320369
0.000322179
0.000323957
0.000325695
0.000327382
0.000329009
0.000330566
0.000332047
0.000333443
0.000334749
0.00033596
0.000337073
0.000338088
0.000339004
0.00033982
0.000340537
0.000341153
0.000341669
0.000342084
0.000342395
0.000342583
0.00031097
0.000312691
0.000314412
0.000316126
0.000317824
0.000319499
0.000321141
0.000322741
0.00032429
0.000325781
0.000327204
0.000328552
0.000329819
0.000331
0.000332091
0.000333091
0.000334
0.000334817
0.000335544
0.000336181
0.000336728
0.000337187
0.000337558
0.000337838
0.000338008
0.00030895
0.000310555
0.000312158
0.000313751
0.000315326
0.000316875
0.00031839
0.000319863
0.000321286
0.00032265
0.000323949
0.000325176
0.000326324
0.000327391
0.000328374
0.000329271
0.000330083
0.000330811
0.000331457
0.000332023
0.000332509
0.000332917
0.000333248
0.0003335
0.000333655
0.000306949
0.000308447
0.000309939
0.000311419
0.000312878
0.000314311
0.000315709
0.000317064
0.000318369
0.000319618
0.000320802
0.000321917
0.000322958
0.000323921
0.000324804
0.000325607
0.000326332
0.00032698
0.000327553
0.000328054
0.000328485
0.000328847
0.000329143
0.00032937
0.000329511
0.000304973
0.00030637
0.000307759
0.000309133
0.000310486
0.00031181
0.000313099
0.000314345
0.000315542
0.000316684
0.000317763
0.000318776
0.000319717
0.000320585
0.000321378
0.000322096
0.000322741
0.000323316
0.000323824
0.000324266
0.000324647
0.000324969
0.000325233
0.000325437
0.000325565
0.000303027
0.00030433
0.000305623
0.000306899
0.000308152
0.000309375
0.000310563
0.000311709
0.000312806
0.000313849
0.000314832
0.00031575
0.000316601
0.000317381
0.000318092
0.000318732
0.000319305
0.000319814
0.000320262
0.000320653
0.000320989
0.000321273
0.000321509
0.000321693
0.000321809
0.000301116
0.000302331
0.000303534
0.000304718
0.000305878
0.000307009
0.000308103
0.000309155
0.00031016
0.000311112
0.000312006
0.000312839
0.000313606
0.000314307
0.000314942
0.000315512
0.00031602
0.000316469
0.000316863
0.000317207
0.000317502
0.000317753
0.000317962
0.000318128
0.000318234
0.000299244
0.000300377
0.000301495
0.000302595
0.000303669
0.000304712
0.00030572
0.000306686
0.000307606
0.000308474
0.000309287
0.00031004
0.000310731
0.00031136
0.000311926
0.000312432
0.000312881
0.000313275
0.000313621
0.000313921
0.00031418
0.0003144
0.000314586
0.000314735
0.000314831
0.000297414
0.00029847
0.000299511
0.00030053
0.000301525
0.000302488
0.000303416
0.000304302
0.000305143
0.000305935
0.000306672
0.000307353
0.000307975
0.000308537
0.000309041
0.000309488
0.000309882
0.000310228
0.000310529
0.00031079
0.000311016
0.000311209
0.000311373
0.000311506
0.000311593
0.00029563
0.000296614
0.000297582
0.000298528
0.000299448
0.000300337
0.00030119
0.000302004
0.000302772
0.000303493
0.000304161
0.000304776
0.000305334
0.000305836
0.000306282
0.000306676
0.000307021
0.000307322
0.000307583
0.000307809
0.000308004
0.000308172
0.000308317
0.000308436
0.000308513
0.000293893
0.000294811
0.000295711
0.000296589
0.00029744
0.00029826
0.000299045
0.000299791
0.000300493
0.000301148
0.000301754
0.000302307
0.000302807
0.000303253
0.000303648
0.000303994
0.000304294
0.000304554
0.000304779
0.000304973
0.00030514
0.000305286
0.000305413
0.000305517
0.000305586
0.000292208
0.000293064
0.000293901
0.000294715
0.000295502
0.000296259
0.000296981
0.000297664
0.000298305
0.0002989
0.000299448
0.000299945
0.000300392
0.000300788
0.000301135
0.000301437
0.000301697
0.00030192
0.000302111
0.000302276
0.000302418
0.000302543
0.000302653
0.000302747
0.000302805
0.000290576
0.000291374
0.000292152
0.000292907
0.000293636
0.000294333
0.000294997
0.000295623
0.000296207
0.000296748
0.000297243
0.000297689
0.000298087
0.000298437
0.000298741
0.000299003
0.000299226
0.000299415
0.000299577
0.000299715
0.000299834
0.000299939
0.000300033
0.000300116
0.000300168
0.000288998
0.000289742
0.000290467
0.000291167
0.000291841
0.000292485
0.000293094
0.000293667
0.0002942
0.000294691
0.000295137
0.000295537
0.00029589
0.000296199
0.000296464
0.000296689
0.000296878
0.000297037
0.000297171
0.000297285
0.000297383
0.000297471
0.00029755
0.000297621
0.000297668
0.000287477
0.000288171
0.000288845
0.000289496
0.000290119
0.000290713
0.000291273
0.000291797
0.000292283
0.000292727
0.000293129
0.000293486
0.0002938
0.00029407
0.0002943
0.000294492
0.000294651
0.000294783
0.000294892
0.000294983
0.000295063
0.000295133
0.0002952
0.00029526
0.000295299
0.000286014
0.000286662
0.000287289
0.000287893
0.00028847
0.000289018
0.000289533
0.000290013
0.000290455
0.000290857
0.000291218
0.000291537
0.000291814
0.00029205
0.000292248
0.00029241
0.000292542
0.000292649
0.000292735
0.000292807
0.000292868
0.000292924
0.000292977
0.000293027
0.000293059
0.00028461
0.000285215
0.0002858
0.00028636
0.000286895
0.0002874
0.000287873
0.000288312
0.000288715
0.000289079
0.000289404
0.000289688
0.000289932
0.000290137
0.000290306
0.000290441
0.000290549
0.000290633
0.000290699
0.000290753
0.000290798
0.000290839
0.00029088
0.000290919
0.000290943
0.000283266
0.000283832
0.000284376
0.000284897
0.000285393
0.000285859
0.000286294
0.000286696
0.000287063
0.000287393
0.000287684
0.000287937
0.000288152
0.000288329
0.000288472
0.000288584
0.000288669
0.000288733
0.000288781
0.000288818
0.000288848
0.000288876
0.000288905
0.000288933
0.000288949
0.000281983
0.000282512
0.00028302
0.000283505
0.000283964
0.000284395
0.000284796
0.000285164
0.000285498
0.000285797
0.000286059
0.000286284
0.000286472
0.000286625
0.000286745
0.000286836
0.000286902
0.000286948
0.000286979
0.000287001
0.000287017
0.000287032
0.00028705
0.000287067
0.000287074
0.000280762
0.000281257
0.000281731
0.000282182
0.000282609
0.000283007
0.000283377
0.000283715
0.00028402
0.000284291
0.000284526
0.000284727
0.000284892
0.000285023
0.000285123
0.000285195
0.000285245
0.000285275
0.000285292
0.0002853
0.000285303
0.000285306
0.000285312
0.000285318
0.000285316
0.000279602
0.000280066
0.00028051
0.00028093
0.000281327
0.000281696
0.000282037
0.000282348
0.000282627
0.000282874
0.000283086
0.000283264
0.000283409
0.000283522
0.000283605
0.000283662
0.000283696
0.000283713
0.000283717
0.000283713
0.000283704
0.000283696
0.00028369
0.000283684
0.000283671
0.000278505
0.00027894
0.000279355
0.000279749
0.000280118
0.000280461
0.000280777
0.000281064
0.00028132
0.000281544
0.000281737
0.000281896
0.000282024
0.000282121
0.00028219
0.000282234
0.000282256
0.000282262
0.000282255
0.00028224
0.000282221
0.000282201
0.000282183
0.000282164
0.00028214
0.00027747
0.000277879
0.000278268
0.000278636
0.000278981
0.000279301
0.000279594
0.00027986
0.000280096
0.000280302
0.000280477
0.000280621
0.000280735
0.000280819
0.000280877
0.00028091
0.000280923
0.00028092
0.000280904
0.00028088
0.000280851
0.000280821
0.000280791
0.000280758
0.000280721
0.000276497
0.000276882
0.000277248
0.000277594
0.000277917
0.000278215
0.000278489
0.000278736
0.000278955
0.000279145
0.000279306
0.000279437
0.00027954
0.000279615
0.000279664
0.00027969
0.000279696
0.000279687
0.000279665
0.000279634
0.000279596
0.000279556
0.000279514
0.000279465
0.000279413
0.000275586
0.00027595
0.000276295
0.00027662
0.000276923
0.000277204
0.00027746
0.000277691
0.000277895
0.000278072
0.000278222
0.000278344
0.000278438
0.000278507
0.000278551
0.000278573
0.000278576
0.000278563
0.000278537
0.000278501
0.000278457
0.000278407
0.000278352
0.000278287
0.000278216
0.000274737
0.000275081
0.000275407
0.000275714
0.000276
0.000276264
0.000276506
0.000276723
0.000276916
0.000277083
0.000277224
0.000277339
0.000277429
0.000277494
0.000277536
0.000277558
0.000277561
0.000277549
0.000277523
0.000277485
0.000277436
0.000277378
0.00027731
0.000277224
0.000277133
0.000273949
0.000274275
0.000274584
0.000274875
0.000275146
0.000275397
0.000275626
0.000275832
0.000276015
0.000276175
0.00027631
0.000276421
0.000276509
0.000276574
0.000276619
0.000276644
0.000276652
0.000276644
0.000276622
0.000276586
0.000276535
0.000276471
0.000276389
0.000276282
0.000276164
0.000273221
0.000273532
0.000273826
0.000274102
0.000274361
0.000274599
0.000274818
0.000275016
0.000275192
0.000275346
0.000275478
0.000275589
0.000275678
0.000275747
0.000275797
0.00027583
0.000275848
0.00027585
0.000275837
0.000275807
0.00027576
0.000275691
0.000275597
0.000275464
0.000275316
0.000272554
0.00027285
0.000273131
0.000273395
0.000273642
0.000273871
0.000274081
0.000274272
0.000274443
0.000274594
0.000274726
0.000274839
0.000274933
0.000275009
0.00027507
0.000275116
0.000275148
0.000275166
0.000275169
0.000275154
0.000275115
0.000275048
0.000274942
0.00027478
0.000274594
0.000271946
0.000272229
0.000272499
0.000272752
0.00027299
0.00027321
0.000273414
0.000273599
0.000273767
0.000273918
0.000274052
0.000274169
0.00027427
0.000274358
0.000274434
0.000274498
0.000274551
0.000274593
0.000274621
0.000274629
0.000274609
0.000274551
0.000274438
0.000274244
0.000274012
0.000271396
0.000271668
0.000271928
0.000272172
0.000272402
0.000272615
0.000272813
0.000272996
0.000273162
0.000273314
0.000273451
0.000273575
0.000273688
0.00027379
0.000273884
0.000273972
0.000274054
0.000274129
0.000274193
0.000274238
0.000274252
0.000274216
0.000274105
0.000273877
0.000273589
0.000270903
0.000271167
0.000271417
0.000271654
0.000271876
0.000272085
0.000272279
0.000272459
0.000272625
0.000272779
0.000272921
0.000273054
0.000273179
0.000273299
0.000273417
0.000273535
0.000273654
0.000273772
0.000273887
0.000273986
0.000274053
0.000274062
0.00027397
0.000273712
0.000273358
0.000270468
0.000270723
0.000270966
0.000271196
0.000271413
0.000271617
0.000271808
0.000271986
0.000272153
0.00027231
0.000272459
0.000272601
0.000272741
0.000272881
0.000273025
0.000273178
0.000273341
0.000273515
0.000273696
0.000273873
0.000274024
0.000274113
0.000274074
0.000273802
0.000273383
0.000270088
0.000270336
0.000270573
0.000270797
0.00027101
0.00027121
0.000271398
0.000271576
0.000271744
0.000271904
0.000272058
0.000272211
0.000272365
0.000272526
0.000272699
0.00027289
0.000273105
0.000273347
0.000273614
0.000273897
0.000274173
0.000274397
0.000274473
0.000274234
0.000273777
0.000269763
0.000270006
0.000270237
0.000270457
0.000270665
0.000270862
0.000271048
0.000271225
0.000271393
0.000271556
0.000271716
0.000271877
0.000272045
0.000272226
0.000272427
0.000272659
0.000272929
0.000273248
0.00027362
0.000274044
0.0002745
0.000274941
0.000275238
0.00027514
0.000274746
0.000269493
0.000269731
0.000269958
0.000270174
0.000270379
0.000270573
0.000270757
0.000270932
0.0002711
0.000271264
0.000271428
0.000271596
0.000271774
0.000271971
0.000272198
0.000272466
0.000272792
0.000273192
0.000273683
0.000274277
0.000274979
0.000275751
0.000276443
0.000276717
0.000276644
0.000269275
0.00026951
0.000269733
0.000269946
0.000270148
0.000270339
0.00027052
0.000270693
0.00027086
0.000271023
0.000271188
0.000271358
0.000271542
0.000271749
0.000271993
0.000272289
0.000272659
0.000273132
0.00027374
0.000274524
0.000275523
0.000276759
0.000278143
0.000279373
0.000280389
0.000269105
0.000269337
0.000269558
0.000269768
0.000269967
0.000270155
0.000270333
0.000270502
0.000270666
0.000270826
0.000270987
0.000271154
0.000271336
0.000271543
0.000271789
0.000272094
0.000272484
0.000272997
0.000273688
0.000274634
0.000275946
0.000277754
0.000280269
0.000284016
0.000289179
0.000268986
0.000269217
0.000269436
0.000269644
0.00026984
0.000270025
0.0002702
0.000270365
0.000270524
0.000270679
0.000270835
0.000270996
0.00027117
0.000271369
0.000271606
0.000271902
0.000272286
0.000272803
0.000273523
0.000274562
0.00027611
0.000278454
0.000282298
0.000290445
0.00030701
0.000624048
0.000599225
0.000584225
0.000572607
0.000563103
0.000555067
0.000548011
0.000541632
0.000535738
0.000530201
0.000524927
0.000519842
0.000514894
0.000510041
0.000505252
0.000500501
0.000495773
0.000491054
0.000486334
0.000481607
0.000476869
0.000472116
0.000467347
0.000462561
0.000457758
0.000452938
0.000448102
0.000443251
0.000438385
0.000433506
0.000428615
0.000423714
0.000418802
0.000413882
0.000408955
0.000404022
0.000399084
0.000394141
0.000389196
0.000384249
0.0003793
0.000374351
0.000369403
0.000364455
0.000359509
0.000354565
0.000349625
0.000344687
0.000339754
0.000334825
0.0003299
0.00032498
0.000320066
0.000315157
0.000310254
0.000305357
0.000300466
0.000295581
0.000290703
0.000285831
0.000280966
0.000276107
0.000271255
0.000266409
0.00026157
0.000256738
0.000251912
0.000247093
0.00024228
0.000237474
0.000232674
0.00022788
0.000223092
0.00021831
0.000213534
0.000208764
0.000204
0.000199241
0.000194487
0.000189738
0.000184995
0.000180256
0.000175523
0.000170794
0.000166069
0.000161349
0.000156632
0.00015192
0.000147212
0.000142508
0.000137807
0.000133109
0.000128415
0.000123724
0.000119036
0.000114351
0.000109668
0.000104989
0.000100311
9.5636e-05
9.09631e-05
8.62923e-05
8.16234e-05
7.69563e-05
7.2291e-05
6.76272e-05
6.29649e-05
5.83039e-05
5.36442e-05
4.89857e-05
4.43281e-05
3.96715e-05
3.50157e-05
3.03607e-05
2.57062e-05
2.10524e-05
1.63989e-05
1.17446e-05
7.08891e-06
2.37372e-06
0.000613581
0.000595052
0.000581677
0.000571008
0.000562035
0.00055429
0.000547421
0.000541177
0.000535387
0.00052993
0.000524717
0.00051968
0.000514769
0.000509945
0.000505177
0.000500444
0.000495729
0.00049102
0.000486308
0.000481587
0.000476854
0.000472105
0.00046734
0.000462556
0.000457755
0.000452937
0.000448102
0.000443251
0.000438386
0.000433507
0.000428616
0.000423715
0.000418803
0.000413883
0.000408956
0.000404023
0.000399084
0.000394142
0.000389196
0.000384249
0.0003793
0.000374351
0.000369402
0.000364454
0.000359508
0.000354565
0.000349624
0.000344686
0.000339753
0.000334824
0.000329899
0.000324979
0.000320065
0.000315156
0.000310253
0.000305355
0.000300464
0.00029558
0.000290701
0.000285829
0.000280964
0.000276105
0.000271253
0.000266408
0.000261569
0.000256736
0.000251911
0.000247091
0.000242279
0.000237472
0.000232672
0.000227878
0.000223091
0.000218309
0.000213533
0.000208763
0.000203998
0.000199239
0.000194486
0.000189737
0.000184994
0.000180255
0.000175522
0.000170792
0.000166068
0.000161348
0.000156631
0.000151919
0.000147211
0.000142507
0.000137806
0.000133108
0.000128414
0.000123723
0.000119035
0.00011435
0.000109668
0.000104988
0.000100311
9.56355e-05
9.09626e-05
8.62918e-05
8.1623e-05
7.69559e-05
7.22906e-05
6.76269e-05
6.29646e-05
5.83036e-05
5.3644e-05
4.89854e-05
4.43279e-05
3.96713e-05
3.50156e-05
3.03605e-05
2.57061e-05
2.10522e-05
1.63989e-05
1.17448e-05
7.09005e-06
2.37432e-06
0.000600507
0.00058778
0.000576999
0.000567774
0.000559712
0.000552565
0.000546113
0.000540175
0.000534616
0.000529336
0.000524259
0.000519327
0.000514497
0.000509734
0.000505014
0.000500318
0.000495631
0.000490944
0.00048625
0.000481543
0.00047682
0.000472079
0.00046732
0.000462541
0.000457744
0.000452929
0.000448096
0.000443247
0.000438383
0.000433505
0.000428615
0.000423714
0.000418803
0.000413883
0.000408956
0.000404023
0.000399084
0.000394142
0.000389196
0.000384249
0.0003793
0.000374351
0.000369402
0.000364454
0.000359508
0.000354564
0.000349623
0.000344686
0.000339752
0.000334822
0.000329898
0.000324978
0.000320063
0.000315155
0.000310251
0.000305354
0.000300463
0.000295578
0.0002907
0.000285828
0.000280963
0.000276104
0.000271252
0.000266406
0.000261567
0.000256735
0.000251909
0.00024709
0.000242277
0.000237471
0.000232671
0.000227877
0.000223089
0.000218308
0.000213532
0.000208762
0.000203997
0.000199238
0.000194485
0.000189736
0.000184993
0.000180254
0.000175521
0.000170792
0.000166067
0.000161347
0.000156631
0.000151919
0.000147211
0.000142506
0.000137805
0.000133108
0.000128414
0.000123723
0.000119035
0.00011435
0.000109667
0.000104987
0.00010031
9.56351e-05
9.09622e-05
8.62915e-05
8.16226e-05
7.69556e-05
7.22903e-05
6.76266e-05
6.29643e-05
5.83034e-05
5.36438e-05
4.89853e-05
4.43278e-05
3.96712e-05
3.50155e-05
3.03604e-05
2.5706e-05
2.10522e-05
1.63988e-05
1.1745e-05
7.0899e-06
2.37396e-06
0.000587678
0.000578937
0.000570693
0.000563152
0.000556272
0.000549969
0.000544133
0.000538655
0.000533447
0.000528435
0.000523565
0.000518792
0.000514083
0.000509415
0.000504767
0.000500127
0.000495483
0.00049083
0.000486161
0.000481474
0.000476766
0.000472038
0.000467287
0.000462516
0.000457725
0.000452914
0.000448084
0.000443238
0.000438376
0.0004335
0.000428611
0.000423711
0.000418801
0.000413882
0.000408955
0.000404022
0.000399084
0.000394141
0.000389196
0.000384248
0.0003793
0.00037435
0.000369401
0.000364454
0.000359507
0.000354564
0.000349623
0.000344685
0.000339751
0.000334822
0.000329897
0.000324978
0.000320063
0.000315154
0.000310251
0.000305354
0.000300463
0.000295578
0.000290699
0.000285827
0.000280962
0.000276103
0.000271251
0.000266406
0.000261567
0.000256735
0.000251909
0.00024709
0.000242277
0.000237471
0.000232671
0.000227877
0.000223089
0.000218307
0.000213531
0.000208761
0.000203997
0.000199238
0.000194484
0.000189736
0.000184992
0.000180254
0.00017552
0.000170791
0.000166067
0.000161346
0.00015663
0.000151918
0.00014721
0.000142506
0.000137805
0.000133108
0.000128414
0.000123723
0.000119035
0.000114349
0.000109667
0.000104987
0.00010031
9.56349e-05
9.09621e-05
8.62914e-05
8.16225e-05
7.69555e-05
7.22902e-05
6.76265e-05
6.29643e-05
5.83034e-05
5.36437e-05
4.89852e-05
4.43277e-05
3.96712e-05
3.50154e-05
3.03604e-05
2.5706e-05
2.10521e-05
1.63988e-05
1.1745e-05
7.08968e-06
2.37377e-06
0.000575589
0.000569653
0.000563581
0.000557701
0.000552095
0.000546758
0.000541656
0.000536743
0.000531971
0.000527297
0.000522686
0.000518114
0.00051356
0.00050901
0.000504454
0.000499884
0.000495294
0.000490682
0.000486045
0.000481383
0.000476695
0.000471982
0.000467244
0.000462482
0.000457697
0.000452892
0.000448067
0.000443225
0.000438366
0.000433492
0.000428605
0.000423706
0.000418797
0.000413878
0.000408952
0.00040402
0.000399082
0.00039414
0.000389195
0.000384248
0.000379299
0.00037435
0.000369401
0.000364454
0.000359507
0.000354564
0.000349623
0.000344685
0.000339752
0.000334822
0.000329898
0.000324978
0.000320063
0.000315154
0.000310251
0.000305354
0.000300463
0.000295578
0.0002907
0.000285828
0.000280963
0.000276104
0.000271252
0.000266406
0.000261567
0.000256735
0.000251909
0.00024709
0.000242277
0.000237471
0.000232671
0.000227877
0.000223089
0.000218308
0.000213532
0.000208762
0.000203997
0.000199238
0.000194485
0.000189736
0.000184993
0.000180254
0.000175521
0.000170792
0.000166067
0.000161347
0.000156631
0.000151919
0.000147211
0.000142506
0.000137805
0.000133108
0.000128414
0.000123723
0.000119035
0.00011435
0.000109667
0.000104988
0.00010031
9.56352e-05
9.09623e-05
8.62915e-05
8.16227e-05
7.69557e-05
7.22904e-05
6.76267e-05
6.29644e-05
5.83035e-05
5.36439e-05
4.89854e-05
4.43279e-05
3.96713e-05
3.50155e-05
3.03605e-05
2.57061e-05
2.10522e-05
1.63988e-05
1.1745e-05
7.08955e-06
2.37371e-06
0.000564241
0.000560376
0.000556142
0.000551822
0.0005475
0.000543175
0.000538865
0.000534578
0.000530297
0.000526004
0.000521689
0.000517344
0.000512965
0.00050855
0.000504097
0.000499606
0.000495077
0.000490513
0.000485913
0.000481278
0.000476612
0.000471916
0.000467191
0.00046244
0.000457664
0.000452865
0.000448046
0.000443207
0.000438352
0.000433481
0.000428596
0.000423699
0.000418791
0.000413874
0.000408949
0.000404017
0.00039908
0.000394139
0.000389194
0.000384247
0.000379299
0.00037435
0.000369401
0.000364454
0.000359508
0.000354565
0.000349624
0.000344686
0.000339753
0.000334824
0.000329899
0.000324979
0.000320065
0.000315156
0.000310253
0.000305356
0.000300465
0.00029558
0.000290701
0.00028583
0.000280964
0.000276105
0.000271253
0.000266408
0.000261569
0.000256737
0.000251911
0.000247092
0.000242279
0.000237473
0.000232673
0.000227879
0.000223091
0.000218309
0.000213533
0.000208763
0.000203999
0.000199239
0.000194486
0.000189737
0.000184994
0.000180255
0.000175522
0.000170793
0.000166068
0.000161348
0.000156632
0.00015192
0.000147211
0.000142507
0.000137806
0.000133109
0.000128415
0.000123724
0.000119036
0.00011435
0.000109668
0.000104988
0.000100311
9.56357e-05
9.09628e-05
8.6292e-05
8.16232e-05
7.69562e-05
7.22908e-05
6.76271e-05
6.29648e-05
5.83039e-05
5.36442e-05
4.89856e-05
4.43281e-05
3.96715e-05
3.50158e-05
3.03607e-05
2.57062e-05
2.10523e-05
1.63989e-05
1.17449e-05
7.08952e-06
2.37377e-06
0.000553544
0.000551299
0.000548672
0.000545815
0.000542737
0.000539428
0.000535946
0.000532316
0.000528547
0.000524653
0.000520645
0.000516537
0.000512341
0.000508065
0.00050372
0.000499312
0.000494847
0.000490331
0.000485769
0.000481165
0.000476522
0.000471844
0.000467133
0.000462393
0.000457626
0.000452835
0.000448021
0.000443187
0.000438335
0.000433467
0.000428585
0.00042369
0.000418784
0.000413868
0.000408945
0.000404014
0.000399078
0.000394137
0.000389193
0.000384246
0.000379299
0.00037435
0.000369402
0.000364455
0.000359509
0.000354566
0.000349625
0.000344688
0.000339755
0.000334826
0.000329901
0.000324982
0.000320067
0.000315158
0.000310255
0.000305358
0.000300467
0.000295582
0.000290704
0.000285832
0.000280967
0.000276108
0.000271256
0.00026641
0.000261572
0.000256739
0.000251914
0.000247094
0.000242282
0.000237475
0.000232675
0.000227881
0.000223093
0.000218311
0.000213536
0.000208765
0.000204001
0.000199242
0.000194488
0.000189739
0.000184996
0.000180257
0.000175524
0.000170794
0.00016607
0.000161349
0.000156633
0.000151921
0.000147213
0.000142508
0.000137808
0.00013311
0.000128416
0.000123725
0.000119037
0.000114352
0.000109669
0.000104989
0.000100312
9.56366e-05
9.09637e-05
8.62928e-05
8.16239e-05
7.69569e-05
7.22915e-05
6.76277e-05
6.29654e-05
5.83044e-05
5.36447e-05
4.89861e-05
4.43286e-05
3.96719e-05
3.50161e-05
3.0361e-05
2.57065e-05
2.10525e-05
1.63991e-05
1.17451e-05
7.08959e-06
2.37379e-06
0.000543441
0.00054254
0.000541403
0.000539931
0.00053805
0.000535758
0.000533097
0.000530113
0.000526846
0.00052334
0.000519631
0.000515753
0.000511733
0.000507593
0.000503351
0.000499023
0.000494619
0.000490151
0.000485626
0.000481051
0.00047643
0.00047177
0.000467073
0.000462344
0.000457586
0.000452802
0.000447994
0.000443165
0.000438317
0.000433453
0.000428573
0.00042368
0.000418776
0.000413862
0.000408939
0.00040401
0.000399075
0.000394135
0.000389192
0.000384246
0.000379298
0.000374351
0.000369403
0.000364456
0.000359511
0.000354568
0.000349627
0.000344691
0.000339757
0.000334828
0.000329904
0.000324985
0.00032007
0.000315162
0.000310259
0.000305362
0.000300471
0.000295586
0.000290708
0.000285836
0.000280971
0.000276112
0.00027126
0.000266414
0.000261575
0.000256743
0.000251917
0.000247098
0.000242285
0.000237479
0.000232678
0.000227884
0.000223097
0.000218315
0.000213539
0.000208768
0.000204004
0.000199244
0.000194491
0.000189742
0.000184999
0.00018026
0.000175526
0.000170797
0.000166072
0.000161352
0.000156635
0.000151923
0.000147215
0.00014251
0.000137809
0.000133112
0.000128418
0.000123726
0.000119038
0.000114353
0.00010967
0.00010499
0.000100313
9.56378e-05
9.09648e-05
8.62939e-05
8.16249e-05
7.69578e-05
7.22924e-05
6.76285e-05
6.29661e-05
5.83051e-05
5.36453e-05
4.89867e-05
4.43291e-05
3.96724e-05
3.50165e-05
3.03614e-05
2.57068e-05
2.10528e-05
1.63993e-05
1.17453e-05
7.08975e-06
2.37378e-06
0.000533907
0.0005342
0.000534552
0.000534463
0.000533747
0.000532412
0.000530514
0.000528123
0.000525314
0.000522159
0.000518719
0.000515046
0.000511183
0.000507164
0.000503015
0.000498758
0.000494409
0.000489984
0.000485492
0.000480943
0.000476343
0.000471699
0.000467015
0.000462297
0.000457547
0.00045277
0.000447967
0.000443143
0.000438299
0.000433437
0.00042856
0.00042367
0.000418767
0.000413855
0.000408934
0.000404006
0.000399071
0.000394132
0.00038919
0.000384245
0.000379298
0.000374351
0.000369404
0.000364457
0.000359513
0.00035457
0.00034963
0.000344693
0.00033976
0.000334832
0.000329908
0.000324988
0.000320074
0.000315166
0.000310263
0.000305366
0.000300475
0.00029559
0.000290712
0.00028584
0.000280975
0.000276116
0.000271264
0.000266418
0.000261579
0.000256747
0.000251921
0.000247102
0.000242289
0.000237483
0.000232682
0.000227888
0.0002231
0.000218318
0.000213542
0.000208772
0.000204007
0.000199248
0.000194494
0.000189745
0.000185002
0.000180263
0.000175529
0.0001708
0.000166075
0.000161354
0.000156638
0.000151926
0.000147217
0.000142513
0.000137812
0.000133114
0.00012842
0.000123728
0.00011904
0.000114355
0.000109672
0.000104992
0.000100315
9.56393e-05
9.09662e-05
8.62952e-05
8.16262e-05
7.69589e-05
7.22934e-05
6.76295e-05
6.2967e-05
5.8306e-05
5.36461e-05
4.89874e-05
4.43297e-05
3.9673e-05
3.5017e-05
3.03618e-05
2.57072e-05
2.10531e-05
1.63996e-05
1.17456e-05
7.08999e-06
2.37387e-06
0.00052487
0.000526333
0.000528352
0.000529696
0.000530094
0.000529623
0.000528387
0.000526499
0.000524069
0.000521201
0.000517979
0.000514471
0.000510734
0.00050681
0.000502735
0.000498535
0.000494231
0.00048984
0.000485376
0.000480848
0.000476265
0.000471634
0.000466962
0.000462252
0.00045751
0.000452739
0.000447941
0.000443121
0.00043828
0.000433422
0.000428547
0.000423659
0.000418758
0.000413848
0.000408928
0.000404001
0.000399068
0.00039413
0.000389188
0.000384244
0.000379298
0.000374351
0.000369405
0.000364459
0.000359514
0.000354572
0.000349633
0.000344696
0.000339764
0.000334835
0.000329911
0.000324992
0.000320078
0.00031517
0.000310267
0.00030537
0.00030048
0.000295595
0.000290717
0.000285845
0.00028098
0.000276121
0.000271269
0.000266423
0.000261584
0.000256752
0.000251926
0.000247107
0.000242294
0.000237487
0.000232687
0.000227893
0.000223105
0.000218323
0.000213547
0.000208776
0.000204011
0.000199252
0.000194498
0.000189749
0.000185005
0.000180266
0.000175532
0.000170803
0.000166078
0.000161357
0.000156641
0.000151929
0.00014722
0.000142515
0.000137814
0.000133116
0.000128422
0.000123731
0.000119042
0.000114357
0.000109674
0.000104994
0.000100316
9.56409e-05
9.09677e-05
8.62966e-05
8.16275e-05
7.69602e-05
7.22946e-05
6.76306e-05
6.29681e-05
5.83069e-05
5.3647e-05
4.89882e-05
4.43305e-05
3.96736e-05
3.50176e-05
3.03623e-05
2.57076e-05
2.10535e-05
1.63999e-05
1.17458e-05
7.09031e-06
2.37409e-06
0.000515703
0.000518704
0.000523
0.000525901
0.000527336
0.0005276
0.00052689
0.000525377
0.000523219
0.000520548
0.000517472
0.000514074
0.00051042
0.00050656
0.000502533
0.000498371
0.000494097
0.00048973
0.000485285
0.000480772
0.000476202
0.000471581
0.000466917
0.000462215
0.000457478
0.000452711
0.000447918
0.000443101
0.000438264
0.000433407
0.000428535
0.000423649
0.00041875
0.00041384
0.000408922
0.000403996
0.000399064
0.000394127
0.000389186
0.000384243
0.000379298
0.000374351
0.000369405
0.00036446
0.000359516
0.000354574
0.000349635
0.000344699
0.000339767
0.000334839
0.000329915
0.000324996
0.000320082
0.000315174
0.000310272
0.000305375
0.000300484
0.0002956
0.000290722
0.00028585
0.000280985
0.000276126
0.000271274
0.000266428
0.000261589
0.000256757
0.000251931
0.000247112
0.000242299
0.000237492
0.000232692
0.000227897
0.000223109
0.000218327
0.000213551
0.00020878
0.000204015
0.000199256
0.000194502
0.000189753
0.000185009
0.00018027
0.000175536
0.000170806
0.000166081
0.000161361
0.000156644
0.000151932
0.000147223
0.000142518
0.000137817
0.000133119
0.000128424
0.000123733
0.000119044
0.000114359
0.000109676
0.000104996
0.000100318
9.56425e-05
9.09693e-05
8.62981e-05
8.16289e-05
7.69615e-05
7.22958e-05
6.76317e-05
6.29691e-05
5.83079e-05
5.36479e-05
4.8989e-05
4.43312e-05
3.96743e-05
3.50182e-05
3.03628e-05
2.57081e-05
2.10539e-05
1.64001e-05
1.17457e-05
7.09056e-06
2.37448e-06
0.000504868
0.000511833
0.000519358
0.000523577
0.00052574
0.000526496
0.000526112
0.000524814
0.0005228
0.000520229
0.000517223
0.000513875
0.000510258
0.000506426
0.000502422
0.000498279
0.00049402
0.000489664
0.000485228
0.000480724
0.000476161
0.000471546
0.000466887
0.000462188
0.000457455
0.000452692
0.000447901
0.000443087
0.000438251
0.000433397
0.000428526
0.000423641
0.000418743
0.000413835
0.000408917
0.000403992
0.000399061
0.000394125
0.000389185
0.000384242
0.000379297
0.000374351
0.000369406
0.000364461
0.000359517
0.000354576
0.000349637
0.000344701
0.000339769
0.000334841
0.000329918
0.000324999
0.000320086
0.000315178
0.000310275
0.000305379
0.000300488
0.000295604
0.000290725
0.000285854
0.000280989
0.00027613
0.000271278
0.000266432
0.000261593
0.000256761
0.000251935
0.000247115
0.000242302
0.000237496
0.000232695
0.000227901
0.000223113
0.000218331
0.000213554
0.000208784
0.000204019
0.000199259
0.000194505
0.000189756
0.000185012
0.000180273
0.000175539
0.000170809
0.000166084
0.000161363
0.000156646
0.000151934
0.000147225
0.00014252
0.000137819
0.000133121
0.000128426
0.000123735
0.000119046
0.00011436
0.000109678
0.000104997
0.000100319
9.56438e-05
9.09705e-05
8.62993e-05
8.163e-05
7.69625e-05
7.22968e-05
6.76326e-05
6.29699e-05
5.83086e-05
5.36486e-05
4.89896e-05
4.43318e-05
3.96748e-05
3.50187e-05
3.03632e-05
2.57084e-05
2.10542e-05
1.64003e-05
1.17456e-05
7.08948e-06
2.3739e-06
)
;

boundaryField
{
    frontWall
    {
        type            empty;
    }
    backWall
    {
        type            empty;
    }
    sideWall
    {
        type            zeroGradient;
    }
    outlet
    {
        type            fixedValue;
        value           uniform 0;
    }
    inlet
    {
        type            zeroGradient;
    }
}


// ************************************************************************* //
