/*--------------------------------*- C++ -*----------------------------------*\
  =========                 |
  \\      /  F ield         | OpenFOAM: The Open Source CFD Toolbox
   \\    /   O peration     | Website:  https://openfoam.org
    \\  /    A nd           | Version:  13
     \\/     M anipulation  |
\*---------------------------------------------------------------------------*/
FoamFile
{
    format      ascii;
    class       volScalarField;
    location    "12";
    object      p;
}
// * * * * * * * * * * * * * * * * * * * * * * * * * * * * * * * * * * * * * //

dimensions      [0 2 -2 0 0 0 0];

internalField   nonuniform List<scalar> 
6440
(
0.000425867
0.000425856
0.000425809
0.000425736
0.00042565
0.000425572
0.000425526
0.000425538
0.000425636
0.000425845
0.000426189
0.000426686
0.000427342
0.000428157
0.000429119
0.000430205
0.000431383
0.000432618
0.000433879
0.00043514
0.00043639
0.000437629
0.000438828
0.000439998
0.000441008
0.000425996
0.000425969
0.000425893
0.000425775
0.000425625
0.000425458
0.000425297
0.000425165
0.00042509
0.0004251
0.000425226
0.000425496
0.000425936
0.000426562
0.000427389
0.000428419
0.000429649
0.000431068
0.000432654
0.000434383
0.000436233
0.000438179
0.00044014
0.000442041
0.000443729
0.000426263
0.000426207
0.000426087
0.000425903
0.000425663
0.000425383
0.000425083
0.000424788
0.000424526
0.000424333
0.000424247
0.000424304
0.000424545
0.000425005
0.000425717
0.000426706
0.000427987
0.000429563
0.000431417
0.000433521
0.000435838
0.000438321
0.000440849
0.000443243
0.000445262
0.000426732
0.000426647
0.000426479
0.000426228
0.000425899
0.000425511
0.000425085
0.000424647
0.000424227
0.000423865
0.000423606
0.000423493
0.000423577
0.000423906
0.000424527
0.000425479
0.00042679
0.000428469
0.000430504
0.000432854
0.000435475
0.00043831
0.00044122
0.00044396
0.000446227
0.000427458
0.000427346
0.000427134
0.000426818
0.000426407
0.000425919
0.000425378
0.000424811
0.000424252
0.000423741
0.000423326
0.000423058
0.000422994
0.000423197
0.000423714
0.000424598
0.000425889
0.000427603
0.000429725
0.000432221
0.000435041
0.000438123
0.000441326
0.000444363
0.00044687
0.000428465
0.000428328
0.000428073
0.000427696
0.000427206
0.000426625
0.000425977
0.000425289
0.000424599
0.000423948
0.000423386
0.000422968
0.000422752
0.000422801
0.000423178
0.000423953
0.000425165
0.000426841
0.000428979
0.000431548
0.000434503
0.000437779
0.000441239
0.000444557
0.000447303
0.000429755
0.000429594
0.0004293
0.000428866
0.000428303
0.000427633
0.000426881
0.000426078
0.000425261
0.000424474
0.000423765
0.000423192
0.000422814
0.000422695
0.000422904
0.000423507
0.000424584
0.000426159
0.000428248
0.000430836
0.000433882
0.000437328
0.000441034
0.000444633
0.000447619
0.000431319
0.000431136
0.000430806
0.00043032
0.000429687
0.000428931
0.000428081
0.000427166
0.000426227
0.000425304
0.000424448
0.000423715
0.000423164
0.000422862
0.000422878
0.000423284
0.000424156
0.000425576
0.00042756
0.000430115
0.000433219
0.000436823
0.00044076
0.000444639
0.000447872
0.000433141
0.000432939
0.000432577
0.000432043
0.000431348
0.000430512
0.000429568
0.000428546
0.000427486
0.00042643
0.000425426
0.00042453
0.000423801
0.000423303
0.000423107
0.000423289
0.000423931
0.000425133
0.000426954
0.000429421
0.000432536
0.000436255
0.000440419
0.000444588
0.000448079
0.000435201
0.000434984
0.000434595
0.00043402
0.000433271
0.000432367
0.000431335
0.000430212
0.000429036
0.000427849
0.000426698
0.000425638
0.000424726
0.000424026
0.000423606
0.000423544
0.000423933
0.00042488
0.000426476
0.000428786
0.00043185
0.000435647
0.000440034
0.000444486
0.000448239
0.000437473
0.000437247
0.00043684
0.000436233
0.00043544
0.00043448
0.000433376
0.000432164
0.000430882
0.00042957
0.000428274
0.00042705
0.000425954
0.000425045
0.000424394
0.000424078
0.000424198
0.000424853
0.000426163
0.000428244
0.000431186
0.000435007
0.000439562
0.0004443
0.00044832
0.00043993
0.0004397
0.000439284
0.00043866
0.00043784
0.000436839
0.000435684
0.000434403
0.00043303
0.000431606
0.000430174
0.000428794
0.000427512
0.000426394
0.000425506
0.000424921
0.000424734
0.00042506
0.000426047
0.000427832
0.00043056
0.000434317
0.000438989
0.000443978
0.000448254
0.000442539
0.000442313
0.0004419
0.000441274
0.000440447
0.000439431
0.000438254
0.000436929
0.000435501
0.000433995
0.000432447
0.000430907
0.000429432
0.000428089
0.000426946
0.000426079
0.00042558
0.000425562
0.000426169
0.000427574
0.000429987
0.000433562
0.000438247
0.000443432
0.000447938
0.000445263
0.000445049
0.000444651
0.000444044
0.000443235
0.000442241
0.000441077
0.000439753
0.000438297
0.000436735
0.000435097
0.000433427
0.000431769
0.000430197
0.000428785
0.000427614
0.000426774
0.000426378
0.000426573
0.000427543
0.000429506
0.000432709
0.000437253
0.000442529
0.000447229
0.000448059
0.000447866
0.000447498
0.000446926
0.000446168
0.000445238
0.000444127
0.000442849
0.00044142
0.000439858
0.000438184
0.000436424
0.000434614
0.000432818
0.000431126
0.000429622
0.000428403
0.000427581
0.000427299
0.000427738
0.000429116
0.000431743
0.000435896
0.000441112
0.000445929
0.000450883
0.000450718
0.000450389
0.000449881
0.000449209
0.000448349
0.000447316
0.00044612
0.000444768
0.000443269
0.000441634
0.000439879
0.000438024
0.000436077
0.000434118
0.000432274
0.000430631
0.000429308
0.000428449
0.000428204
0.000428805
0.00043062
0.000434054
0.000438946
0.000443732
0.000453686
0.000453553
0.000453286
0.000452864
0.000452274
0.000451526
0.000450623
0.000449566
0.000448358
0.000446998
0.000445486
0.000443824
0.000442013
0.00044006
0.000437948
0.000435813
0.000433743
0.000431844
0.000430269
0.000429184
0.00042874
0.000429363
0.000431608
0.000435622
0.000440131
0.000456422
0.000456331
0.000456133
0.0004558
0.000455331
0.000454732
0.000454001
0.000453137
0.000452137
0.000450995
0.000449702
0.000448248
0.000446619
0.000444805
0.000442792
0.000440494
0.000438091
0.000435631
0.000433224
0.000430914
0.000428945
0.000427805
0.000428189
0.000430634
0.000434383
0.000459049
0.000459003
0.000458879
0.00045865
0.000458321
0.000457893
0.000457364
0.000456731
0.000455988
0.000455125
0.000454129
0.000452981
0.00045166
0.000450132
0.000448361
0.000446258
0.000443755
0.000440933
0.00043777
0.000434222
0.000430471
0.000426907
0.000424405
0.000423937
0.000425518
0.000461531
0.000461525
0.000461469
0.000461342
0.000461146
0.000460883
0.00046055
0.000460145
0.000459659
0.000459081
0.000458396
0.000457582
0.000456611
0.000455445
0.000454034
0.000452316
0.000450091
0.000447268
0.000443757
0.000439378
0.000434149
0.00042799
0.000421302
0.000415359
0.00040992
0.00046385
0.000463868
0.000463851
0.00046378
0.000463657
0.000463481
0.000463251
0.000462962
0.000462605
0.000462169
0.000461636
0.000460983
0.00046018
0.000459184
0.00045794
0.000456374
0.000454391
0.000451732
0.000448133
0.000443668
0.000438056
0.000430862
0.000421131
0.000406216
0.000378847
0.000466054
0.000466076
0.000466062
0.000465995
0.000465875
0.000465701
0.000465472
0.000465183
0.000464825
0.000464388
0.000463852
0.000463194
0.000462383
0.000461373
0.00046011
0.000458515
0.000456485
0.000453862
0.000450441
0.000446043
0.000440431
0.000433069
0.000422964
0.000408276
0.000386722
0.000468154
0.000468175
0.000468159
0.000468086
0.000467957
0.00046777
0.000467525
0.000467215
0.000466833
0.000466368
0.000465802
0.00046511
0.000464262
0.000463215
0.000461912
0.000460283
0.000458231
0.000455634
0.000452337
0.000448165
0.000442872
0.000436078
0.000427218
0.000415659
0.000401415
0.000470153
0.000470174
0.000470157
0.000470079
0.000469943
0.000469748
0.000469491
0.000469168
0.000468773
0.000468293
0.000467712
0.00046701
0.000466154
0.000465107
0.000463819
0.000462228
0.000460254
0.000457802
0.000454758
0.000450991
0.000446338
0.0004406
0.000433589
0.000425301
0.000416387
0.000472053
0.000472076
0.000472059
0.000471981
0.000471845
0.000471649
0.000471392
0.00047107
0.000470677
0.000470203
0.000469635
0.000468952
0.000468129
0.000467132
0.00046592
0.000464443
0.000462642
0.000460448
0.000457787
0.000454582
0.000450758
0.000446261
0.000441122
0.000435584
0.000430288
0.000473858
0.000473882
0.000473868
0.000473795
0.000473663
0.000473474
0.000473227
0.000472918
0.000472543
0.000472095
0.000471561
0.000470925
0.000470167
0.00046926
0.000468172
0.000466867
0.000465304
0.000463441
0.00046124
0.000458671
0.000455726
0.000452442
0.000448948
0.000445534
0.000442712
0.000475569
0.000475596
0.000475587
0.000475521
0.0004754
0.000475224
0.000474995
0.00047471
0.000474367
0.000473959
0.000473478
0.000472912
0.000472245
0.000471457
0.000470527
0.000469431
0.000468145
0.000466651
0.000464937
0.00046301
0.000460905
0.000458704
0.000456566
0.000454758
0.000453666
0.000477189
0.000477219
0.000477216
0.000477161
0.000477054
0.000476898
0.000476695
0.000476443
0.000476141
0.000475787
0.000475373
0.000474893
0.000474335
0.000473687
0.000472936
0.000472069
0.000471078
0.00046996
0.000468725
0.000467404
0.000466052
0.000464771
0.000463716
0.000463111
0.000463248
0.000478718
0.000478752
0.000478757
0.000478714
0.000478626
0.000478495
0.000478322
0.000478111
0.000477859
0.000477567
0.000477232
0.000476848
0.000476411
0.000475915
0.000475352
0.000474721
0.000474024
0.00047327
0.000472484
0.000471707
0.000471006
0.000470483
0.000470276
0.00047057
0.000471582
0.000480158
0.000480196
0.00048021
0.000480182
0.000480114
0.000480011
0.000479875
0.000479708
0.000479513
0.000479289
0.000479039
0.000478759
0.000478449
0.000478107
0.000477734
0.000477335
0.000476918
0.000476503
0.000476121
0.000475819
0.000475665
0.000475753
0.000476203
0.000477163
0.000478797
0.000481508
0.00048155
0.000481574
0.000481562
0.000481517
0.000481445
0.000481348
0.00048123
0.000481094
0.000480943
0.00048078
0.000480606
0.000480424
0.000480235
0.000480046
0.000479866
0.000479709
0.0004796
0.000479572
0.000479674
0.00047997
0.000480544
0.000481496
0.000482943
0.000485012
0.000482768
0.000482815
0.000482849
0.000482854
0.000482834
0.000482793
0.000482737
0.000482669
0.000482595
0.000482518
0.000482443
0.000482373
0.000482315
0.000482273
0.000482257
0.000482279
0.000482357
0.000482516
0.000482792
0.000483231
0.000483891
0.000484844
0.000486174
0.000487973
0.000490338
0.000483939
0.00048399
0.000484034
0.000484056
0.000484061
0.000484054
0.000484039
0.000484022
0.000484008
0.000484004
0.000484015
0.000484046
0.000484106
0.000484201
0.000484343
0.000484547
0.000484831
0.000485222
0.000485754
0.000486469
0.000487418
0.000488663
0.000490271
0.000492316
0.000494874
0.000485019
0.000485074
0.000485129
0.000485169
0.000485198
0.000485223
0.000485249
0.000485282
0.000485328
0.000485394
0.000485487
0.000485613
0.000485782
0.000486002
0.000486287
0.000486651
0.000487113
0.000487701
0.000488443
0.00048938
0.000490554
0.000492017
0.000493825
0.000496036
0.000498708
0.000486009
0.000486068
0.000486133
0.00048619
0.000486244
0.0004863
0.000486366
0.000486447
0.000486549
0.000486681
0.00048685
0.000487064
0.000487332
0.000487665
0.000488075
0.000488577
0.000489191
0.000489941
0.000490854
0.000491965
0.00049331
0.000494933
0.000496878
0.000499192
0.000501917
0.000486909
0.000486972
0.000487046
0.000487119
0.000487196
0.000487283
0.000487386
0.000487512
0.000487668
0.000487861
0.0004881
0.000488393
0.00048875
0.000489181
0.000489699
0.000490319
0.000491059
0.00049194
0.000492989
0.000494232
0.000495704
0.000497438
0.00049947
0.000501837
0.000504572
0.000487718
0.000487784
0.000487867
0.000487955
0.000488054
0.00048817
0.000488309
0.000488476
0.000488681
0.00048893
0.000489232
0.000489595
0.000490029
0.000490545
0.000491155
0.000491872
0.000492715
0.000493701
0.000494853
0.000496195
0.000497755
0.000499561
0.000501641
0.000504024
0.000506735
0.000488438
0.000488507
0.000488598
0.0004887
0.00048882
0.000488962
0.000489132
0.000489338
0.000489587
0.000489886
0.000490243
0.000490668
0.000491169
0.000491756
0.000492442
0.000493239
0.000494162
0.000495228
0.000496457
0.000497869
0.000499486
0.000501332
0.000503429
0.000505798
0.000508459
0.000489069
0.00048914
0.000489239
0.000489354
0.000489492
0.000489657
0.000489857
0.000490098
0.000490385
0.000490728
0.000491134
0.000491611
0.000492168
0.000492815
0.000493562
0.000494421
0.000495406
0.000496532
0.000497814
0.000499271
0.00050092
0.00050278
0.000504868
0.000507202
0.000509795
0.000489612
0.000489686
0.00048979
0.000489917
0.000490071
0.000490259
0.000490484
0.000490755
0.000491077
0.000491458
0.000491904
0.000492425
0.000493028
0.000493723
0.000494518
0.000495425
0.000496456
0.000497622
0.000498939
0.000500419
0.000502079
0.000503933
0.000505994
0.000508275
0.000510786
0.000490069
0.000490145
0.000490255
0.000490392
0.000490561
0.000490766
0.000491015
0.000491311
0.000491663
0.000492075
0.000492557
0.000493113
0.000493753
0.000494485
0.000495317
0.000496258
0.000497319
0.000498511
0.000499845
0.000501333
0.000502987
0.000504818
0.000506837
0.000509053
0.000511473
0.000490443
0.000490519
0.000490634
0.00049078
0.000490961
0.000491183
0.000491451
0.000491769
0.000492145
0.000492585
0.000493093
0.000493679
0.000494347
0.000495106
0.000495964
0.000496928
0.000498007
0.000499211
0.000500548
0.00050203
0.000503664
0.00050546
0.000507426
0.000509568
0.00051189
0.000490734
0.000490812
0.00049093
0.000491083
0.000491275
0.000491511
0.000491794
0.000492132
0.000492528
0.000492988
0.000493519
0.000494126
0.000494815
0.000495593
0.000496467
0.000497443
0.00049853
0.000499735
0.000501065
0.000502528
0.000504132
0.000505883
0.000507787
0.000509848
0.000512069
0.000490947
0.000491025
0.000491146
0.000491305
0.000491505
0.000491752
0.000492049
0.000492401
0.000492813
0.00049329
0.000493837
0.000494459
0.000495163
0.000495952
0.000496834
0.000497815
0.0004989
0.000500096
0.000501409
0.000502845
0.00050441
0.000506109
0.000507945
0.000509922
0.00051204
0.000491084
0.000491162
0.000491285
0.000491448
0.000491655
0.000491911
0.000492219
0.000492582
0.000493006
0.000493495
0.000494053
0.000494685
0.000495396
0.000496191
0.000497074
0.000498051
0.000499127
0.000500307
0.000501595
0.000502997
0.000504517
0.000506158
0.000507923
0.000509812
0.000511826
0.000491147
0.000491225
0.000491349
0.000491516
0.000491728
0.000491991
0.000492306
0.000492678
0.000493111
0.000493607
0.000494173
0.00049481
0.000495523
0.000496317
0.000497196
0.000498163
0.000499223
0.000500381
0.000501639
0.000503001
0.000504471
0.00050605
0.00050774
0.000509542
0.000511453
0.000491141
0.000491218
0.000491342
0.000491511
0.000491728
0.000491995
0.000492316
0.000492693
0.000493131
0.000493633
0.0004942
0.000494839
0.00049555
0.000496338
0.000497207
0.00049816
0.000499199
0.000500329
0.000501552
0.000502871
0.000504287
0.000505802
0.000507417
0.00050913
0.00051094
0.000491068
0.000491144
0.000491269
0.000491439
0.000491657
0.000491927
0.000492252
0.000492633
0.000493073
0.000493576
0.000494143
0.000494778
0.000495483
0.000496262
0.000497117
0.000498051
0.000499065
0.000500164
0.000501348
0.00050262
0.00050398
0.00050543
0.000506968
0.000508594
0.000510305
0.000490933
0.000491007
0.000491131
0.000491301
0.000491521
0.000491793
0.000492118
0.0004925
0.000492941
0.000493442
0.000494006
0.000494635
0.000495331
0.000496096
0.000496934
0.000497845
0.000498832
0.000499896
0.000501039
0.000502262
0.000503565
0.000504948
0.000506411
0.000507951
0.000509566
0.000490738
0.000490811
0.000490934
0.000491104
0.000491323
0.000491595
0.00049192
0.000492301
0.000492739
0.000493237
0.000493794
0.000494414
0.000495099
0.000495848
0.000496666
0.000497552
0.000498508
0.000499536
0.000500636
0.000501809
0.000503054
0.000504371
0.000505759
0.000507216
0.000508738
0.000490489
0.00049056
0.000490681
0.000490849
0.000491068
0.000491338
0.000491662
0.00049204
0.000492474
0.000492965
0.000493515
0.000494124
0.000494794
0.000495525
0.00049632
0.000497179
0.000498103
0.000499093
0.000500149
0.000501271
0.000502458
0.00050371
0.000505025
0.0005064
0.000507833
0.000490187
0.000490257
0.000490376
0.000490542
0.000490759
0.000491027
0.000491347
0.000491721
0.00049215
0.000492633
0.000493173
0.000493769
0.000494423
0.000495134
0.000495905
0.000496736
0.000497626
0.000498577
0.000499588
0.000500659
0.000501789
0.000502977
0.000504221
0.000505517
0.000506864
0.000489838
0.000489906
0.000490022
0.000490186
0.0004904
0.000490665
0.000490981
0.00049135
0.000491771
0.000492246
0.000492774
0.000493356
0.000493992
0.000494682
0.000495428
0.000496229
0.000497085
0.000497996
0.000498963
0.000499983
0.000501057
0.000502182
0.000503356
0.000504577
0.000505842
0.000489445
0.000489511
0.000489625
0.000489786
0.000489996
0.000490257
0.000490568
0.000490931
0.000491344
0.000491808
0.000492323
0.00049289
0.000493507
0.000494175
0.000494895
0.000495665
0.000496487
0.000497359
0.000498281
0.000499251
0.00050027
0.000501333
0.000502441
0.000503589
0.000504776
0.000489012
0.000489075
0.000489186
0.000489344
0.000489551
0.000489807
0.000490112
0.000490467
0.000490871
0.000491325
0.000491826
0.000492376
0.000492974
0.000493619
0.000494312
0.000495052
0.000495839
0.000496672
0.00049755
0.000498472
0.000499436
0.000500441
0.000501484
0.000502563
0.000503674
0.000488542
0.000488603
0.000488711
0.000488865
0.000489068
0.000489319
0.000489618
0.000489965
0.000490359
0.0004908
0.000491288
0.000491821
0.000492398
0.00049302
0.000493687
0.000494396
0.000495148
0.000495942
0.000496777
0.000497652
0.000498564
0.000499512
0.000500493
0.000501506
0.000502546
0.00048804
0.000488098
0.000488203
0.000488353
0.000488551
0.000488796
0.000489088
0.000489427
0.000489811
0.00049024
0.000490713
0.000491228
0.000491785
0.000492384
0.000493023
0.000493703
0.000494421
0.000495177
0.00049597
0.000496798
0.00049766
0.000498553
0.000499476
0.000500425
0.000501397
0.000487507
0.000487563
0.000487665
0.000487812
0.000488004
0.000488244
0.000488529
0.000488858
0.000489232
0.000489648
0.000490105
0.000490603
0.00049114
0.000491715
0.000492328
0.000492977
0.000493662
0.000494381
0.000495133
0.000495917
0.00049673
0.000497571
0.000498437
0.000499326
0.000500235
0.000486949
0.000487003
0.000487101
0.000487244
0.000487432
0.000487665
0.000487942
0.000488263
0.000488625
0.000489028
0.000489471
0.000489951
0.000490467
0.000491019
0.000491606
0.000492226
0.000492878
0.000493561
0.000494273
0.000495014
0.000495781
0.000496571
0.000497384
0.000498216
0.000499064
0.000486368
0.000486419
0.000486514
0.000486653
0.000486836
0.000487062
0.000487332
0.000487644
0.000487995
0.000488385
0.000488812
0.000489275
0.000489771
0.0004903
0.000490861
0.000491452
0.000492072
0.000492721
0.000493395
0.000494095
0.000494817
0.00049556
0.000496321
0.000497099
0.00049789
0.000485767
0.000485816
0.000485908
0.000486043
0.00048622
0.000486441
0.000486703
0.000487005
0.000487345
0.000487722
0.000488134
0.000488579
0.000489056
0.000489563
0.000490098
0.000490662
0.000491251
0.000491866
0.000492504
0.000493164
0.000493843
0.000494541
0.000495254
0.00049598
0.000496717
0.00048515
0.000485197
0.000485286
0.000485416
0.000485589
0.000485803
0.000486057
0.00048635
0.000486679
0.000487044
0.000487441
0.000487869
0.000488326
0.000488811
0.000489322
0.000489858
0.000490418
0.000491
0.000491603
0.000492225
0.000492864
0.000493519
0.000494186
0.000494864
0.00049555
0.000484519
0.000484565
0.00048465
0.000484777
0.000484944
0.000485152
0.000485399
0.000485682
0.000486001
0.000486352
0.000486735
0.000487146
0.000487584
0.000488048
0.000488536
0.000489046
0.000489577
0.000490129
0.000490698
0.000491284
0.000491884
0.000492498
0.000493122
0.000493754
0.000494392
0.000483878
0.000483922
0.000484005
0.000484127
0.00048429
0.000484491
0.00048473
0.000485005
0.000485313
0.000485652
0.00048602
0.000486415
0.000486835
0.000487278
0.000487743
0.000488228
0.000488732
0.000489254
0.000489791
0.000490343
0.000490907
0.000491481
0.000492064
0.000492653
0.000493247
0.000483229
0.000483271
0.000483351
0.00048347
0.000483628
0.000483823
0.000484055
0.000484321
0.000484619
0.000484946
0.0004853
0.000485679
0.000486081
0.000486504
0.000486947
0.000487408
0.000487886
0.00048838
0.000488886
0.000489405
0.000489935
0.000490472
0.000491017
0.000491565
0.000492116
0.000482574
0.000482615
0.000482693
0.000482808
0.000482962
0.000483151
0.000483376
0.000483633
0.000483921
0.000484236
0.000484577
0.000484941
0.000485326
0.00048573
0.000486152
0.00048659
0.000487043
0.000487509
0.000487987
0.000488475
0.000488971
0.000489475
0.000489982
0.000490493
0.000491004
0.000481917
0.000481957
0.000482033
0.000482145
0.000482294
0.000482478
0.000482695
0.000482944
0.000483222
0.000483526
0.000483854
0.000484203
0.000484572
0.000484958
0.00048536
0.000485776
0.000486205
0.000486645
0.000487096
0.000487554
0.00048802
0.00048849
0.000488964
0.000489439
0.000489913
0.00048126
0.000481299
0.000481373
0.000481482
0.000481626
0.000481805
0.000482016
0.000482257
0.000482526
0.000482819
0.000483134
0.000483469
0.000483822
0.00048419
0.000484573
0.000484968
0.000485375
0.000485791
0.000486215
0.000486646
0.000487082
0.000487522
0.000487963
0.000488404
0.000488843
0.000480605
0.000480643
0.000480715
0.000480822
0.000480962
0.000481136
0.000481341
0.000481574
0.000481834
0.000482117
0.00048242
0.000482741
0.000483079
0.000483431
0.000483795
0.00048417
0.000484555
0.000484948
0.000485348
0.000485753
0.000486161
0.000486572
0.000486983
0.000487392
0.000487799
0.000479955
0.000479992
0.000480063
0.000480167
0.000480304
0.000480473
0.000480672
0.000480898
0.000481149
0.000481422
0.000481714
0.000482022
0.000482345
0.000482681
0.000483028
0.000483384
0.000483749
0.00048412
0.000484496
0.000484876
0.000485258
0.000485642
0.000486024
0.000486404
0.00048678
0.00047931
0.000479348
0.000479417
0.000479519
0.000479653
0.000479818
0.000480011
0.000480231
0.000480473
0.000480736
0.000481017
0.000481314
0.000481623
0.000481944
0.000482274
0.000482612
0.000482957
0.000483307
0.000483661
0.000484018
0.000484376
0.000484734
0.00048509
0.000485442
0.00048579
0.000478675
0.000478713
0.000478781
0.000478881
0.000479012
0.000479173
0.000479361
0.000479574
0.000479809
0.000480063
0.000480334
0.000480618
0.000480914
0.00048122
0.000481535
0.000481856
0.000482182
0.000482513
0.000482846
0.000483181
0.000483516
0.000483849
0.00048418
0.000484507
0.000484828
0.00047805
0.000478088
0.000478157
0.000478255
0.000478384
0.000478541
0.000478724
0.000478931
0.000479158
0.000479404
0.000479664
0.000479938
0.000480221
0.000480514
0.000480813
0.000481118
0.000481427
0.000481739
0.000482052
0.000482366
0.000482679
0.00048299
0.000483298
0.0004836
0.000483896
0.000477437
0.000477476
0.000477545
0.000477642
0.000477769
0.000477923
0.000478101
0.000478303
0.000478523
0.00047876
0.000479012
0.000479274
0.000479546
0.000479825
0.00048011
0.000480399
0.000480691
0.000480986
0.000481281
0.000481575
0.000481868
0.000482158
0.000482443
0.000482723
0.000482996
0.000476838
0.000476879
0.000476948
0.000477045
0.00047717
0.000477321
0.000477496
0.000477692
0.000477906
0.000478135
0.000478377
0.000478629
0.00047889
0.000479156
0.000479427
0.000479702
0.000479978
0.000480256
0.000480533
0.000480809
0.000481083
0.000481353
0.000481618
0.000481876
0.000482128
0.000476256
0.000476298
0.000476369
0.000476466
0.00047659
0.000476738
0.000476909
0.0004771
0.000477307
0.000477529
0.000477763
0.000478005
0.000478254
0.000478509
0.000478767
0.000479027
0.000479289
0.00047955
0.000479811
0.00048007
0.000480325
0.000480576
0.000480822
0.000481061
0.000481293
0.000475691
0.000475736
0.000475808
0.000475906
0.000476029
0.000476175
0.000476343
0.000476529
0.000476731
0.000476945
0.00047717
0.000477403
0.000477642
0.000477885
0.00047813
0.000478377
0.000478624
0.000478871
0.000479115
0.000479357
0.000479596
0.000479829
0.000480057
0.000480278
0.000480491
0.000475145
0.000475194
0.000475269
0.000475367
0.00047549
0.000475634
0.000475799
0.000475981
0.000476177
0.000476385
0.000476602
0.000476825
0.000477053
0.000477285
0.000477518
0.000477752
0.000477985
0.000478217
0.000478447
0.000478674
0.000478896
0.000479113
0.000479324
0.000479528
0.000479723
0.000474621
0.000474673
0.000474752
0.000474852
0.000474974
0.000475118
0.00047528
0.000475457
0.000475648
0.000475849
0.000476058
0.000476272
0.000476491
0.000476711
0.000476932
0.000477154
0.000477374
0.000477592
0.000477807
0.000478019
0.000478226
0.000478427
0.000478622
0.00047881
0.00047899
0.000474119
0.000474177
0.000474259
0.000474362
0.000474485
0.000474628
0.000474787
0.00047496
0.000475146
0.00047534
0.000475541
0.000475746
0.000475955
0.000476164
0.000476374
0.000476583
0.00047679
0.000476995
0.000477196
0.000477394
0.000477586
0.000477773
0.000477953
0.000478126
0.000478291
0.000473642
0.000473706
0.000473794
0.000473899
0.000474024
0.000474166
0.000474323
0.000474492
0.000474672
0.000474859
0.000475052
0.000475248
0.000475447
0.000475645
0.000475844
0.00047604
0.000476235
0.000476427
0.000476615
0.000476799
0.000476978
0.000477151
0.000477317
0.000477476
0.000477627
0.000473192
0.000473263
0.000473357
0.000473467
0.000473593
0.000473734
0.000473889
0.000474054
0.000474228
0.000474409
0.000474593
0.00047478
0.000474968
0.000475156
0.000475342
0.000475527
0.00047571
0.000475889
0.000476064
0.000476235
0.000476401
0.00047656
0.000476714
0.00047686
0.000476998
0.00047277
0.00047285
0.000472952
0.000473066
0.000473195
0.000473336
0.000473488
0.000473649
0.000473817
0.00047399
0.000474165
0.000474342
0.00047452
0.000474696
0.000474871
0.000475044
0.000475214
0.000475381
0.000475543
0.000475702
0.000475855
0.000476002
0.000476143
0.000476277
0.000476403
0.000472379
0.00047247
0.000472581
0.000472701
0.000472832
0.000472973
0.000473123
0.000473278
0.000473439
0.000473604
0.00047377
0.000473936
0.000474102
0.000474267
0.00047443
0.000474591
0.000474748
0.000474903
0.000475053
0.000475199
0.00047534
0.000475476
0.000475605
0.000475728
0.000475843
0.000472022
0.000472125
0.000472248
0.000472375
0.000472509
0.000472649
0.000472795
0.000472945
0.000473098
0.000473252
0.000473408
0.000473563
0.000473717
0.00047387
0.00047402
0.000474168
0.000474313
0.000474455
0.000474594
0.000474728
0.000474857
0.000474982
0.0004751
0.000475212
0.000475317
0.000471702
0.00047182
0.000471957
0.000472091
0.000472228
0.000472367
0.000472508
0.000472651
0.000472794
0.000472937
0.000473081
0.000473223
0.000473364
0.000473503
0.000473641
0.000473776
0.000473909
0.000474038
0.000474165
0.000474287
0.000474405
0.000474519
0.000474627
0.000474729
0.000474824
0.000471422
0.000471559
0.000471712
0.000471855
0.000471994
0.000472131
0.000472265
0.000472398
0.000472529
0.00047266
0.000472789
0.000472917
0.000473044
0.000473169
0.000473292
0.000473414
0.000473534
0.000473651
0.000473765
0.000473877
0.000473984
0.000474087
0.000474185
0.000474278
0.000474365
0.000471187
0.000471348
0.00047152
0.000471673
0.000471813
0.000471945
0.00047207
0.00047219
0.000472306
0.000472421
0.000472533
0.000472645
0.000472756
0.000472865
0.000472974
0.000473082
0.000473188
0.000473293
0.000473396
0.000473496
0.000473593
0.000473686
0.000473775
0.000473859
0.000473938
0.000471005
0.000471195
0.00047139
0.000471552
0.000471691
0.000471814
0.000471925
0.000472028
0.000472126
0.00047222
0.000472314
0.000472407
0.000472499
0.000472592
0.000472686
0.000472779
0.000472872
0.000472964
0.000473055
0.000473144
0.000473231
0.000473315
0.000473395
0.000473472
0.000473544
0.000470884
0.000471111
0.000471332
0.000471502
0.000471636
0.000471745
0.000471836
0.000471915
0.000471989
0.00047206
0.00047213
0.000472201
0.000472274
0.000472349
0.000472426
0.000472504
0.000472583
0.000472662
0.000472742
0.000472821
0.000472898
0.000472973
0.000473046
0.000473115
0.00047318
0.000470839
0.00047111
0.000471362
0.000471536
0.000471657
0.000471742
0.000471804
0.000471853
0.000471896
0.000471937
0.00047198
0.000472027
0.000472078
0.000472133
0.000472192
0.000472255
0.00047232
0.000472387
0.000472456
0.000472524
0.000472593
0.00047266
0.000472724
0.000472787
0.000472846
0.000470891
0.000471217
0.0004715
0.00047167
0.000471765
0.000471813
0.000471834
0.000471841
0.000471845
0.00047185
0.000471862
0.000471881
0.000471908
0.000471942
0.000471984
0.00047203
0.000472082
0.000472137
0.000472195
0.000472254
0.000472314
0.000472373
0.000472432
0.000472488
0.000472542
0.000471075
0.000471465
0.000471777
0.000471925
0.000471972
0.000471964
0.000471926
0.000471878
0.000471833
0.000471796
0.000471771
0.00047176
0.000471761
0.000471774
0.000471797
0.000471829
0.000471867
0.000471911
0.000471959
0.000472009
0.000472061
0.000472114
0.000472166
0.000472217
0.000472267
0.000471455
0.000471909
0.000472234
0.000472327
0.000472292
0.000472196
0.000472078
0.000471959
0.000471854
0.000471767
0.000471702
0.000471658
0.000471633
0.000471625
0.00047163
0.000471647
0.000471673
0.000471706
0.000471745
0.000471788
0.000471833
0.00047188
0.000471927
0.000471974
0.000472019
0.000472146
0.000472639
0.000472928
0.000472905
0.000472733
0.000472509
0.000472281
0.000472074
0.000471897
0.000471755
0.000471647
0.00047157
0.000471519
0.000471489
0.000471478
0.000471482
0.000471497
0.000471522
0.000471553
0.000471589
0.000471629
0.000471671
0.000471714
0.000471756
0.000471799
0.000473353
0.000473785
0.000473932
0.000473687
0.000473295
0.00047289
0.000472519
0.000472204
0.000471948
0.000471747
0.000471596
0.000471487
0.000471411
0.000471364
0.000471339
0.000471332
0.000471338
0.000471356
0.000471381
0.000471413
0.000471448
0.000471486
0.000471526
0.000471565
0.000471605
0.00047543
0.000475545
0.000475321
0.000474678
0.000473955
0.000473302
0.000472759
0.000472324
0.000471985
0.000471728
0.000471537
0.0004714
0.000471306
0.000471244
0.000471209
0.000471194
0.000471195
0.000471207
0.000471229
0.000471257
0.00047129
0.000471325
0.000471362
0.0004714
0.000471438
0.000479312
0.000478337
0.000477149
0.000475813
0.000474626
0.000473675
0.000472942
0.000472388
0.000471976
0.000471673
0.000471454
0.000471299
0.000471193
0.000471124
0.000471083
0.000471065
0.000471063
0.000471074
0.000471094
0.000471121
0.000471152
0.000471187
0.000471222
0.000471259
0.000471295
0.000488191
0.000483091
0.000479354
0.000476879
0.000475122
0.00047386
0.000472965
0.000472329
0.000471876
0.000471554
0.000471326
0.000471168
0.000471061
0.000470994
0.000470955
0.000470938
0.000470938
0.00047095
0.000470972
0.000470999
0.000471031
0.000471066
0.000471102
0.000471138
0.000471174
0.000505781
0.000489592
0.000481415
0.000477603
0.000475315
0.000473819
0.000472832
0.000472168
0.000471712
0.000471396
0.000471178
0.000471029
0.000470931
0.00047087
0.000470838
0.000470827
0.000470831
0.000470847
0.000470871
0.000470901
0.000470935
0.000470971
0.000471008
0.000471045
0.000471081
0.0504146
0.0494301
0.0475666
0.0448008
0.0413799
0.0375497
0.0334559
0.0292678
0.0251855
0.0213575
0.0178986
0.0148771
0.0123202
0.010224
0.00855003
0.00723777
0.00622187
0.00544205
0.00484677
0.00439537
0.00405951
0.00381514
0.00364751
0.00354139
0.00348903
0.0443124
0.042812
0.0400916
0.036344
0.0321728
0.0279116
0.0237764
0.0199487
0.0165454
0.0136215
0.011185
0.00920696
0.00763902
0.00643889
0.0055436
0.00488491
0.0044008
0.00404528
0.00378175
0.0035847
0.0034369
0.00332762
0.00325133
0.00320272
0.00317783
0.0335369
0.0316389
0.0285276
0.024719
0.0209592
0.0174905
0.0144096
0.0117736
0.00959277
0.00783818
0.00645714
0.00539309
0.00460841
0.00404181
0.00365368
0.00339152
0.00321555
0.00309656
0.00301428
0.00295601
0.0029133
0.00288165
0.00285946
0.00284497
0.00283594
0.0237787
0.0218217
0.0189281
0.0156865
0.0127951
0.0103933
0.00846079
0.00694028
0.00577116
0.00488527
0.00421924
0.00372573
0.00336405
0.00310543
0.00292658
0.00280566
0.00272493
0.00267115
0.00263475
0.00260956
0.00259181
0.00257931
0.00257063
0.00256458
0.00255885
0.0155285
0.0137842
0.0113182
0.00878976
0.00686601
0.00549322
0.00452497
0.00385657
0.00341854
0.0031364
0.00295102
0.0028243
0.00272687
0.0026462
0.00257892
0.00252352
0.00247853
0.00244251
0.00241408
0.00239194
0.00237503
0.00236238
0.00235331
0.00234708
0.00234126
0.00944438
0.00801444
0.00605158
0.00419307
0.00298725
0.00233507
0.00203961
0.00194746
0.00197123
0.00204722
0.002136
0.00221143
0.00226297
0.00228932
0.00229462
0.00228528
0.0022678
0.00224715
0.00222669
0.0022084
0.00219312
0.00218097
0.00217184
0.00216549
0.0021604
0.00543931
0.00434991
0.00293881
0.00167614
0.000882206
0.000535228
0.000535597
0.000725285
0.000973257
0.00123599
0.00147688
0.0016751
0.00182453
0.0019277
0.00199224
0.00202728
0.002042
0.0020441
0.00203936
0.00203166
0.00202333
0.00201565
0.00200929
0.00200465
0.00200112
0.0029238
0.00214598
0.00117509
0.000352546
-9.25473e-05
-0.000221464
-0.000132263
8.39153e-05
0.000389492
0.000700278
0.000988932
0.00123792
0.0014381
0.00158929
0.00169692
0.00176903
0.00181445
0.00184094
0.00185486
0.00186096
0.00186254
0.00186178
0.00186008
0.00185842
0.00185692
0.00136076
0.00081987
0.000191065
-0.000290853
-0.000503208
-0.000503275
-0.000352917
-0.000116866
0.0001558
0.00043172
0.000697604
0.000939427
0.00114608
0.00131333
0.00144233
0.00153772
0.00160531
0.00165147
0.00168189
0.00170117
0.00171286
0.00171955
0.00172309
0.00172489
0.00172554
0.00048444
0.000115442
-0.000273005
-0.000533896
-0.00060289
-0.000531509
-0.000365752
-0.00014791
9.04726e-05
0.000328162
0.000552893
0.000762044
0.000948976
0.00110972
0.00124181
0.00134612
0.00142562
0.00148448
0.00152684
0.00155652
0.00157675
0.00159008
0.00159851
0.00160362
0.00160626
3.8754e-05
-0.00020348
-0.00043342
-0.000552412
-0.000544508
-0.000446122
-0.000289546
-0.000101497
9.84703e-05
0.00029675
0.000485398
0.000661919
0.000824313
0.000968723
0.00109276
0.00119578
0.00127872
0.00134351
0.00139278
0.00142934
0.00145574
0.00147421
0.00148658
0.00149448
0.0014988
-0.000153828
-0.000306667
-0.000434014
-0.00047041
-0.000424893
-0.000321582
-0.000183188
-2.64689e-05
0.000137321
0.000300396
0.000457369
0.00060574
0.000745054
0.000872535
0.000985307
0.00108195
0.00116253
0.00122803
0.0012799
0.00131999
0.0013501
0.00137199
0.00138718
0.00139715
0.00140274
-0.000204663
-0.000297441
-0.000359834
-0.000353301
-0.000292293
-0.000194158
-7.48582e-05
5.48629e-05
0.000188631
0.000322312
0.000452641
0.000577209
0.000695675
0.00080652
0.000907173
0.00099577
0.00107164
0.001135
0.00118626
0.00122733
0.00125904
0.00128276
0.00129967
0.00131099
0.00131743
-0.000181735
-0.000236275
-0.000258147
-0.000231432
-0.000167598
-7.90207e-05
2.30216e-05
0.00013123
0.000241706
0.000352227
0.000460963
0.000566195
0.000666325
0.000761752
0.000850267
0.000929932
0.000999748
0.0010594
0.00110906
0.00114953
0.00118098
0.00120534
0.00122306
0.00123509
0.00124199
-0.000122555
-0.000153515
-0.000153685
-0.000118717
-5.83382e-05
1.92632e-05
0.0001063
0.000197569
0.000290303
0.000383053
0.000474685
0.000563792
0.000648622
0.000731158
0.000808498
0.000879313
0.000942569
0.000997678
0.00104449
0.00108325
0.00111431
0.00113841
0.00115617
0.00116833
0.00117545
-5.03963e-05
-6.66069e-05
-5.57454e-05
-1.92994e-05
3.48464e-05
0.000101569
0.00017561
0.000253176
0.000332055
0.000411061
0.000489362
0.000566125
0.000640592
0.000710314
0.000777327
0.000839825
0.000896594
0.000946903
0.000990366
0.00102692
0.00105671
0.0010801
0.00109752
0.00110962
0.00111674
2.37321e-05
1.65392e-05
3.2406e-05
6.692e-05
0.000114028
0.000170705
0.000233437
0.000299449
0.000366912
0.00043473
0.000502144
0.000568429
0.000632783
0.000694013
0.000752776
0.000808038
0.000858887
0.000904562
0.000944569
0.000978666
0.00100682
0.00102916
0.00104597
0.00105775
0.00106472
9.57098e-05
9.35022e-05
0.000110611
0.000141577
0.000181732
0.00022935
0.000282097
0.000338
0.00039562
0.000453978
0.000512364
0.000570121
0.000626499
0.000680661
0.000732424
0.000781543
0.000827172
0.000868609
0.000905315
0.000936936
0.000963307
0.000984426
0.00100044
0.00101174
0.00101845
0.000164248
0.000163886
0.000179613
0.000205962
0.000239303
0.000278639
0.000322469
0.000369459
0.000418523
0.000468812
0.000519632
0.000570333
0.000620228
0.000668622
0.000714731
0.000758751
0.000799941
0.000837632
0.000871279
0.000900489
0.00092503
0.000944818
0.000959921
0.000970639
0.000977062
0.000231981
0.000227316
0.00023861
0.000258839
0.000285035
0.000316682
0.000352803
0.00039244
0.000434684
0.000478703
0.000523729
0.000569035
0.000613907
0.000657641
0.000699466
0.000739216
0.000776537
0.000810819
0.000841552
0.000868358
0.000890997
0.000909362
0.000923485
0.000933605
0.000939762
0.00031692
0.000295401
0.00029674
0.000309395
0.000329327
0.00035455
0.00038397
0.000416777
0.000452258
0.000489755
0.000528632
0.000568242
0.000607917
0.000646946
0.000684698
0.00072084
0.000754944
0.000786448
0.000814862
0.000839781
0.000860911
0.000878079
0.000891258
0.000900625
0.00090625
0.000358637
0.000343789
0.000341989
0.000350242
0.000365664
0.000386461
0.000411491
0.000439888
0.000470911
0.000503884
0.000538173
0.000573158
0.000608227
0.000642774
0.000676273
0.000708375
0.00073872
0.000766825
0.000792255
0.000814648
0.000833731
0.000849332
0.000861404
0.000870074
0.000875353
0.000387038
0.000378096
0.000377076
0.000383496
0.00039603
0.000413476
0.000434873
0.000459434
0.000486468
0.000515346
0.00054548
0.000576308
0.000607286
0.000637888
0.000667663
0.000696288
0.000723414
0.000748608
0.00077148
0.000791696
0.000808995
0.000823203
0.000834254
0.000842248
0.00084716
0.000408691
0.000404238
0.000404782
0.000410673
0.000421455
0.000436428
0.000454894
0.00047621
0.000499785
0.000525066
0.000551534
0.000578693
0.000606065
0.000633185
0.000659653
0.000685168
0.000709403
0.000731969
0.000752517
0.000770744
0.000786405
0.000799326
0.000809437
0.000816821
0.000821407
0.000426342
0.000424854
0.000426838
0.00043273
0.000442442
0.000455607
0.000471755
0.000490396
0.000511047
0.000533241
0.000556527
0.000580475
0.000604665
0.000628694
0.000652198
0.000674904
0.000696514
0.000716682
0.000735098
0.000751492
0.000765638
0.000777374
0.000786638
0.00079351
0.000797863
0.000441177
0.000441624
0.000444675
0.000450677
0.000459668
0.000471463
0.000485756
0.000502186
0.000520367
0.000539912
0.000560441
0.000581579
0.000602965
0.000624252
0.000645105
0.000665277
0.000684512
0.000702493
0.000718955
0.000733661
0.00074641
0.000757061
0.000765575
0.000772059
0.000776307
0.000453756
0.000455489
0.000459266
0.000465341
0.000473778
0.000484487
0.000497266
0.000511848
0.000527932
0.000545201
0.000563334
0.000582014
0.000600928
0.000619774
0.000638262
0.000656157
0.000673229
0.000689214
0.000703878
0.000717016
0.000728462
0.000738106
0.000745962
0.000752205
0.000756496
0.000464452
0.000467038
0.000471277
0.000477347
0.00048531
0.000495118
0.000506632
0.000519653
0.000533947
0.000549253
0.000565305
0.000581832
0.000598565
0.000615243
0.000631613
0.000647456
0.000662563
0.000676711
0.0006897
0.000701359
0.000711553
0.000720218
0.000727481
0.000733752
0.000738493
0.000473548
0.00047669
0.000481194
0.000487184
0.00049471
0.000503739
0.000514174
0.000525862
0.000538617
0.000552226
0.000566466
0.000581106
0.000595916
0.000610667
0.000625138
0.000639127
0.000652442
0.000664891
0.000676295
0.000686509
0.000695429
0.000703027
0.000709622
0.000716383
0.000723452
0.000481278
0.000484765
0.00048939
0.000495239
0.000502345
0.000510684
0.00052018
0.000530715
0.000542137
0.000554272
0.00056693
0.000579915
0.000593027
0.000606067
0.000618838
0.000631153
0.000642832
0.000653696
0.000663575
0.00067232
0.000679803
0.000685948
0.000691078
0.000697044
0.000706503
0.00048783
0.000491514
0.000496156
0.000501816
0.000508514
0.000516228
0.000524897
0.000534424
0.000544684
0.000555532
0.000566806
0.000578339
0.000589955
0.000601477
0.000612732
0.000623542
0.000633734
0.000643129
0.000651548
0.000658795
0.00066463
0.00066873
0.00067073
0.000670185
0.000662958
0.000493365
0.000497138
0.000501723
0.000507161
0.000513462
0.000520604
0.000528535
0.000537173
0.000546414
0.000556133
0.000566195
0.000576452
0.000586751
0.000596936
0.000606845
0.000616317
0.000625182
0.000633262
0.000640368
0.00064628
0.000650709
0.000653251
0.000653348
0.000650179
0.000641762
0.000498015
0.000501801
0.000506278
0.000511473
0.000517388
0.000524003
0.00053127
0.000539118
0.00054746
0.000556188
0.000565185
0.000574323
0.000583466
0.000592474
0.000601202
0.000609498
0.000617204
0.000624146
0.000630137
0.000634958
0.000638335
0.000639903
0.000639196
0.00063565
0.000628582
0.000501893
0.000505636
0.00050997
0.000514911
0.000520455
0.000526582
0.000533248
0.000540392
0.000547938
0.000555793
0.000563854
0.000572009
0.000580139
0.000588118
0.000595814
0.000603091
0.000609802
0.000615787
0.000620869
0.000624845
0.000627481
0.000628489
0.000627548
0.000624349
0.000618681
0.000505095
0.000508757
0.000512925
0.000517606
0.000522795
0.00052847
0.000534591
0.000541104
0.000547943
0.000555026
0.000562264
0.000569557
0.000576801
0.000583883
0.000590687
0.000597089
0.000602958
0.000608151
0.000612508
0.000615854
0.000617989
0.000618699
0.00061777
0.000615042
0.000610492
0.000507705
0.000511258
0.000515245
0.000519668
0.000524518
0.000529774
0.000535399
0.000541346
0.000547555
0.000553954
0.000560467
0.000567005
0.000573475
0.00057978
0.000585816
0.000591474
0.000596638
0.000601182
0.000604969
0.00060785
0.00060966
0.000610233
0.00060942
0.000607134
0.000603416
0.000509795
0.00051322
0.000517017
0.000521187
0.000525716
0.000530584
0.000535758
0.000541194
0.00054684
0.000552634
0.000558507
0.000564383
0.00057018
0.000575813
0.000581191
0.00058622
0.000590798
0.000594818
0.000598162
0.000600704
0.00060231
0.000602843
0.000602185
0.000600273
0.000597144
0.000511427
0.000514712
0.000518317
0.000522239
0.000526465
0.000530974
0.000535736
0.000540712
0.000545855
0.000551112
0.00055642
0.000561716
0.000566927
0.00057198
0.000576796
0.000581296
0.000585392
0.000588993
0.000592001
0.000594308
0.000595801
0.00059636
0.000595879
0.000594284
0.000591557
0.000512657
0.000515795
0.000519208
0.000522892
0.000526832
0.000531009
0.000535394
0.000539954
0.000544647
0.000549425
0.000554235
0.000559021
0.000563722
0.000568275
0.000572613
0.000576669
0.000580371
0.000583645
0.000586408
0.00058857
0.000590034
0.000590688
0.000590426
0.000589144
0.000586707
0.000513534
0.000516521
0.000519745
0.0005232
0.000526872
0.000530741
0.000534783
0.000538966
0.000543255
0.000547606
0.000551976
0.000556314
0.00056057
0.00056469
0.00056862
0.000572306
0.00057569
0.000578713
0.000581312
0.000583415
0.000584937
0.000585776
0.000585816
0.000584935
0.000582771
0.0005141
0.000516936
0.000519976
0.000523212
0.000526632
0.000530217
0.000533944
0.000537786
0.000541711
0.000545681
0.000549659
0.000553603
0.000557469
0.000561215
0.000564796
0.000568172
0.0005713
0.000574138
0.000576645
0.000578774
0.000580464
0.00058163
0.000582174
0.000581997
0.000580215
0.000514394
0.000517079
0.000519941
0.00052297
0.000526154
0.000529476
0.000532915
0.000536447
0.000540043
0.000543672
0.000547301
0.000550895
0.000554418
0.000557836
0.000561117
0.00056423
0.000567148
0.000569852
0.000572325
0.000574563
0.000576557
0.000578295
0.000579872
0.000581608
0.000581652
0.00051445
0.000516988
0.000519677
0.00052251
0.000525473
0.000528552
0.000531727
0.000534976
0.000538275
0.000541597
0.000544913
0.000548195
0.000551413
0.000554542
0.000557557
0.000560439
0.000563177
0.000565768
0.000568228
0.000570601
0.000572978
0.000575527
0.000578792
0.000584599
0.000595419
0.000514297
0.000516691
0.000519216
0.000521863
0.00052462
0.000527473
0.000530405
0.000533397
0.000536426
0.00053947
0.000542504
0.000545506
0.00054845
0.000551319
0.000554093
0.000556763
0.000559326
0.00056179
0.000564184
0.000566565
0.00056903
0.000571751
0.000575161
0.000580295
0.000586923
0.000513963
0.000516218
0.000518586
0.000521057
0.000523622
0.000526266
0.000528974
0.00053173
0.000534513
0.000537304
0.000540084
0.000542831
0.000545527
0.000548157
0.000550709
0.000553176
0.000555561
0.000557874
0.000560142
0.00056241
0.000564747
0.00056725
0.000570112
0.000573601
0.00057687
0.000513472
0.000515593
0.000517811
0.000520117
0.000522501
0.000524951
0.000527453
0.000529992
0.000532551
0.000535112
0.000537658
0.000540174
0.000542643
0.000545053
0.000547395
0.000549666
0.000551868
0.000554012
0.000556115
0.000558207
0.000560324
0.000562508
0.000564817
0.000567278
0.000569341
0.000512844
0.000514836
0.000516912
0.000519063
0.000521278
0.000523548
0.00052586
0.000528199
0.000530552
0.000532902
0.000535236
0.000537538
0.000539797
0.000542003
0.000544147
0.000546228
0.000548247
0.000550211
0.00055213
0.00055402
0.000555894
0.00055776
0.000559619
0.000561439
0.000562886
0.000512098
0.000513968
0.000515909
0.000517913
0.000519972
0.000522074
0.000524209
0.000526365
0.000528527
0.000530684
0.000532822
0.000534929
0.000536994
0.000539008
0.000540966
0.000542864
0.000544703
0.000546486
0.000548217
0.0005499
0.000551537
0.000553116
0.000554617
0.000555992
0.000557029
0.000511253
0.000513006
0.000514819
0.000516685
0.000518596
0.000520543
0.000522515
0.0005245
0.000526488
0.000528466
0.000530424
0.00053235
0.000534235
0.000536072
0.000537854
0.000539578
0.000541244
0.000542851
0.000544399
0.000545886
0.000547305
0.000548638
0.000549858
0.00055092
0.000551684
0.000510322
0.000511963
0.000513656
0.000515393
0.000517166
0.000518968
0.000520788
0.000522616
0.000524443
0.000526257
0.000528048
0.000529807
0.000531525
0.000533196
0.000534813
0.000536374
0.000537875
0.000539316
0.000540692
0.000541999
0.000543226
0.000544354
0.000545355
0.000546195
0.000546778
0.00050932
0.000510855
0.000512433
0.000514049
0.000515694
0.00051736
0.000519039
0.000520722
0.0005224
0.000524062
0.000525699
0.000527303
0.000528867
0.000530383
0.000531848
0.000533255
0.000534604
0.00053589
0.000537109
0.000538255
0.000539314
0.000540272
0.000541103
0.000541782
0.00054224
0.000508257
0.000509692
0.000511163
0.000512664
0.000514189
0.00051573
0.000517278
0.000518826
0.000520365
0.000521887
0.000523382
0.000524844
0.000526264
0.000527638
0.00052896
0.000530227
0.000531434
0.000532579
0.000533656
0.000534658
0.000535574
0.00053639
0.000537087
0.000537646
0.000538015
0.000507146
0.000508486
0.000509856
0.00051125
0.000512662
0.000514085
0.000515512
0.000516935
0.000518346
0.000519738
0.000521102
0.000522432
0.00052372
0.000524963
0.000526154
0.00052729
0.000528368
0.000529384
0.000530333
0.000531209
0.000532002
0.000532701
0.00053329
0.000533757
0.000534061
0.000505996
0.000507245
0.00050852
0.000509813
0.00051112
0.000512434
0.000513748
0.000515055
0.000516348
0.000517619
0.000518862
0.00052007
0.000521237
0.000522359
0.00052343
0.000524447
0.000525407
0.000526307
0.000527142
0.000527907
0.000528595
0.000529195
0.000529697
0.000530092
0.000530347
0.000504814
0.000505979
0.000507164
0.000508363
0.000509572
0.000510784
0.000511993
0.000513192
0.000514376
0.000515536
0.000516667
0.000517763
0.000518818
0.000519828
0.000520789
0.000521697
0.000522551
0.000523346
0.00052408
0.000524748
0.000525344
0.000525862
0.000526293
0.00052663
0.000526846
0.00050361
0.000504695
0.000505795
0.000506906
0.000508023
0.00050914
0.000510252
0.000511351
0.000512433
0.000513491
0.000514519
0.000515511
0.000516464
0.000517371
0.000518232
0.000519041
0.000519798
0.0005205
0.000521144
0.000521727
0.000522245
0.000522692
0.000523063
0.000523353
0.000523539
0.00050239
0.000503399
0.00050442
0.000505449
0.00050648
0.000507509
0.000508529
0.000509536
0.000510524
0.000511487
0.00051242
0.000513317
0.000514175
0.00051499
0.000515758
0.000516478
0.000517148
0.000517765
0.00051833
0.000518838
0.000519288
0.000519674
0.000519996
0.000520247
0.000520408
0.00050116
0.000502098
0.000503044
0.000503996
0.000504947
0.000505893
0.000506829
0.000507751
0.000508652
0.000509527
0.000510372
0.000511183
0.000511954
0.000512683
0.000513368
0.000514006
0.000514597
0.00051514
0.000515634
0.000516076
0.000516466
0.000516801
0.00051708
0.000517298
0.000517439
0.000499925
0.000500796
0.000501673
0.000502552
0.000503429
0.000504298
0.000505156
0.000505998
0.000506819
0.000507613
0.000508378
0.000509108
0.0005098
0.000510452
0.00051106
0.000511625
0.000512145
0.000512621
0.000513051
0.000513436
0.000513774
0.000514064
0.000514306
0.000514497
0.00051462
0.000498691
0.000499499
0.000500311
0.000501122
0.000501929
0.000502727
0.000503513
0.000504281
0.000505027
0.000505748
0.000506438
0.000507094
0.000507714
0.000508294
0.000508834
0.000509332
0.000509788
0.000510203
0.000510578
0.000510911
0.000511203
0.000511455
0.000511665
0.000511832
0.000511941
0.000497462
0.000498211
0.000498961
0.00049971
0.000500452
0.000501184
0.000501902
0.000502601
0.000503279
0.000503931
0.000504553
0.000505142
0.000505695
0.000506211
0.000506688
0.000507125
0.000507524
0.000507885
0.000508209
0.000508497
0.00050875
0.000508967
0.00050915
0.000509296
0.000509392
0.000496242
0.000496935
0.000497629
0.000498318
0.000498999
0.00049967
0.000500325
0.000500962
0.000501576
0.000502165
0.000502724
0.000503251
0.000503744
0.0005042
0.00050462
0.000505003
0.00050535
0.000505663
0.000505942
0.00050619
0.000506407
0.000506594
0.000506753
0.000506882
0.000506967
0.000495034
0.000495676
0.000496315
0.000496949
0.000497575
0.000498188
0.000498785
0.000499364
0.00049992
0.00050045
0.000500952
0.000501422
0.000501859
0.000502262
0.00050263
0.000502963
0.000503264
0.000503533
0.000503772
0.000503984
0.000504169
0.00050433
0.000504468
0.000504581
0.000504657
0.000493841
0.000494435
0.000495024
0.000495607
0.00049618
0.00049674
0.000497284
0.000497808
0.00049831
0.000498787
0.000499236
0.000499654
0.000500041
0.000500394
0.000500715
0.000501004
0.000501263
0.000501492
0.000501696
0.000501876
0.000502033
0.00050217
0.000502289
0.000502389
0.000502456
0.000492667
0.000493215
0.000493758
0.000494293
0.000494817
0.000495328
0.000495822
0.000496297
0.000496749
0.000497176
0.000497576
0.000497947
0.000498288
0.000498597
0.000498875
0.000499123
0.000499344
0.000499538
0.00049971
0.000499861
0.000499993
0.00050011
0.000500212
0.000500299
0.000500359
0.000491514
0.00049202
0.000492519
0.000493009
0.000493488
0.000493953
0.000494401
0.00049483
0.000495236
0.000495618
0.000495974
0.000496301
0.000496599
0.000496868
0.000497107
0.000497319
0.000497505
0.000497668
0.000497811
0.000497936
0.000498046
0.000498144
0.000498231
0.000498308
0.000498361
0.000490384
0.00049085
0.000491309
0.000491758
0.000492195
0.000492617
0.000493023
0.000493409
0.000493773
0.000494113
0.000494428
0.000494716
0.000494975
0.000495207
0.000495411
0.00049559
0.000495745
0.000495879
0.000495996
0.000496098
0.000496188
0.000496269
0.000496343
0.000496409
0.000496456
0.000489279
0.000489708
0.000490129
0.000490539
0.000490937
0.000491321
0.000491687
0.000492034
0.000492359
0.000492661
0.000492938
0.00049319
0.000493414
0.000493612
0.000493784
0.000493933
0.00049406
0.000494169
0.000494262
0.000494344
0.000494416
0.000494482
0.000494543
0.000494601
0.000494642
0.0004882
0.000488595
0.000488981
0.000489356
0.000489718
0.000490065
0.000490395
0.000490705
0.000490995
0.000491262
0.000491505
0.000491723
0.000491915
0.000492083
0.000492226
0.000492347
0.000492449
0.000492535
0.000492607
0.00049267
0.000492726
0.000492778
0.000492829
0.000492878
0.000492914
0.000487151
0.000487513
0.000487866
0.000488208
0.000488537
0.00048885
0.000489146
0.000489424
0.000489681
0.000489916
0.000490127
0.000490315
0.000490478
0.000490618
0.000490735
0.000490831
0.00049091
0.000490975
0.000491028
0.000491074
0.000491116
0.000491155
0.000491196
0.000491237
0.000491268
0.000486131
0.000486463
0.000486786
0.000487097
0.000487395
0.000487677
0.000487943
0.00048819
0.000488417
0.000488622
0.000488805
0.000488965
0.000489102
0.000489216
0.000489309
0.000489383
0.000489442
0.000489487
0.000489524
0.000489554
0.000489582
0.000489611
0.000489642
0.000489677
0.000489701
0.000485142
0.000485447
0.000485741
0.000486024
0.000486293
0.000486547
0.000486784
0.000487003
0.000487202
0.000487381
0.000487538
0.000487672
0.000487785
0.000487876
0.000487948
0.000488002
0.000488042
0.00048807
0.000488091
0.000488108
0.000488124
0.000488142
0.000488164
0.000488192
0.000488212
0.000484185
0.000484464
0.000484733
0.000484989
0.000485232
0.00048546
0.000485671
0.000485864
0.000486038
0.000486192
0.000486325
0.000486437
0.000486528
0.000486598
0.00048665
0.000486686
0.000486709
0.000486722
0.000486729
0.000486733
0.000486737
0.000486746
0.000486761
0.000486781
0.000486797
0.000483261
0.000483517
0.000483761
0.000483993
0.000484212
0.000484415
0.000484603
0.000484772
0.000484923
0.000485055
0.000485166
0.000485257
0.000485328
0.00048538
0.000485414
0.000485434
0.000485441
0.00048544
0.000485434
0.000485427
0.000485422
0.000485421
0.000485428
0.000485442
0.000485454
0.000482371
0.000482604
0.000482827
0.000483036
0.000483233
0.000483414
0.00048358
0.000483728
0.000483858
0.000483969
0.000484061
0.000484133
0.000484186
0.000484221
0.00048424
0.000484245
0.000484239
0.000484225
0.000484207
0.00048419
0.000484175
0.000484166
0.000484166
0.000484173
0.00048418
0.000481516
0.000481728
0.00048193
0.000482119
0.000482295
0.000482457
0.000482602
0.000482731
0.000482842
0.000482935
0.000483009
0.000483064
0.000483101
0.000483121
0.000483126
0.000483117
0.000483099
0.000483074
0.000483046
0.000483019
0.000482995
0.000482978
0.000482971
0.000482972
0.000482974
0.000480695
0.000480889
0.000481072
0.000481242
0.000481399
0.000481542
0.000481669
0.000481781
0.000481874
0.000481951
0.000482009
0.000482049
0.000482072
0.000482079
0.000482071
0.000482051
0.000482022
0.000481987
0.000481949
0.000481913
0.000481881
0.000481857
0.000481843
0.000481837
0.000481834
0.00047991
0.000480086
0.000480252
0.000480405
0.000480545
0.000480671
0.000480782
0.000480877
0.000480956
0.000481017
0.000481062
0.000481089
0.000481099
0.000481094
0.000481075
0.000481045
0.000481006
0.000480962
0.000480916
0.000480872
0.000480833
0.000480801
0.00048078
0.000480767
0.000480758
0.00047916
0.000479321
0.00047947
0.000479608
0.000479732
0.000479843
0.000479939
0.00048002
0.000480086
0.000480134
0.000480166
0.000480182
0.000480181
0.000480166
0.000480138
0.000480099
0.000480052
0.00048
0.000479947
0.000479895
0.000479848
0.00047981
0.000479781
0.000479761
0.000479745
0.000478447
0.000478592
0.000478727
0.00047885
0.000478961
0.000479058
0.000479142
0.00047921
0.000479263
0.000479301
0.000479322
0.000479328
0.000479318
0.000479295
0.000479258
0.000479212
0.000479158
0.000479099
0.000479039
0.000478981
0.000478928
0.000478882
0.000478846
0.000478818
0.000478795
0.000477769
0.000477901
0.000478023
0.000478133
0.000478231
0.000478316
0.000478388
0.000478446
0.000478488
0.000478516
0.000478529
0.000478526
0.000478509
0.000478479
0.000478436
0.000478384
0.000478324
0.00047826
0.000478194
0.00047813
0.00047807
0.000478017
0.000477974
0.000477938
0.000477907
0.000477127
0.000477247
0.000477356
0.000477455
0.000477542
0.000477617
0.000477678
0.000477727
0.000477761
0.000477781
0.000477786
0.000477777
0.000477754
0.000477718
0.000477671
0.000477614
0.00047755
0.000477481
0.000477411
0.000477342
0.000477276
0.000477217
0.000477165
0.000477119
0.000477079
0.000476521
0.000476629
0.000476728
0.000476816
0.000476894
0.000476959
0.000477012
0.000477053
0.00047708
0.000477093
0.000477093
0.000477079
0.000477053
0.000477013
0.000476963
0.000476903
0.000476836
0.000476765
0.000476691
0.000476617
0.000476546
0.000476479
0.000476419
0.000476363
0.000476313
0.00047595
0.000476048
0.000476137
0.000476217
0.000476285
0.000476343
0.000476389
0.000476423
0.000476445
0.000476453
0.00047645
0.000476433
0.000476404
0.000476363
0.000476311
0.000476251
0.000476183
0.00047611
0.000476034
0.000475956
0.00047588
0.000475807
0.000475738
0.00047567
0.000475607
0.000475414
0.000475503
0.000475584
0.000475655
0.000475716
0.000475767
0.000475808
0.000475837
0.000475855
0.00047586
0.000475854
0.000475836
0.000475807
0.000475766
0.000475716
0.000475656
0.00047559
0.000475517
0.000475441
0.000475361
0.000475281
0.000475201
0.000475122
0.00047504
0.000474964
0.000474913
0.000474994
0.000475067
0.000475131
0.000475186
0.000475232
0.000475268
0.000475293
0.000475309
0.000475313
0.000475307
0.00047529
0.000475262
0.000475224
0.000475177
0.000475121
0.000475057
0.000474988
0.000474913
0.000474834
0.00047475
0.000474664
0.000474575
0.000474477
0.000474384
0.000474446
0.000474519
0.000474585
0.000474644
0.000474694
0.000474735
0.000474768
0.000474792
0.000474806
0.000474811
0.000474806
0.000474792
0.000474768
0.000474735
0.000474693
0.000474644
0.000474587
0.000474523
0.000474453
0.000474375
0.000474291
0.000474199
0.000474099
0.000473983
0.00047387
0.000474012
0.000474079
0.000474139
0.000474192
0.000474238
0.000474277
0.000474308
0.000474331
0.000474345
0.000474352
0.00047435
0.000474341
0.000474323
0.000474298
0.000474265
0.000474225
0.000474178
0.000474124
0.000474061
0.00047399
0.000473907
0.000473811
0.000473699
0.000473563
0.000473425
0.00047361
0.000473671
0.000473727
0.000473776
0.000473819
0.000473856
0.000473885
0.000473909
0.000473925
0.000473935
0.000473938
0.000473936
0.000473926
0.000473911
0.000473891
0.000473864
0.000473831
0.000473791
0.000473742
0.00047368
0.000473603
0.000473506
0.000473383
0.000473222
0.000473054
0.000473241
0.000473297
0.000473348
0.000473394
0.000473434
0.00047347
0.0004735
0.000473524
0.000473544
0.000473558
0.000473568
0.000473574
0.000473576
0.000473574
0.000473569
0.00047356
0.000473547
0.000473526
0.000473497
0.000473452
0.000473386
0.000473292
0.00047316
0.000472971
0.000472766
0.000472902
0.000472954
0.000473001
0.000473045
0.000473084
0.000473118
0.000473149
0.000473176
0.000473199
0.00047322
0.000473238
0.000473254
0.00047327
0.000473284
0.000473298
0.000473311
0.000473323
0.00047333
0.000473328
0.00047331
0.000473265
0.000473182
0.000473044
0.000472824
0.000472573
0.000472593
0.000472641
0.000472686
0.000472727
0.000472765
0.0004728
0.000472832
0.000472862
0.00047289
0.000472917
0.000472944
0.000472973
0.000473003
0.000473037
0.000473074
0.000473115
0.000473159
0.000473202
0.000473239
0.000473259
0.000473249
0.000473191
0.000473055
0.000472802
0.000472496
0.000472314
0.000472359
0.000472401
0.00047244
0.000472478
0.000472513
0.000472546
0.00047258
0.000472613
0.000472647
0.000472685
0.000472726
0.000472774
0.000472828
0.000472892
0.000472966
0.000473049
0.000473139
0.000473228
0.000473305
0.000473351
0.000473339
0.000473223
0.00047294
0.00047257
0.000472063
0.000472105
0.000472145
0.000472183
0.00047222
0.000472256
0.000472291
0.000472328
0.000472366
0.000472408
0.000472455
0.00047251
0.000472575
0.000472653
0.000472746
0.000472858
0.000472988
0.000473135
0.000473294
0.00047345
0.000473581
0.00047365
0.000473588
0.000473292
0.000472857
0.00047184
0.000471879
0.000471918
0.000471955
0.000471991
0.000472028
0.000472065
0.000472104
0.000472147
0.000472195
0.000472252
0.00047232
0.000472402
0.000472503
0.000472628
0.00047278
0.000472964
0.00047318
0.000473426
0.00047369
0.000473948
0.000474153
0.000474206
0.000473945
0.000473471
0.000471644
0.000471682
0.000471719
0.000471755
0.000471791
0.000471827
0.000471865
0.000471906
0.000471953
0.000472007
0.000472071
0.00047215
0.000472248
0.000472371
0.000472525
0.000472719
0.00047296
0.000473255
0.000473607
0.000474012
0.000474451
0.000474874
0.00047515
0.00047503
0.000474617
0.000471475
0.000471511
0.000471547
0.000471582
0.000471617
0.000471653
0.000471691
0.000471734
0.000471782
0.000471839
0.000471909
0.000471996
0.000472106
0.000472247
0.000472428
0.00047266
0.000472956
0.000473333
0.000473804
0.000474381
0.000475067
0.000475821
0.000476494
0.000476745
0.000476648
0.000471331
0.000471366
0.000471401
0.000471434
0.000471468
0.000471503
0.000471541
0.000471583
0.000471631
0.000471689
0.000471761
0.000471852
0.000471968
0.00047212
0.000472317
0.000472577
0.000472919
0.000473368
0.000473957
0.000474724
0.000475707
0.000476925
0.000478291
0.000479507
0.0004805
0.000471209
0.000471243
0.000471276
0.000471309
0.000471341
0.000471374
0.000471409
0.000471449
0.000471494
0.00047155
0.000471619
0.000471707
0.000471822
0.000471973
0.000472173
0.000472441
0.000472802
0.000473292
0.000473963
0.000474892
0.000476186
0.000477975
0.000480479
0.000484244
0.000489361
0.000471115
0.000471149
0.00047118
0.000471211
0.000471242
0.000471272
0.000471305
0.000471341
0.000471382
0.000471433
0.000471496
0.000471578
0.000471685
0.000471828
0.000472018
0.000472277
0.000472632
0.000473125
0.000473824
0.000474846
0.000476374
0.000478694
0.000482536
0.000490739
0.000506944
0.000628015
0.000610479
0.000600337
0.000591708
0.000584131
0.000577349
0.000571072
0.000565128
0.000559424
0.000553899
0.000548508
0.000543218
0.000538004
0.000532844
0.000527723
0.000522629
0.000517553
0.000512489
0.000507431
0.000502377
0.000497323
0.000492268
0.00048721
0.00048215
0.000477086
0.000472019
0.000466949
0.000461876
0.000456799
0.000451721
0.00044664
0.000441557
0.000436472
0.000431387
0.000426301
0.000421214
0.000416128
0.000411041
0.000405956
0.000400871
0.000395788
0.000390706
0.000385626
0.000380548
0.000375473
0.000370399
0.000365329
0.000360261
0.000355195
0.000350133
0.000345074
0.000340018
0.000334966
0.000329916
0.000324871
0.000319828
0.000314789
0.000309754
0.000304722
0.000299694
0.000294669
0.000289648
0.00028463
0.000279616
0.000274605
0.000269597
0.000264593
0.000259593
0.000254595
0.000249601
0.00024461
0.000239622
0.000234637
0.000229655
0.000224677
0.000219701
0.000214727
0.000209757
0.000204789
0.000199824
0.000194861
0.000189901
0.000184943
0.000179987
0.000175033
0.000170082
0.000165133
0.000160185
0.00015524
0.000150296
0.000145355
0.000140414
0.000135476
0.000130539
0.000125603
0.000120669
0.000115736
0.000110805
0.000105874
0.000100945
9.60171e-05
9.109e-05
8.61639e-05
8.12386e-05
7.63142e-05
7.13906e-05
6.64677e-05
6.15454e-05
5.66238e-05
5.17028e-05
4.67822e-05
4.18621e-05
3.69424e-05
3.20231e-05
2.7104e-05
2.21853e-05
1.72667e-05
1.2348e-05
7.42841e-06
2.48191e-06
0.000623872
0.00060957
0.000599554
0.000591208
0.000583802
0.000577089
0.000570853
0.000564945
0.000559274
0.000553777
0.000548411
0.000543141
0.000537943
0.000532795
0.000527684
0.000522598
0.000517529
0.00051247
0.000507416
0.000502365
0.000497313
0.00049226
0.000487204
0.000482146
0.000477083
0.000472017
0.000466947
0.000461874
0.000456799
0.00045172
0.000446639
0.000441556
0.000436472
0.000431387
0.0004263
0.000421214
0.000416127
0.000411041
0.000405956
0.000400871
0.000395788
0.000390706
0.000385626
0.000380548
0.000375472
0.000370399
0.000365328
0.00036026
0.000355195
0.000350132
0.000345073
0.000340017
0.000334965
0.000329916
0.00032487
0.000319827
0.000314788
0.000309753
0.000304721
0.000299693
0.000294668
0.000289647
0.000284629
0.000279615
0.000274604
0.000269596
0.000264592
0.000259592
0.000254594
0.0002496
0.000244609
0.000239621
0.000234637
0.000229655
0.000224676
0.0002197
0.000214727
0.000209756
0.000204788
0.000199823
0.00019486
0.0001899
0.000184942
0.000179986
0.000175033
0.000170082
0.000165132
0.000160185
0.00015524
0.000150296
0.000145354
0.000140414
0.000135475
0.000130538
0.000125603
0.000120669
0.000115736
0.000110804
0.000105874
0.000100945
9.60169e-05
9.10898e-05
8.61637e-05
8.12384e-05
7.6314e-05
7.13904e-05
6.64675e-05
6.15453e-05
5.66237e-05
5.17026e-05
4.67821e-05
4.1862e-05
3.69423e-05
3.2023e-05
2.7104e-05
2.21852e-05
1.72668e-05
1.23482e-05
7.42944e-06
2.48258e-06
0.00061735
0.000606617
0.000597706
0.000589918
0.000582866
0.000576374
0.000570292
0.000564502
0.000558925
0.000553503
0.000548197
0.000542974
0.000537812
0.000532693
0.000527604
0.000522536
0.00051748
0.000512431
0.000507386
0.000502341
0.000497295
0.000492246
0.000487193
0.000482137
0.000477076
0.000472012
0.000466943
0.000461872
0.000456796
0.000451718
0.000446638
0.000441555
0.000436471
0.000431386
0.0004263
0.000421213
0.000416127
0.000411041
0.000405955
0.000400871
0.000395787
0.000390705
0.000385625
0.000380547
0.000375471
0.000370398
0.000365327
0.000360259
0.000355194
0.000350132
0.000345073
0.000340017
0.000334964
0.000329915
0.000324869
0.000319827
0.000314788
0.000309752
0.00030472
0.000299692
0.000294667
0.000289646
0.000284628
0.000279614
0.000274603
0.000269596
0.000264592
0.000259591
0.000254594
0.000249599
0.000244608
0.000239621
0.000234636
0.000229654
0.000224675
0.000219699
0.000214726
0.000209756
0.000204788
0.000199823
0.00019486
0.0001899
0.000184942
0.000179986
0.000175033
0.000170081
0.000165132
0.000160185
0.000155239
0.000150296
0.000145354
0.000140414
0.000135475
0.000130538
0.000125603
0.000120669
0.000115736
0.000110804
0.000105874
0.000100945
9.60167e-05
9.10896e-05
8.61635e-05
8.12383e-05
7.63139e-05
7.13903e-05
6.64674e-05
6.15452e-05
5.66236e-05
5.17026e-05
4.6782e-05
4.18619e-05
3.69423e-05
3.2023e-05
2.71039e-05
2.21852e-05
1.72669e-05
1.23485e-05
7.42968e-06
2.48261e-06
0.000610671
0.000602405
0.000594809
0.00058782
0.000581312
0.000575197
0.000569385
0.000563799
0.000558379
0.00055308
0.000547868
0.000542719
0.000537614
0.00053254
0.000527485
0.000522443
0.000517408
0.000512375
0.000507342
0.000502306
0.000497268
0.000492224
0.000487176
0.000482124
0.000477066
0.000472004
0.000466937
0.000461867
0.000456793
0.000451715
0.000446636
0.000441554
0.00043647
0.000431385
0.000426299
0.000421213
0.000416126
0.00041104
0.000405955
0.00040087
0.000395787
0.000390705
0.000385625
0.000380547
0.000375471
0.000370398
0.000365327
0.000360259
0.000355194
0.000350131
0.000345072
0.000340016
0.000334964
0.000329915
0.000324869
0.000319826
0.000314787
0.000309752
0.00030472
0.000299692
0.000294667
0.000289646
0.000284628
0.000279614
0.000274603
0.000269595
0.000264591
0.000259591
0.000254593
0.000249599
0.000244608
0.00023962
0.000234636
0.000229654
0.000224675
0.000219699
0.000214726
0.000209755
0.000204788
0.000199822
0.00019486
0.000189899
0.000184941
0.000179986
0.000175032
0.000170081
0.000165132
0.000160184
0.000155239
0.000150295
0.000145354
0.000140414
0.000135475
0.000130538
0.000125603
0.000120668
0.000115736
0.000110804
0.000105874
0.000100945
9.60166e-05
9.10895e-05
8.61634e-05
8.12382e-05
7.63138e-05
7.13902e-05
6.64674e-05
6.15452e-05
5.66236e-05
5.17025e-05
4.6782e-05
4.18619e-05
3.69423e-05
3.2023e-05
2.71039e-05
2.21853e-05
1.72669e-05
1.23486e-05
7.42969e-06
2.4826e-06
0.000604394
0.000597811
0.000591376
0.000585222
0.000579338
0.000573683
0.000568214
0.000562892
0.000557677
0.000552538
0.00054745
0.000542396
0.000537365
0.000532347
0.000527336
0.000522327
0.000517317
0.000512304
0.000507286
0.000502263
0.000497233
0.000492197
0.000487155
0.000482107
0.000477053
0.000471993
0.000466929
0.00046186
0.000456787
0.000451711
0.000446632
0.000441551
0.000436468
0.000431384
0.000426298
0.000421212
0.000416126
0.00041104
0.000405954
0.00040087
0.000395787
0.000390705
0.000385625
0.000380547
0.000375471
0.000370398
0.000365327
0.000360259
0.000355194
0.000350132
0.000345073
0.000340017
0.000334964
0.000329915
0.000324869
0.000319827
0.000314788
0.000309752
0.00030472
0.000299692
0.000294667
0.000289646
0.000284628
0.000279614
0.000274603
0.000269596
0.000264592
0.000259591
0.000254594
0.000249599
0.000244608
0.000239621
0.000234636
0.000229654
0.000224675
0.000219699
0.000214726
0.000209756
0.000204788
0.000199823
0.00019486
0.0001899
0.000184942
0.000179986
0.000175033
0.000170081
0.000165132
0.000160185
0.000155239
0.000150296
0.000145354
0.000140414
0.000135475
0.000130538
0.000125603
0.000120669
0.000115736
0.000110804
0.000105874
0.000100945
9.60167e-05
9.10896e-05
8.61635e-05
8.12383e-05
7.63139e-05
7.13903e-05
6.64674e-05
6.15452e-05
5.66236e-05
5.17026e-05
4.67821e-05
4.1862e-05
3.69423e-05
3.2023e-05
2.7104e-05
2.21853e-05
1.72669e-05
1.23486e-05
7.42966e-06
2.48259e-06
0.000598531
0.000593132
0.000587675
0.000582328
0.000577099
0.000571943
0.00056686
0.000561843
0.000556868
0.000551915
0.000546971
0.000542028
0.000537082
0.000532128
0.000527167
0.000522196
0.000517215
0.000512224
0.000507223
0.000502213
0.000497194
0.000492166
0.00048713
0.000482087
0.000477037
0.000471981
0.000466919
0.000461852
0.000456781
0.000451707
0.000446629
0.000441548
0.000436466
0.000431382
0.000426297
0.000421211
0.000416125
0.00041104
0.000405954
0.00040087
0.000395787
0.000390705
0.000385626
0.000380548
0.000375472
0.000370399
0.000365328
0.00036026
0.000355195
0.000350132
0.000345073
0.000340017
0.000334965
0.000329916
0.00032487
0.000319827
0.000314788
0.000309753
0.000304721
0.000299693
0.000294668
0.000289647
0.000284629
0.000279615
0.000274604
0.000269596
0.000264592
0.000259592
0.000254594
0.0002496
0.000244609
0.000239621
0.000234637
0.000229655
0.000224676
0.0002197
0.000214727
0.000209756
0.000204788
0.000199823
0.00019486
0.0001899
0.000184942
0.000179986
0.000175033
0.000170082
0.000165132
0.000160185
0.00015524
0.000150296
0.000145354
0.000140414
0.000135476
0.000130539
0.000125603
0.000120669
0.000115736
0.000110805
0.000105874
0.000100945
9.6017e-05
9.10899e-05
8.61638e-05
8.12385e-05
7.63141e-05
7.13905e-05
6.64676e-05
6.15454e-05
5.66238e-05
5.17027e-05
4.67822e-05
4.18621e-05
3.69424e-05
3.20231e-05
2.71041e-05
2.21854e-05
1.7267e-05
1.23486e-05
7.42966e-06
2.48262e-06
0.000593021
0.000588475
0.000583861
0.000579283
0.000574701
0.000570067
0.00056541
0.000560728
0.000556013
0.00055126
0.000546469
0.000541642
0.000536785
0.000531899
0.000526989
0.000522058
0.000517107
0.000512139
0.000507157
0.000502161
0.000497152
0.000492133
0.000487104
0.000482066
0.00047702
0.000471967
0.000466908
0.000461844
0.000456774
0.000451701
0.000446625
0.000441545
0.000436463
0.00043138
0.000426296
0.00042121
0.000416125
0.000411039
0.000405954
0.00040087
0.000395788
0.000390706
0.000385626
0.000380548
0.000375473
0.0003704
0.000365329
0.000360261
0.000355196
0.000350134
0.000345075
0.000340019
0.000334966
0.000329917
0.000324871
0.000319829
0.00031479
0.000309754
0.000304723
0.000299694
0.000294669
0.000289648
0.00028463
0.000279616
0.000274605
0.000269598
0.000264594
0.000259593
0.000254596
0.000249601
0.00024461
0.000239623
0.000234638
0.000229656
0.000224677
0.000219701
0.000214728
0.000209757
0.000204789
0.000199824
0.000194861
0.000189901
0.000184943
0.000179987
0.000175034
0.000170082
0.000165133
0.000160186
0.00015524
0.000150297
0.000145355
0.000140415
0.000135476
0.000130539
0.000125604
0.000120669
0.000115737
0.000110805
0.000105875
0.000100945
9.60174e-05
9.10903e-05
8.61641e-05
8.12389e-05
7.63144e-05
7.13908e-05
6.64679e-05
6.15457e-05
5.6624e-05
5.1703e-05
4.67824e-05
4.18623e-05
3.69426e-05
3.20232e-05
2.71042e-05
2.21855e-05
1.72671e-05
1.23486e-05
7.42969e-06
2.48263e-06
0.000587835
0.000583911
0.000580064
0.000576214
0.000572266
0.000568182
0.000563967
0.000559628
0.000555175
0.00055062
0.00054598
0.000541268
0.000536497
0.000531677
0.000526817
0.000521924
0.000517002
0.000512057
0.000507091
0.000502109
0.000497111
0.0004921
0.000487077
0.000482045
0.000477003
0.000471953
0.000466897
0.000461835
0.000456767
0.000451696
0.00044662
0.000441542
0.000436461
0.000431378
0.000426294
0.00042121
0.000416124
0.000411039
0.000405955
0.000400871
0.000395788
0.000390707
0.000385627
0.00038055
0.000375474
0.000370401
0.00036533
0.000360263
0.000355197
0.000350135
0.000345076
0.000340021
0.000334968
0.000329919
0.000324873
0.000319831
0.000314792
0.000309756
0.000304724
0.000299696
0.000294671
0.00028965
0.000284632
0.000279618
0.000274607
0.0002696
0.000264596
0.000259595
0.000254597
0.000249603
0.000244612
0.000239624
0.000234639
0.000229657
0.000224679
0.000219702
0.000214729
0.000209759
0.000204791
0.000199825
0.000194863
0.000189902
0.000184944
0.000179989
0.000175035
0.000170084
0.000165134
0.000160187
0.000155241
0.000150298
0.000145356
0.000140416
0.000135477
0.00013054
0.000125604
0.00012067
0.000115737
0.000110806
0.000105875
0.000100946
9.60179e-05
9.10908e-05
8.61646e-05
8.12393e-05
7.63149e-05
7.13912e-05
6.64683e-05
6.1546e-05
5.66243e-05
5.17033e-05
4.67827e-05
4.18625e-05
3.69428e-05
3.20234e-05
2.71044e-05
2.21856e-05
1.72672e-05
1.23488e-05
7.42976e-06
2.48262e-06
0.000582988
0.000579493
0.0005764
0.000573296
0.000569987
0.000566433
0.000562639
0.000558622
0.000554413
0.000550042
0.00054554
0.000540932
0.000536238
0.000531477
0.000526662
0.000521802
0.000516906
0.000511981
0.000507031
0.00050206
0.000497072
0.000492069
0.000487052
0.000482024
0.000476986
0.00047194
0.000466886
0.000461826
0.00045676
0.00045169
0.000446616
0.000441538
0.000436458
0.000431376
0.000426293
0.000421209
0.000416124
0.000411039
0.000405955
0.000400872
0.000395789
0.000390708
0.000385629
0.000380551
0.000375476
0.000370403
0.000365332
0.000360264
0.000355199
0.000350137
0.000345078
0.000340023
0.00033497
0.000329921
0.000324875
0.000319833
0.000314794
0.000309759
0.000304727
0.000299698
0.000294674
0.000289652
0.000284634
0.00027962
0.000274609
0.000269602
0.000264598
0.000259597
0.000254599
0.000249605
0.000244614
0.000239626
0.000234641
0.000229659
0.00022468
0.000219704
0.000214731
0.00020976
0.000204792
0.000199827
0.000194864
0.000189904
0.000184946
0.00017999
0.000175036
0.000170085
0.000165135
0.000160188
0.000155242
0.000150299
0.000145357
0.000140417
0.000135478
0.000130541
0.000125605
0.000120671
0.000115738
0.000110806
0.000105876
0.000100947
9.60186e-05
9.10914e-05
8.61652e-05
8.12399e-05
7.63154e-05
7.13917e-05
6.64687e-05
6.15464e-05
5.66247e-05
5.17036e-05
4.6783e-05
4.18628e-05
3.69431e-05
3.20236e-05
2.71045e-05
2.21857e-05
1.72673e-05
1.23488e-05
7.42984e-06
2.48265e-06
0.000578455
0.000575206
0.000572982
0.000570687
0.000568013
0.000564954
0.000561536
0.000557799
0.000553795
0.000549576
0.000545186
0.000540661
0.000536029
0.000531315
0.000526534
0.000521701
0.000516826
0.000511917
0.000506979
0.000502019
0.000497038
0.000492041
0.00048703
0.000482006
0.000476972
0.000471928
0.000466876
0.000461818
0.000456754
0.000451685
0.000446612
0.000441535
0.000436456
0.000431375
0.000426292
0.000421208
0.000416124
0.00041104
0.000405956
0.000400872
0.00039579
0.000390709
0.00038563
0.000380553
0.000375478
0.000370405
0.000365334
0.000360267
0.000355202
0.00035014
0.000345081
0.000340025
0.000334973
0.000329924
0.000324878
0.000319835
0.000314797
0.000309761
0.000304729
0.000299701
0.000294676
0.000289655
0.000284637
0.000279623
0.000274612
0.000269604
0.0002646
0.000259599
0.000254602
0.000249607
0.000244616
0.000239628
0.000234643
0.000229661
0.000224682
0.000219706
0.000214733
0.000209762
0.000204794
0.000199829
0.000194866
0.000189905
0.000184947
0.000179991
0.000175038
0.000170086
0.000165137
0.000160189
0.000155244
0.0001503
0.000145358
0.000140418
0.000135479
0.000130542
0.000125606
0.000120672
0.000115739
0.000110807
0.000105877
0.000100948
9.60193e-05
9.10921e-05
8.61659e-05
8.12405e-05
7.6316e-05
7.13922e-05
6.64692e-05
6.15469e-05
5.66251e-05
5.1704e-05
4.67833e-05
4.18631e-05
3.69433e-05
3.20239e-05
2.71047e-05
2.21859e-05
1.72674e-05
1.23489e-05
7.42988e-06
2.48268e-06
0.000573655
0.000570676
0.000569831
0.000568513
0.000566476
0.000563866
0.000560761
0.00055724
0.000553385
0.00054927
0.000544954
0.000540481
0.000535889
0.000531203
0.000526445
0.000521629
0.000516767
0.000511869
0.00050694
0.000501986
0.000497011
0.000492019
0.000487011
0.000481991
0.000476959
0.000471918
0.000466868
0.000461811
0.000456748
0.00045168
0.000446608
0.000441532
0.000436454
0.000431373
0.000426291
0.000421208
0.000416124
0.00041104
0.000405956
0.000400873
0.000395791
0.000390711
0.000385632
0.000380554
0.000375479
0.000370407
0.000365336
0.000360269
0.000355204
0.000350142
0.000345083
0.000340028
0.000334975
0.000329926
0.00032488
0.000319838
0.000314799
0.000309764
0.000304732
0.000299704
0.000294679
0.000289657
0.00028464
0.000279625
0.000274614
0.000269607
0.000264603
0.000259602
0.000254604
0.00024961
0.000244619
0.000239631
0.000234646
0.000229664
0.000224685
0.000219708
0.000214735
0.000209764
0.000204796
0.000199831
0.000194868
0.000189907
0.000184949
0.000179993
0.000175039
0.000170088
0.000165138
0.000160191
0.000155245
0.000150301
0.000145359
0.000140419
0.00013548
0.000130543
0.000125607
0.000120673
0.00011574
0.000110808
0.000105878
0.000100948
9.60201e-05
9.10928e-05
8.61665e-05
8.12411e-05
7.63166e-05
7.13928e-05
6.64697e-05
6.15473e-05
5.66256e-05
5.17044e-05
4.67837e-05
4.18634e-05
3.69436e-05
3.20241e-05
2.71049e-05
2.2186e-05
1.72674e-05
1.23487e-05
7.42968e-06
2.48265e-06
0.000566951
0.00056606
0.000567548
0.000567117
0.000565554
0.000563265
0.000560367
0.000556974
0.000553199
0.000549134
0.00054485
0.000540399
0.000535822
0.000531148
0.000526398
0.00052159
0.000516734
0.00051184
0.000506916
0.000501966
0.000496994
0.000492004
0.000486999
0.00048198
0.00047695
0.00047191
0.000466862
0.000461806
0.000456744
0.000451677
0.000446606
0.00044153
0.000436452
0.000431372
0.00042629
0.000421207
0.000416124
0.00041104
0.000405957
0.000400874
0.000395792
0.000390712
0.000385633
0.000380556
0.000375481
0.000370408
0.000365338
0.00036027
0.000355206
0.000350144
0.000345085
0.00034003
0.000334977
0.000329928
0.000324882
0.00031984
0.000314801
0.000309766
0.000304734
0.000299706
0.000294681
0.00028966
0.000284642
0.000279627
0.000274616
0.000269609
0.000264605
0.000259604
0.000254606
0.000249612
0.00024462
0.000239632
0.000234647
0.000229665
0.000224686
0.00021971
0.000214737
0.000209766
0.000204798
0.000199832
0.000194869
0.000189909
0.00018495
0.000179994
0.000175041
0.000170089
0.00016514
0.000160192
0.000155246
0.000150302
0.00014536
0.00014042
0.000135481
0.000130544
0.000125608
0.000120674
0.000115741
0.000110809
0.000105878
0.000100949
9.60207e-05
9.10934e-05
8.61671e-05
8.12416e-05
7.6317e-05
7.13932e-05
6.64701e-05
6.15477e-05
5.66259e-05
5.17047e-05
4.6784e-05
4.18637e-05
3.69438e-05
3.20243e-05
2.71051e-05
2.21861e-05
1.72674e-05
1.23485e-05
7.42869e-06
2.482e-06
)
;

boundaryField
{
    frontWall
    {
        type            empty;
    }
    backWall
    {
        type            empty;
    }
    sideWall
    {
        type            zeroGradient;
    }
    outlet
    {
        type            fixedValue;
        value           uniform 0;
    }
    inlet
    {
        type            zeroGradient;
    }
}


// ************************************************************************* //
