/*--------------------------------*- C++ -*----------------------------------*\
  =========                 |
  \\      /  F ield         | OpenFOAM: The Open Source CFD Toolbox
   \\    /   O peration     | Website:  https://openfoam.org
    \\  /    A nd           | Version:  13
     \\/     M anipulation  |
\*---------------------------------------------------------------------------*/
FoamFile
{
    format      ascii;
    class       volScalarField;
    location    "11";
    object      p;
}
// * * * * * * * * * * * * * * * * * * * * * * * * * * * * * * * * * * * * * //

dimensions      [0 2 -2 0 0 0 0];

internalField   nonuniform List<scalar> 
6440
(
0.000725598
0.000725652
0.000725755
0.000725905
0.000726101
0.00072634
0.000726617
0.000726928
0.000727264
0.00072761
0.000727942
0.000728244
0.000728501
0.000728698
0.000728825
0.000728878
0.000728857
0.000728768
0.000728627
0.000728448
0.000728242
0.000728022
0.000727804
0.000727601
0.000727448
0.000725335
0.000725382
0.000725469
0.000725594
0.000725757
0.000725956
0.000726188
0.000726451
0.000726738
0.000727041
0.000727344
0.000727626
0.000727874
0.000728077
0.000728222
0.000728309
0.000728341
0.000728316
0.000728237
0.000728096
0.000727884
0.000727624
0.000727345
0.00072707
0.000726835
0.000724982
0.000725027
0.000725103
0.000725213
0.000725356
0.00072553
0.000725734
0.000725965
0.000726217
0.000726486
0.000726759
0.000727022
0.000727262
0.000727476
0.00072767
0.000727826
0.00072793
0.000727969
0.000727894
0.000727732
0.000727497
0.000727197
0.000726851
0.000726518
0.000726239
0.000724591
0.000724634
0.000724705
0.000724807
0.000724939
0.000725099
0.000725285
0.000725495
0.000725723
0.000725967
0.000726221
0.000726475
0.000726731
0.000727002
0.000727255
0.00072747
0.00072763
0.000727696
0.000727632
0.000727467
0.00072721
0.000726855
0.00072645
0.00072606
0.000725738
0.000724172
0.000724212
0.000724281
0.000724378
0.000724504
0.000724655
0.000724829
0.000725024
0.000725235
0.000725461
0.000725705
0.000725961
0.000726261
0.000726574
0.000726876
0.000727142
0.000727347
0.000727469
0.000727458
0.000727303
0.000727028
0.00072664
0.00072618
0.000725729
0.000725356
0.000723727
0.000723764
0.000723832
0.000723929
0.000724051
0.000724197
0.000724365
0.00072455
0.000724751
0.000724968
0.000725214
0.000725501
0.000725829
0.000726173
0.000726513
0.000726823
0.000727073
0.000727248
0.000727298
0.000727195
0.000726934
0.000726524
0.000726012
0.000725496
0.000725068
0.000723259
0.000723292
0.000723356
0.000723459
0.000723583
0.000723729
0.000723896
0.000724081
0.000724283
0.000724505
0.000724762
0.000725067
0.000725411
0.000725776
0.000726145
0.000726497
0.000726797
0.000727021
0.000727132
0.000727083
0.000726855
0.000726452
0.000725903
0.000725318
0.00072483
0.000722764
0.000722798
0.000722862
0.00072296
0.000723096
0.000723249
0.000723423
0.000723616
0.000723826
0.000724056
0.00072432
0.000724633
0.000724982
0.000725355
0.000725741
0.000726124
0.000726471
0.000726752
0.000726918
0.000726932
0.00072675
0.000726362
0.000725797
0.000725136
0.000724582
0.000722239
0.000722274
0.000722342
0.000722448
0.000722586
0.000722756
0.000722946
0.000723152
0.000723376
0.000723617
0.000723884
0.000724197
0.000724538
0.000724903
0.000725288
0.000725684
0.000726069
0.000726393
0.000726624
0.000726695
0.00072656
0.000726199
0.000725619
0.000724899
0.000724279
0.000721677
0.000721715
0.00072179
0.000721907
0.000722061
0.000722246
0.000722456
0.000722686
0.000722931
0.000723192
0.000723469
0.000723772
0.000724093
0.000724434
0.000724795
0.000725179
0.00072557
0.000725921
0.000726201
0.00072633
0.000726248
0.000725911
0.000725327
0.000724595
0.000723905
0.000721076
0.000721117
0.000721201
0.000721331
0.000721503
0.00072171
0.000721946
0.0007222
0.000722472
0.000722756
0.00072305
0.000723359
0.000723654
0.000723955
0.000724277
0.000724618
0.000724971
0.000725311
0.000725612
0.000725792
0.000725775
0.000725489
0.000724915
0.000724153
0.000723425
0.000720434
0.000720478
0.00072057
0.000720714
0.000720904
0.000721134
0.000721397
0.000721675
0.000721972
0.000722278
0.000722585
0.000722881
0.000723191
0.000723485
0.00072377
0.00072404
0.000724307
0.000724585
0.000724859
0.000725067
0.000725107
0.000724913
0.000724378
0.000723609
0.000722872
0.000719751
0.000719799
0.000719898
0.000720053
0.000720259
0.00072051
0.000720794
0.000721099
0.000721419
0.00072175
0.000722077
0.000722392
0.00072269
0.000722988
0.000723249
0.000723481
0.000723695
0.000723878
0.000724043
0.000724211
0.000724298
0.000724182
0.000723738
0.000722991
0.000722246
0.000719033
0.000719084
0.000719188
0.00071935
0.000719565
0.000719834
0.00072013
0.000720454
0.000720801
0.00072116
0.000721517
0.000721859
0.00072218
0.000722465
0.000722731
0.000722948
0.000723114
0.000723241
0.000723334
0.000723398
0.000723431
0.000723354
0.00072299
0.000722343
0.000721663
0.000718287
0.000718339
0.000718445
0.000718607
0.000718835
0.000719098
0.000719401
0.000719738
0.000720103
0.000720485
0.000720874
0.000721254
0.000721612
0.000721934
0.000722201
0.000722426
0.000722598
0.000722706
0.000722753
0.000722765
0.000722734
0.000722623
0.000722332
0.000721736
0.000721187
0.000717523
0.000717576
0.000717681
0.000717843
0.000718055
0.000718312
0.000718612
0.000718948
0.000719317
0.000719712
0.000720124
0.00072054
0.000720944
0.00072132
0.000721653
0.000721924
0.000722131
0.000722268
0.000722323
0.00072232
0.000722284
0.000722161
0.00072187
0.000721376
0.000720873
0.000716753
0.000716806
0.000716907
0.000717056
0.00071725
0.000717489
0.000717769
0.000718089
0.000718445
0.000718832
0.000719245
0.000719678
0.000720121
0.000720553
0.000720962
0.000721331
0.00072163
0.000721857
0.000721995
0.000722048
0.000722043
0.000721996
0.000721756
0.000721354
0.000720847
0.000715991
0.000716042
0.000716134
0.000716265
0.000716435
0.000716644
0.000716892
0.000717177
0.000717498
0.000717853
0.000718239
0.000718655
0.000719099
0.000719563
0.000720029
0.000720488
0.000720915
0.000721293
0.000721591
0.000721817
0.000721971
0.000722052
0.000721997
0.000721785
0.00072127
0.000715251
0.000715299
0.000715379
0.00071549
0.00071563
0.000715802
0.000716005
0.00071624
0.000716506
0.000716804
0.000717135
0.000717498
0.000717894
0.000718327
0.000718796
0.000719288
0.0007198
0.00072032
0.000720857
0.000721391
0.000721895
0.000722322
0.000722596
0.000722792
0.000722705
0.000714546
0.000714588
0.000714656
0.000714745
0.000714857
0.000714992
0.000715149
0.00071533
0.000715535
0.000715767
0.000716028
0.00071632
0.000716647
0.000717014
0.00071743
0.000717902
0.000718436
0.000719049
0.000719741
0.000720541
0.000721432
0.00072239
0.00072334
0.00072415
0.000724911
0.000713885
0.000713929
0.000713995
0.000714076
0.000714173
0.000714287
0.000714416
0.000714562
0.000714726
0.000714909
0.000715114
0.000715343
0.000715601
0.000715891
0.000716221
0.000716601
0.000717041
0.000717557
0.000718241
0.000719071
0.000720081
0.000721338
0.000723039
0.000725779
0.000730697
0.000713249
0.000713296
0.000713362
0.000713442
0.000713537
0.000713648
0.000713774
0.000713914
0.00071407
0.000714244
0.000714439
0.000714657
0.000714904
0.000715185
0.000715508
0.000715882
0.000716324
0.000716861
0.000717537
0.000718378
0.000719428
0.000720793
0.000722714
0.000725617
0.000729794
0.000712642
0.000712693
0.000712762
0.000712844
0.000712941
0.000713053
0.000713179
0.000713319
0.000713475
0.000713648
0.00071384
0.000714055
0.000714298
0.000714577
0.000714899
0.000715276
0.000715722
0.000716263
0.000716934
0.000717772
0.000718826
0.000720186
0.000722013
0.000724504
0.000727678
0.000712065
0.000712119
0.000712191
0.000712275
0.000712373
0.000712485
0.000712611
0.00071275
0.000712904
0.000713074
0.000713261
0.000713471
0.000713707
0.000713977
0.000714289
0.000714654
0.000715087
0.000715607
0.000716243
0.000717027
0.000717999
0.000719216
0.000720751
0.00072265
0.000724819
0.000711519
0.000711576
0.00071165
0.000711735
0.000711832
0.000711943
0.000712066
0.000712201
0.00071235
0.000712513
0.000712692
0.00071289
0.000713113
0.000713366
0.000713657
0.000713996
0.000714394
0.000714868
0.000715436
0.000716122
0.000716948
0.000717941
0.000719117
0.000720458
0.000721865
0.000711005
0.000711065
0.00071114
0.000711224
0.000711319
0.000711427
0.000711545
0.000711674
0.000711815
0.000711967
0.000712134
0.000712317
0.00071252
0.000712749
0.00071301
0.00071331
0.000713658
0.000714066
0.000714545
0.000715107
0.00071576
0.000716508
0.00071734
0.000718217
0.000719057
0.000710524
0.000710584
0.00071066
0.000710742
0.000710835
0.000710937
0.000711049
0.00071117
0.0007113
0.00071144
0.00071159
0.000711753
0.000711932
0.000712131
0.000712354
0.000712607
0.000712896
0.000713226
0.000713604
0.000714031
0.000714507
0.000715022
0.000715552
0.000716055
0.000716463
0.000710075
0.000710136
0.00071021
0.000710291
0.000710379
0.000710475
0.000710579
0.00071069
0.000710808
0.000710932
0.000711063
0.000711203
0.000711354
0.000711519
0.000711699
0.0007119
0.000712123
0.00071237
0.000712642
0.000712936
0.000713244
0.00071355
0.000713826
0.000714032
0.000714111
0.000709658
0.000709719
0.000709792
0.000709869
0.000709952
0.000710041
0.000710136
0.000710235
0.000710338
0.000710445
0.000710555
0.00071067
0.00071079
0.000710918
0.000711053
0.000711198
0.000711353
0.000711518
0.000711688
0.000711857
0.000712013
0.000712137
0.000712205
0.000712177
0.000712007
0.000709274
0.000709334
0.000709404
0.000709477
0.000709554
0.000709635
0.00070972
0.000709806
0.000709894
0.000709982
0.00071007
0.000710158
0.000710246
0.000710335
0.000710425
0.000710514
0.000710603
0.000710687
0.000710762
0.000710818
0.000710841
0.000710814
0.000710712
0.000710502
0.000710144
0.000708921
0.00070898
0.000709047
0.000709115
0.000709186
0.000709258
0.000709332
0.000709405
0.000709476
0.000709544
0.000709609
0.00070967
0.000709726
0.000709777
0.000709821
0.000709857
0.000709883
0.000709893
0.000709882
0.000709838
0.000709748
0.000709596
0.000709358
0.000709007
0.000708509
0.000708601
0.000708658
0.000708722
0.000708784
0.000708847
0.000708911
0.000708972
0.000709031
0.000709086
0.000709135
0.000709176
0.00070921
0.000709234
0.000709248
0.000709249
0.000709235
0.000709203
0.000709146
0.000709058
0.000708929
0.000708745
0.000708491
0.000708146
0.000707687
0.000707087
0.000708312
0.000708367
0.000708426
0.000708483
0.000708539
0.000708593
0.000708643
0.000708687
0.000708725
0.000708754
0.000708773
0.000708781
0.000708775
0.000708753
0.000708714
0.000708654
0.00070857
0.000708454
0.000708301
0.000708099
0.000707838
0.000707502
0.000707074
0.000706535
0.000705862
0.000708054
0.000708106
0.000708162
0.000708213
0.000708261
0.000708305
0.000708343
0.000708374
0.000708395
0.000708405
0.000708403
0.000708385
0.00070835
0.000708296
0.000708221
0.00070812
0.000707989
0.000707822
0.000707613
0.000707351
0.000707027
0.000706627
0.000706137
0.000705539
0.000704817
0.000707827
0.000707876
0.000707928
0.000707973
0.000708013
0.000708047
0.000708074
0.000708091
0.000708097
0.000708089
0.000708065
0.000708024
0.000707963
0.00070788
0.000707771
0.000707634
0.000707463
0.000707253
0.000706997
0.000706687
0.000706313
0.000705864
0.000705328
0.00070469
0.000703936
0.00070763
0.000707676
0.000707723
0.000707763
0.000707795
0.00070782
0.000707836
0.00070784
0.00070783
0.000707806
0.000707763
0.0007077
0.000707616
0.000707506
0.000707369
0.000707199
0.000706994
0.000706748
0.000706455
0.000706106
0.000705694
0.000705209
0.00070464
0.000703976
0.000703204
0.000707463
0.000707506
0.000707549
0.000707582
0.000707607
0.000707623
0.000707628
0.00070762
0.000707597
0.000707556
0.000707496
0.000707414
0.000707308
0.000707176
0.000707013
0.000706817
0.000706584
0.000706308
0.000705984
0.000705606
0.000705165
0.000704654
0.000704064
0.000703385
0.000702608
0.000707324
0.000707365
0.000707403
0.000707431
0.000707449
0.000707457
0.000707452
0.000707432
0.000707396
0.000707341
0.000707265
0.000707166
0.000707042
0.000706889
0.000706705
0.000706487
0.00070623
0.000705931
0.000705584
0.000705184
0.000704723
0.000704195
0.000703593
0.000702908
0.000702134
0.000707214
0.000707252
0.000707286
0.000707309
0.00070732
0.00070732
0.000707305
0.000707275
0.000707227
0.00070716
0.00070707
0.000706956
0.000706815
0.000706646
0.000706444
0.000706208
0.000705933
0.000705616
0.000705252
0.000704836
0.000704362
0.000703825
0.000703218
0.000702536
0.000701771
0.000707131
0.000707167
0.000707197
0.000707215
0.00070722
0.000707212
0.000707189
0.00070715
0.000707091
0.000707012
0.00070691
0.000706783
0.000706629
0.000706446
0.00070623
0.00070598
0.000705691
0.000705361
0.000704985
0.000704558
0.000704078
0.000703537
0.000702932
0.000702257
0.000701508
0.000707076
0.000707108
0.000707135
0.000707148
0.000707147
0.000707133
0.000707102
0.000707054
0.000706987
0.000706898
0.000706785
0.000706648
0.000706483
0.000706288
0.000706061
0.0007058
0.000705501
0.000705162
0.000704778
0.000704347
0.000703864
0.000703326
0.000702727
0.000702065
0.000701335
0.000707046
0.000707076
0.000707099
0.000707108
0.000707102
0.000707082
0.000707044
0.000706989
0.000706913
0.000706816
0.000706695
0.000706548
0.000706374
0.00070617
0.000705935
0.000705666
0.000705361
0.000705016
0.000704629
0.000704197
0.000703717
0.000703184
0.000702596
0.00070195
0.000701242
0.000707041
0.000707069
0.000707089
0.000707094
0.000707083
0.000707057
0.000707014
0.000706952
0.000706869
0.000706765
0.000706636
0.000706483
0.000706302
0.000706092
0.000705851
0.000705577
0.000705268
0.000704921
0.000704534
0.000704105
0.00070363
0.000703107
0.000702532
0.000701905
0.000701222
0.000707061
0.000707086
0.000707103
0.000707104
0.00070709
0.000707059
0.00070701
0.000706943
0.000706854
0.000706744
0.00070661
0.000706451
0.000706265
0.00070605
0.000705806
0.00070553
0.00070522
0.000704873
0.000704489
0.000704065
0.000703598
0.000703087
0.000702529
0.000701923
0.000701267
0.000707103
0.000707127
0.000707141
0.000707139
0.00070712
0.000707085
0.000707032
0.00070696
0.000706867
0.000706752
0.000706614
0.00070645
0.000706261
0.000706044
0.000705798
0.000705521
0.000705212
0.000704869
0.00070449
0.000704074
0.000703618
0.000703121
0.000702581
0.000701998
0.000701369
0.000707168
0.00070719
0.000707201
0.000707196
0.000707174
0.000707136
0.000707079
0.000707003
0.000706906
0.000706787
0.000706646
0.00070648
0.000706289
0.000706071
0.000705825
0.00070555
0.000705244
0.000704906
0.000704534
0.000704127
0.000703683
0.000703202
0.000702682
0.000702122
0.000701522
0.000707253
0.000707273
0.000707283
0.000707275
0.00070725
0.000707209
0.000707149
0.00070707
0.00070697
0.000706849
0.000706705
0.000706538
0.000706346
0.000706129
0.000705884
0.000705612
0.000705311
0.000704979
0.000704616
0.00070422
0.000703791
0.000703327
0.000702827
0.000702292
0.00070172
0.000707359
0.000707377
0.000707384
0.000707374
0.000707347
0.000707303
0.000707241
0.000707159
0.000707057
0.000706935
0.00070679
0.000706622
0.000706431
0.000706215
0.000705974
0.000705706
0.000705411
0.000705087
0.000704734
0.00070435
0.000703936
0.00070349
0.000703012
0.000702501
0.000701958
0.000707483
0.0007075
0.000707505
0.000707493
0.000707464
0.000707418
0.000707353
0.00070727
0.000707167
0.000707043
0.000706898
0.000706731
0.000706542
0.000706329
0.000706091
0.000705829
0.00070554
0.000705225
0.000704883
0.000704513
0.000704114
0.000703687
0.00070323
0.000702745
0.000702231
0.000707625
0.00070764
0.000707643
0.00070763
0.000707599
0.000707551
0.000707485
0.000707401
0.000707297
0.000707173
0.000707029
0.000706863
0.000706676
0.000706467
0.000706234
0.000705978
0.000705697
0.000705392
0.000705061
0.000704705
0.000704323
0.000703914
0.00070348
0.000703019
0.000702533
0.000707783
0.000707797
0.000707798
0.000707783
0.000707751
0.000707702
0.000707635
0.00070755
0.000707446
0.000707323
0.00070718
0.000707016
0.000706832
0.000706627
0.0007064
0.000706151
0.000705879
0.000705584
0.000705266
0.000704924
0.000704558
0.000704169
0.000703756
0.00070332
0.000702861
0.000707956
0.000707969
0.000707969
0.000707952
0.000707919
0.000707869
0.000707802
0.000707717
0.000707613
0.000707491
0.00070735
0.000707189
0.000707009
0.000706808
0.000706587
0.000706346
0.000706083
0.000705799
0.000705493
0.000705166
0.000704817
0.000704447
0.000704055
0.000703643
0.000703211
0.000708144
0.000708155
0.000708154
0.000708136
0.000708102
0.000708051
0.000707984
0.000707899
0.000707796
0.000707675
0.000707537
0.000707379
0.000707203
0.000707008
0.000706794
0.00070656
0.000706307
0.000706034
0.000705741
0.000705429
0.000705096
0.000704745
0.000704374
0.000703986
0.000703579
0.000708344
0.000708354
0.000708352
0.000708333
0.000708299
0.000708248
0.00070818
0.000708096
0.000707994
0.000707875
0.000707739
0.000707585
0.000707414
0.000707225
0.000707018
0.000706792
0.000706549
0.000706287
0.000706007
0.000705709
0.000705394
0.00070506
0.000704711
0.000704345
0.000703963
0.000708556
0.000708565
0.000708562
0.000708542
0.000708507
0.000708456
0.000708389
0.000708306
0.000708206
0.000708089
0.000707956
0.000707806
0.00070764
0.000707457
0.000707257
0.00070704
0.000706806
0.000706556
0.000706289
0.000706006
0.000705706
0.000705391
0.000705061
0.000704717
0.00070436
0.000708779
0.000708786
0.000708782
0.000708762
0.000708727
0.000708676
0.00070861
0.000708528
0.00070843
0.000708316
0.000708186
0.00070804
0.000707879
0.000707702
0.000707509
0.000707301
0.000707078
0.000706838
0.000706584
0.000706315
0.000706032
0.000705734
0.000705424
0.000705101
0.000704766
0.000709011
0.000709017
0.000709013
0.000708992
0.000708957
0.000708907
0.000708841
0.00070876
0.000708664
0.000708553
0.000708427
0.000708286
0.00070813
0.000707959
0.000707774
0.000707575
0.000707361
0.000707133
0.000706891
0.000706636
0.000706368
0.000706088
0.000705796
0.000705493
0.00070518
0.000709251
0.000709257
0.000709252
0.000709231
0.000709196
0.000709146
0.000709082
0.000709002
0.000708908
0.0007088
0.000708678
0.000708541
0.000708391
0.000708227
0.000708049
0.000707858
0.000707654
0.000707437
0.000707208
0.000706967
0.000706714
0.00070645
0.000706175
0.000705892
0.0007056
0.000709499
0.000709504
0.000709498
0.000709478
0.000709443
0.000709394
0.00070933
0.000709253
0.000709161
0.000709056
0.000708937
0.000708805
0.000708661
0.000708503
0.000708333
0.000708151
0.000707956
0.00070775
0.000707533
0.000707305
0.000707066
0.000706818
0.000706561
0.000706296
0.000706024
0.000709753
0.000709758
0.000709751
0.000709731
0.000709696
0.000709648
0.000709586
0.00070951
0.000709421
0.000709319
0.000709205
0.000709077
0.000708938
0.000708787
0.000708624
0.00070845
0.000708266
0.00070807
0.000707864
0.000707649
0.000707424
0.000707191
0.00070695
0.000706703
0.000706449
0.000710013
0.000710017
0.00071001
0.000709989
0.000709956
0.000709908
0.000709848
0.000709774
0.000709688
0.000709589
0.000709478
0.000709356
0.000709222
0.000709077
0.000708922
0.000708756
0.000708581
0.000708395
0.000708201
0.000707998
0.000707787
0.000707568
0.000707343
0.000707112
0.000706876
0.000710277
0.00071028
0.000710273
0.000710253
0.00071022
0.000710174
0.000710115
0.000710043
0.00070996
0.000709864
0.000709757
0.00070964
0.000709511
0.000709373
0.000709225
0.000709067
0.0007089
0.000708725
0.000708541
0.00070835
0.000708151
0.000707947
0.000707736
0.000707521
0.000707302
0.000710544
0.000710547
0.00071054
0.00071052
0.000710488
0.000710443
0.000710386
0.000710317
0.000710236
0.000710143
0.000710041
0.000709928
0.000709805
0.000709672
0.000709531
0.000709381
0.000709223
0.000709057
0.000708884
0.000708704
0.000708518
0.000708326
0.00070813
0.000707929
0.000707726
0.000710814
0.000710817
0.00071081
0.000710791
0.000710759
0.000710716
0.00071066
0.000710593
0.000710515
0.000710426
0.000710327
0.000710219
0.000710101
0.000709975
0.000709841
0.000709698
0.000709549
0.000709392
0.000709229
0.000709059
0.000708885
0.000708705
0.000708522
0.000708335
0.000708147
0.000711086
0.000711089
0.000711082
0.000711064
0.000711033
0.000710991
0.000710937
0.000710872
0.000710797
0.000710712
0.000710617
0.000710513
0.0007104
0.00071028
0.000710152
0.000710017
0.000709875
0.000709727
0.000709574
0.000709415
0.000709251
0.000709083
0.000708912
0.000708739
0.000708564
0.000711359
0.000711362
0.000711356
0.000711338
0.000711308
0.000711268
0.000711216
0.000711154
0.000711081
0.000710999
0.000710908
0.000710808
0.000710701
0.000710586
0.000710465
0.000710336
0.000710202
0.000710063
0.000709918
0.000709769
0.000709615
0.000709459
0.0007093
0.000709139
0.000708977
0.000711632
0.000711635
0.00071163
0.000711613
0.000711585
0.000711545
0.000711496
0.000711436
0.000711366
0.000711287
0.0007112
0.000711104
0.000711002
0.000710893
0.000710777
0.000710656
0.000710529
0.000710397
0.000710261
0.000710121
0.000709978
0.000709832
0.000709683
0.000709534
0.000709384
0.000711904
0.000711908
0.000711904
0.000711888
0.000711861
0.000711824
0.000711776
0.000711718
0.000711651
0.000711575
0.000711492
0.000711401
0.000711303
0.000711199
0.000711089
0.000710974
0.000710854
0.00071073
0.000710602
0.000710471
0.000710337
0.0007102
0.000710063
0.000709924
0.000709785
0.000712176
0.000712181
0.000712177
0.000712162
0.000712137
0.000712101
0.000712056
0.000712
0.000711936
0.000711864
0.000711784
0.000711697
0.000711603
0.000711504
0.0007114
0.000711291
0.000711178
0.000711061
0.00071094
0.000710817
0.000710692
0.000710565
0.000710437
0.000710308
0.00071018
0.000712446
0.000712452
0.000712449
0.000712436
0.000712412
0.000712378
0.000712335
0.000712282
0.000712221
0.000712151
0.000712075
0.000711991
0.000711902
0.000711808
0.000711709
0.000711606
0.000711499
0.000711388
0.000711275
0.00071116
0.000711042
0.000710924
0.000710805
0.000710686
0.000710568
0.000712714
0.000712721
0.00071272
0.000712708
0.000712686
0.000712654
0.000712613
0.000712563
0.000712504
0.000712437
0.000712364
0.000712285
0.0007122
0.00071211
0.000712016
0.000711918
0.000711817
0.000711712
0.000711606
0.000711498
0.000711388
0.000711278
0.000711167
0.000711057
0.000710948
0.000712979
0.000712988
0.000712988
0.000712978
0.000712958
0.000712929
0.000712889
0.000712841
0.000712785
0.000712722
0.000712652
0.000712576
0.000712495
0.000712409
0.00071232
0.000712227
0.000712131
0.000712032
0.000711932
0.000711831
0.000711728
0.000711625
0.000711522
0.00071142
0.00071132
0.000713242
0.000713251
0.000713254
0.000713246
0.000713228
0.000713201
0.000713164
0.000713118
0.000713065
0.000713004
0.000712937
0.000712864
0.000712787
0.000712705
0.00071262
0.000712532
0.000712441
0.000712348
0.000712253
0.000712158
0.000712062
0.000711966
0.00071187
0.000711776
0.000711683
0.0007135
0.000713512
0.000713517
0.000713512
0.000713496
0.000713471
0.000713437
0.000713393
0.000713342
0.000713284
0.00071322
0.00071315
0.000713076
0.000712998
0.000712917
0.000712832
0.000712746
0.000712658
0.000712569
0.000712479
0.000712389
0.0007123
0.000712211
0.000712123
0.000712038
0.000713755
0.00071377
0.000713778
0.000713775
0.000713762
0.000713739
0.000713707
0.000713666
0.000713617
0.000713562
0.0007135
0.000713433
0.000713362
0.000713287
0.000713209
0.000713129
0.000713046
0.000712963
0.000712879
0.000712794
0.00071271
0.000712626
0.000712543
0.000712462
0.000712383
0.000714006
0.000714024
0.000714035
0.000714035
0.000714024
0.000714004
0.000713975
0.000713936
0.00071389
0.000713837
0.000713777
0.000713713
0.000713644
0.000713572
0.000713497
0.00071342
0.000713341
0.000713262
0.000713182
0.000713102
0.000713022
0.000712944
0.000712867
0.000712792
0.000712719
0.000714253
0.000714274
0.000714289
0.000714292
0.000714285
0.000714267
0.00071424
0.000714204
0.00071416
0.000714109
0.000714051
0.000713989
0.000713922
0.000713853
0.00071378
0.000713706
0.000713631
0.000713554
0.000713478
0.000713402
0.000713327
0.000713254
0.000713182
0.000713112
0.000713046
0.000714496
0.000714521
0.00071454
0.000714547
0.000714543
0.000714528
0.000714504
0.00071447
0.000714428
0.000714378
0.000714322
0.000714262
0.000714197
0.000714129
0.000714059
0.000713987
0.000713914
0.00071384
0.000713767
0.000713695
0.000713624
0.000713555
0.000713488
0.000713423
0.000713361
0.000714735
0.000714765
0.000714789
0.0007148
0.000714799
0.000714788
0.000714766
0.000714734
0.000714693
0.000714645
0.00071459
0.000714531
0.000714467
0.0007144
0.000714332
0.000714261
0.00071419
0.000714119
0.000714049
0.00071398
0.000713912
0.000713846
0.000713783
0.000713723
0.000713666
0.000714969
0.000715005
0.000715035
0.000715051
0.000715054
0.000715046
0.000715026
0.000714996
0.000714956
0.000714909
0.000714855
0.000714796
0.000714733
0.000714667
0.000714599
0.00071453
0.00071446
0.000714391
0.000714323
0.000714256
0.000714191
0.000714128
0.000714069
0.000714013
0.00071396
0.000715201
0.000715244
0.00071528
0.000715301
0.000715309
0.000715303
0.000715286
0.000715257
0.000715218
0.000715171
0.000715117
0.000715058
0.000714995
0.000714929
0.000714861
0.000714792
0.000714723
0.000714654
0.000714587
0.000714522
0.00071446
0.0007144
0.000714344
0.000714291
0.000714243
0.000715429
0.00071548
0.000715524
0.000715551
0.000715563
0.000715561
0.000715545
0.000715517
0.000715479
0.000715431
0.000715377
0.000715316
0.000715252
0.000715185
0.000715116
0.000715047
0.000714978
0.00071491
0.000714843
0.00071478
0.000714719
0.000714661
0.000714607
0.000714558
0.000714513
0.000715655
0.000715716
0.000715769
0.000715803
0.00071582
0.00071582
0.000715806
0.000715779
0.000715739
0.00071569
0.000715634
0.000715571
0.000715505
0.000715436
0.000715365
0.000715295
0.000715224
0.000715156
0.00071509
0.000715026
0.000714967
0.000714911
0.000714859
0.000714812
0.00071477
0.00071588
0.000715952
0.000716016
0.000716058
0.000716079
0.000716083
0.00071607
0.000716041
0.000716
0.000715949
0.000715889
0.000715823
0.000715753
0.000715681
0.000715608
0.000715535
0.000715463
0.000715393
0.000715326
0.000715262
0.000715203
0.000715148
0.000715098
0.000715054
0.000715015
0.000716106
0.000716192
0.000716268
0.000716318
0.000716345
0.00071635
0.000716337
0.000716307
0.000716262
0.000716206
0.000716142
0.000716071
0.000715997
0.00071592
0.000715843
0.000715766
0.000715691
0.000715619
0.000715551
0.000715487
0.000715427
0.000715373
0.000715324
0.000715281
0.000715245
0.000716335
0.000716437
0.000716528
0.000716587
0.000716618
0.000716625
0.00071661
0.000716576
0.000716527
0.000716465
0.000716393
0.000716316
0.000716235
0.000716152
0.00071607
0.000715989
0.00071591
0.000715835
0.000715764
0.000715699
0.000715638
0.000715584
0.000715536
0.000715495
0.00071546
0.000716569
0.000716691
0.000716799
0.000716868
0.000716904
0.000716911
0.000716892
0.000716852
0.000716794
0.000716723
0.000716643
0.000716557
0.000716468
0.000716377
0.000716288
0.000716201
0.000716118
0.000716039
0.000715965
0.000715897
0.000715836
0.000715781
0.000715733
0.000715693
0.00071566
0.000716814
0.00071696
0.000717088
0.000717167
0.000717206
0.00071721
0.000717185
0.000717135
0.000717066
0.000716983
0.000716891
0.000716794
0.000716694
0.000716594
0.000716496
0.000716402
0.000716313
0.000716229
0.000716152
0.000716081
0.000716018
0.000715962
0.000715915
0.000715875
0.000715844
0.000717074
0.00071725
0.000717401
0.000717491
0.000717531
0.000717528
0.000717492
0.000717427
0.000717343
0.000717244
0.000717137
0.000717025
0.000716912
0.000716801
0.000716694
0.000716591
0.000716495
0.000716406
0.000716324
0.00071625
0.000716184
0.000716128
0.000716079
0.00071604
0.00071601
0.000717359
0.000717572
0.00071775
0.000717849
0.000717885
0.00071787
0.000717815
0.00071773
0.000717624
0.000717505
0.000717378
0.000717249
0.000717121
0.000716997
0.000716878
0.000716766
0.000716662
0.000716566
0.000716479
0.000716402
0.000716334
0.000716275
0.000716227
0.000716188
0.000716159
0.000717681
0.00071794
0.000718149
0.000718253
0.000718277
0.000718241
0.000718159
0.000718045
0.000717911
0.000717765
0.000717615
0.000717465
0.000717318
0.000717179
0.000717047
0.000716925
0.000716812
0.00071671
0.000716618
0.000716536
0.000716465
0.000716405
0.000716355
0.000716316
0.000716288
0.000718063
0.000718377
0.000718618
0.000718719
0.000718718
0.000718646
0.000718525
0.000718372
0.0007182
0.000718022
0.000717842
0.000717668
0.000717501
0.000717345
0.000717199
0.000717065
0.000716944
0.000716834
0.000716737
0.000716651
0.000716577
0.000716515
0.000716464
0.000716425
0.000716398
0.000718538
0.000718917
0.000719187
0.000719267
0.00071922
0.000719092
0.000718914
0.000718707
0.000718489
0.00071827
0.000718057
0.000717855
0.000717666
0.000717491
0.000717331
0.000717186
0.000717055
0.000716938
0.000716835
0.000716746
0.000716669
0.000716605
0.000716554
0.000716514
0.000716487
0.00071917
0.000719615
0.000719897
0.000719923
0.000719794
0.00071958
0.000719323
0.000719047
0.000718771
0.000718504
0.000718253
0.00071802
0.000717807
0.000717614
0.000717439
0.000717283
0.000717144
0.00071702
0.000716912
0.000716819
0.00071674
0.000716674
0.000716622
0.000716582
0.000716556
0.000720074
0.000720557
0.000720805
0.000720715
0.00072045
0.000720109
0.000719743
0.00071938
0.000719034
0.000718713
0.000718421
0.000718157
0.000717921
0.000717709
0.000717521
0.000717355
0.000717207
0.000717078
0.000716966
0.00071687
0.000716789
0.000716722
0.000716669
0.000716629
0.000716603
0.000721459
0.000721875
0.000721981
0.00072167
0.000721186
0.000720665
0.000720157
0.000719687
0.000719263
0.000718886
0.000718552
0.000718258
0.000718
0.000717773
0.000717573
0.000717398
0.000717245
0.000717112
0.000716996
0.000716898
0.000716815
0.000716747
0.000716694
0.000716655
0.000716629
0.000723679
0.000723766
0.000723502
0.000722793
0.000721979
0.000721211
0.000720532
0.000719943
0.000719438
0.000719005
0.000718634
0.000718315
0.000718039
0.0007178
0.000717592
0.000717411
0.000717254
0.000717119
0.000717002
0.000716902
0.000716819
0.000716751
0.000716698
0.000716658
0.000716633
0.000727636
0.000726632
0.000725417
0.000724019
0.00072274
0.000721675
0.000720808
0.000720102
0.000719525
0.000719049
0.000718651
0.000718315
0.00071803
0.000717785
0.000717573
0.000717391
0.000717233
0.000717097
0.000716981
0.000716882
0.000716799
0.000716732
0.000716679
0.00071664
0.000716615
0.000736539
0.000731362
0.000727662
0.00072514
0.000723289
0.000721912
0.000720883
0.000720098
0.000719482
0.000718988
0.000718583
0.000718246
0.000717962
0.00071772
0.000717512
0.000717332
0.000717178
0.000717044
0.00071693
0.000716833
0.000716752
0.000716686
0.000716635
0.000716597
0.000716572
0.000754714
0.000737809
0.000729744
0.000725896
0.000723505
0.000721893
0.000720774
0.000719961
0.000719344
0.000718858
0.000718465
0.000718139
0.000717864
0.00071763
0.00071743
0.000717257
0.000717107
0.000716978
0.000716868
0.000716774
0.000716695
0.000716631
0.000716581
0.000716543
0.000716519
-0.0221088
-0.0212535
-0.020177
-0.0188376
-0.0173217
-0.0156326
-0.0137715
-0.011807
-0.009866
-0.00803798
-0.00641169
-0.00503593
-0.003916
-0.00302653
-0.0023351
-0.0017999
-0.00139588
-0.00109841
-0.00087984
-0.000713565
-0.000581866
-0.00047514
-0.000386021
-0.000306492
-0.000241603
-0.0182121
-0.0173862
-0.0159213
-0.0141639
-0.0124326
-0.0107573
-0.00913606
-0.0076005
-0.00613597
-0.00479965
-0.00365771
-0.00271577
-0.00198327
-0.00146327
-0.00111239
-0.000876147
-0.000713086
-0.00058787
-0.000486282
-0.00040221
-0.000328747
-0.000262492
-0.000204224
-0.000152921
-0.000110258
-0.0118976
-0.0109599
-0.00958881
-0.00809693
-0.00678233
-0.00567429
-0.00472869
-0.0039211
-0.00323687
-0.00265589
-0.00212852
-0.00163226
-0.00115776
-0.000802419
-0.000567789
-0.000431111
-0.000358555
-0.000315251
-0.000278631
-0.000238804
-0.000194044
-0.000150978
-0.000118079
-9.63858e-05
-8.28003e-05
-0.00717681
-0.00613031
-0.00500537
-0.00382303
-0.00293364
-0.00227496
-0.00176352
-0.00141109
-0.0012055
-0.0010718
-0.000952545
-0.000836585
-0.000710479
-0.00056842
-0.000440941
-0.000346588
-0.000282387
-0.00023627
-0.000197699
-0.000160311
-0.00012363
-9.27201e-05
-7.48558e-05
-7.425e-05
-8.38249e-05
-0.00427376
-0.00322685
-0.00216225
-0.00152465
-0.00113319
-0.000823283
-0.000613769
-0.000489968
-0.00044488
-0.000443686
-0.000446047
-0.000432591
-0.000396713
-0.000340513
-0.000274747
-0.000212221
-0.000160009
-0.000116549
-8.04743e-05
-5.03691e-05
-2.67531e-05
-1.1171e-05
-7.74248e-06
-2.09345e-05
-4.15977e-05
-0.00234784
-0.00169349
-0.000963969
-0.000369967
-4.00826e-05
8.59269e-05
9.43507e-05
7.63757e-05
2.37118e-05
-3.93763e-05
-9.36766e-05
-0.000127503
-0.000138006
-0.000127229
-0.000100125
-6.473e-05
-2.61591e-05
8.25183e-06
3.66165e-05
5.79946e-05
7.15882e-05
7.57954e-05
6.89825e-05
5.12758e-05
3.02435e-05
-0.000392351
-7.39272e-05
0.000281793
0.000529075
0.000651664
0.000656102
0.000598895
0.000489952
0.000379627
0.000272853
0.000181115
0.000113153
7.06594e-05
5.14509e-05
5.14188e-05
6.43792e-05
8.45425e-05
0.000106642
0.000126878
0.000139497
0.000145923
0.000145079
0.000136774
0.000122008
0.00010594
0.000436349
0.000721601
0.000917462
0.000991174
0.000978005
0.000927712
0.000842647
0.000730731
0.000604349
0.000482436
0.000376738
0.000292101
0.000230705
0.000192486
0.000173678
0.000169372
0.00017444
0.000183863
0.000193177
0.000201869
0.000205185
0.000203099
0.000196262
0.000185866
0.000174973
0.000723808
0.000962649
0.00114507
0.00120751
0.0011541
0.00105654
0.000946356
0.000832111
0.000715885
0.000604059
0.000503365
0.000418103
0.000350924
0.000302767
0.000272144
0.000255834
0.000249877
0.000250145
0.000252933
0.000255745
0.000256288
0.000253829
0.000248664
0.00024177
0.000234683
0.000728671
0.000930172
0.00108738
0.0011732
0.00114926
0.00107631
0.000981656
0.00087852
0.000774313
0.00067464
0.000583968
0.000505015
0.000439523
0.000388733
0.000352331
0.000328522
0.00031481
0.000308023
0.000305189
0.000303825
0.000302105
0.000299192
0.000295162
0.00029056
0.000285895
0.000764488
0.000896075
0.00100634
0.00106787
0.00107108
0.00103076
0.000964274
0.000884333
0.000799048
0.000714325
0.000635232
0.000564538
0.000503844
0.000454359
0.000416308
0.000388966
0.000370596
0.000359075
0.000352062
0.000347526
0.000343918
0.000340396
0.000336826
0.000333488
0.00033027
0.000787822
0.000878856
0.000951976
0.000994649
0.00100099
0.000976327
0.000929964
0.000870216
0.000802992
0.000733469
0.000666397
0.000604723
0.000550064
0.00050378
0.000466549
0.000438241
0.000417631
0.000403346
0.000393657
0.00038696
0.000381942
0.000377833
0.0003744
0.000371711
0.000369345
0.000795478
0.000863872
0.000914455
0.000942311
0.000947353
0.000930667
0.000897006
0.000851034
0.000797295
0.000740478
0.00068404
0.00063098
0.00058282
0.000540774
0.000505774
0.000477989
0.000456866
0.000441298
0.00043013
0.000422109
0.000416178
0.00041164
0.00040825
0.000405955
0.000404178
0.000793641
0.000845617
0.000884154
0.000902753
0.000905984
0.000893901
0.000868334
0.000832139
0.000788751
0.000741363
0.000693415
0.000647803
0.000605732
0.000568206
0.000536173
0.000509958
0.000489338
0.000473594
0.00046186
0.000453204
0.00044679
0.000442037
0.000438696
0.00043671
0.000435439
0.000786594
0.000827607
0.000857468
0.000871024
0.000872941
0.000863437
0.000843551
0.00081474
0.000779075
0.000739201
0.000698138
0.000658345
0.000621683
0.000588571
0.000559878
0.000535747
0.000516253
0.000500988
0.000489341
0.000480594
0.000474059
0.000469276
0.000466048
0.000464353
0.000463583
0.00077786
0.000811415
0.000834331
0.000844783
0.000846018
0.000838231
0.000822189
0.000798735
0.000769219
0.000735651
0.000700462
0.000665913
0.000633728
0.000604482
0.000578717
0.000556762
0.000538715
0.000524303
0.000513125
0.000504665
0.000498276
0.000493616
0.000490554
0.000489097
0.000488988
0.000768864
0.000797232
0.000815012
0.000823013
0.000823692
0.000817112
0.000803854
0.000784458
0.000759839
0.000731493
0.000701318
0.000671285
0.000643091
0.000617257
0.000594234
0.00057434
0.000557747
0.000544298
0.000533685
0.000525876
0.000519764
0.000515332
0.000512479
0.000511286
0.00051176
0.000760336
0.000784803
0.000798832
0.000804731
0.000804678
0.000798873
0.000787802
0.000771721
0.000751177
0.00072724
0.000701375
0.000675226
0.000650298
0.000627542
0.000607068
0.000589183
0.000574048
0.000561678
0.00055187
0.000544375
0.000538729
0.000534685
0.00053218
0.000531344
0.000531774
0.000752527
0.00077373
0.000783981
0.00078838
0.000787836
0.00078279
0.000773699
0.000760564
0.000743597
0.000723504
0.000701399
0.000678627
0.000656561
0.00063631
0.000618074
0.000602002
0.000588247
0.000576894
0.000567819
0.000560798
0.000555549
0.000551861
0.000549672
0.000549139
0.000549791
0.000744716
0.000760608
0.000768161
0.000771328
0.000770666
0.000766786
0.000759918
0.000749892
0.00073667
0.00072058
0.000702336
0.000682952
0.000663674
0.000645734
0.000629061
0.000614294
0.000601521
0.000590813
0.000582158
0.000575421
0.000570424
0.000566996
0.000565103
0.00056487
0.00056575
0.000741022
0.000751437
0.000758078
0.000760748
0.000760144
0.000756579
0.000750054
0.000740595
0.000728384
0.000713855
0.000697681
0.000680719
0.000663889
0.000648006
0.000634176
0.000621739
0.000610928
0.000601809
0.000594405
0.000588609
0.000584278
0.000581288
0.000579645
0.000579468
0.000580216
0.000735793
0.000741678
0.000745765
0.000747356
0.000746591
0.000743504
0.000738084
0.00073036
0.000720464
0.000708702
0.000695554
0.000681643
0.000667693
0.000654457
0.000642181
0.000631122
0.000621401
0.000613078
0.00060621
0.000600761
0.000596659
0.000593856
0.000592386
0.000592366
0.000593256
0.000731107
0.0007347
0.000737153
0.000737945
0.0007369
0.000733953
0.000729101
0.00072239
0.000713947
0.00070402
0.000692989
0.00068133
0.000669576
0.000658269
0.000647741
0.00063816
0.00062966
0.000622337
0.00061625
0.000611396
0.000607745
0.000605282
0.000604064
0.000604218
0.000605233
0.000726974
0.000729056
0.000730387
0.000730508
0.000729187
0.000726319
0.000721886
0.000715935
0.000708588
0.000700065
0.000690678
0.0006808
0.000670834
0.000661188
0.000652151
0.000643885
0.000636518
0.000630155
0.000624861
0.000620653
0.000617524
0.000615478
0.000614581
0.000614962
0.000616124
0.000723181
0.000724266
0.000724756
0.000724324
0.000722768
0.000719979
0.000715926
0.000710645
0.000704241
0.000696896
0.000688859
0.000680428
0.000671916
0.000663642
0.000655852
0.000648703
0.000642322
0.000636814
0.000632254
0.000628673
0.000626081
0.000624493
0.000623978
0.000624662
0.000626039
0.000719747
0.000720149
0.000720041
0.000719205
0.000717482
0.000714778
0.000711059
0.00070635
0.000700738
0.000694368
0.000687439
0.000680186
0.00067286
0.000665716
0.000658965
0.00065276
0.000647222
0.00064246
0.000638556
0.000635557
0.00063349
0.000632379
0.000632306
0.000633402
0.000635112
0.000716688
0.000716615
0.000716097
0.000714985
0.000713161
0.00071055
0.000707121
0.000702894
0.000697938
0.000692369
0.000686346
0.000680055
0.000673699
0.000667485
0.000661597
0.000656177
0.000651345
0.000647211
0.000643866
0.000641374
0.000639784
0.000639144
0.000639567
0.000641226
0.000643432
0.000713992
0.000713587
0.00071279
0.0007115
0.000709628
0.000707117
0.000703945
0.000700127
0.000695718
0.000690811
0.000685531
0.00068003
0.00067447
0.00066902
0.00066384
0.000659062
0.000654801
0.000651167
0.000648259
0.000646161
0.000644952
0.000644725
0.000645689
0.000648224
0.000651349
0.000711637
0.000710999
0.000710017
0.000708617
0.000706738
0.000704335
0.000701394
0.000697927
0.000693978
0.000689621
0.000684957
0.000680105
0.000675198
0.000670375
0.000665772
0.000661506
0.000657685
0.000654415
0.000651798
0.000649931
0.000648927
0.000648956
0.000650496
0.000654682
0.000661285
0.000709592
0.000708794
0.000707693
0.000706236
0.000704378
0.000702088
0.000699356
0.000696193
0.000692634
0.000688739
0.000684586
0.000680273
0.000675905
0.000671595
0.000667455
0.000663588
0.000660088
0.000657046
0.00065455
0.000652686
0.000651556
0.000651322
0.000652555
0.000657387
0.000668807
0.000707829
0.000706923
0.000705752
0.000704274
0.000702459
0.000700284
0.000697742
0.000694845
0.00069162
0.000688114
0.000684391
0.000680526
0.000676604
0.000672715
0.000668948
0.000665388
0.000662108
0.000659175
0.000656642
0.000654535
0.000652846
0.00065151
0.000650523
0.00065006
0.000647551
0.000706317
0.000705344
0.000704136
0.000702665
0.000700906
0.000698846
0.00069648
0.000693817
0.00069088
0.000687707
0.000684347
0.000680859
0.000677309
0.000673768
0.000670305
0.000666983
0.000663857
0.000660967
0.000658331
0.000655927
0.000653676
0.000651414
0.000648889
0.00064571
0.000640458
0.000705032
0.00070402
0.000702801
0.000701354
0.000699662
0.000697715
0.000695509
0.000693055
0.000690369
0.000687482
0.000684432
0.000681265
0.00067803
0.000674782
0.000671572
0.000668444
0.000665434
0.00066256
0.000659814
0.000657148
0.000654453
0.000651548
0.000648164
0.000643924
0.000638189
0.00070395
0.00070292
0.000701708
0.000700299
0.000698678
0.00069684
0.000694784
0.000692516
0.000690052
0.000687414
0.000684632
0.000681741
0.000678777
0.000675781
0.000672788
0.000669828
0.000666918
0.000664058
0.000661224
0.000658354
0.000655336
0.000652001
0.000648127
0.000643452
0.000637672
0.000703051
0.000702019
0.000700827
0.000699462
0.000697916
0.000696184
0.000694265
0.000692166
0.000689898
0.00068748
0.000684933
0.000682283
0.000679558
0.000676785
0.000673987
0.00067118
0.000668367
0.000665535
0.000662648
0.000659637
0.000656394
0.000652771
0.000648591
0.00064368
0.000637914
0.000702314
0.000701293
0.000700129
0.000698816
0.000697344
0.000695713
0.000693922
0.000691976
0.000689885
0.000687662
0.000685324
0.00068289
0.000680379
0.000677808
0.000675191
0.000672532
0.000669825
0.000667045
0.000664148
0.000661059
0.000657674
0.00065386
0.000649471
0.000644387
0.000638569
0.000701723
0.000700721
0.000699593
0.000698333
0.000696937
0.000695403
0.00069373
0.000691925
0.000689994
0.000687948
0.000685798
0.000683559
0.000681244
0.000678862
0.000676419
0.000673912
0.000671325
0.000668627
0.000665767
0.000662664
0.000659214
0.000655286
0.000650745
0.000645487
0.000639497
0.000701262
0.000700285
0.000699198
0.000697995
0.000696673
0.00069523
0.00069367
0.000691994
0.00069021
0.000688324
0.000686347
0.000684288
0.000682155
0.000679954
0.000677683
0.000675336
0.00067289
0.000670311
0.000667541
0.000664496
0.000661063
0.000657104
0.000652466
0.000647023
0.000640725
0.000700918
0.000699972
0.000698928
0.000697782
0.000696532
0.000695179
0.000693723
0.000692168
0.000690518
0.000688782
0.000686964
0.000685073
0.000683113
0.000681087
0.000678991
0.000676816
0.000674537
0.000672118
0.0006695
0.000666595
0.000663283
0.000659403
0.000654764
0.000649172
0.000642441
0.000700679
0.000699767
0.000698767
0.000697679
0.0006965
0.000695232
0.000693874
0.000692432
0.000690909
0.00068931
0.000687641
0.000685908
0.000684115
0.000682262
0.000680346
0.000678356
0.000676271
0.000674058
0.00067166
0.000668997
0.000665942
0.00066231
0.000657851
0.000652257
0.000645025
0.000700533
0.000699657
0.000698704
0.000697673
0.000696563
0.000695376
0.000694112
0.000692775
0.00069137
0.0006899
0.000688372
0.000686789
0.000685156
0.000683474
0.000681741
0.000679949
0.000678085
0.000676122
0.00067402
0.000671715
0.000669097
0.000665981
0.00066208
0.00065696
0.000649333
0.00070047
0.000699632
0.000698726
0.000697752
0.000696709
0.000695599
0.000694424
0.000693187
0.000691892
0.000690544
0.000689148
0.000687708
0.00068623
0.000684715
0.000683166
0.000681581
0.000679955
0.000678278
0.000676538
0.000674711
0.000672748
0.000670551
0.000668014
0.000664994
0.00065883
0.000700482
0.000699682
0.000698823
0.000697904
0.000696926
0.00069589
0.000694799
0.000693656
0.000692465
0.000691232
0.00068996
0.000688656
0.000687325
0.000685972
0.000684603
0.000683223
0.000681837
0.000680457
0.0006791
0.000677807
0.000676646
0.000675751
0.000675607
0.000678062
0.000686145
0.000700559
0.000699799
0.000698986
0.000698121
0.000697206
0.000696241
0.000695229
0.000694175
0.000693082
0.000691955
0.0006908
0.000689623
0.000688431
0.000687231
0.000686032
0.000684844
0.000683681
0.000682565
0.000681534
0.00068065
0.000680019
0.000679817
0.000680505
0.000683214
0.000688109
0.000700694
0.000699973
0.000699207
0.000698395
0.000697539
0.000696641
0.000695705
0.000694734
0.000693733
0.000692706
0.00069166
0.000690601
0.000689538
0.000688479
0.000687435
0.000686419
0.00068545
0.000684554
0.000683773
0.000683166
0.000682825
0.000682882
0.000683593
0.000685341
0.000687527
0.000700881
0.000700199
0.000699477
0.000698716
0.000697918
0.000697084
0.000696219
0.000695326
0.00069441
0.000693477
0.000692531
0.000691582
0.000690636
0.000689705
0.000688799
0.000687933
0.000687127
0.000686407
0.00068581
0.000685387
0.000685202
0.000685342
0.000685929
0.000687088
0.000688412
0.000701113
0.000700469
0.00069979
0.000699078
0.000698335
0.000697563
0.000696765
0.000695945
0.000695109
0.000694261
0.000693408
0.000692558
0.000691719
0.000690902
0.000690117
0.000689379
0.000688707
0.000688125
0.000687662
0.000687356
0.000687253
0.0006874
0.000687854
0.000688652
0.000689542
0.000701383
0.000700777
0.000700141
0.000699476
0.000698785
0.00069807
0.000697335
0.000696583
0.000695821
0.000695052
0.000694284
0.000693525
0.000692781
0.000692064
0.000691384
0.000690754
0.000690192
0.000689715
0.000689349
0.000689119
0.000689053
0.000689177
0.00068951
0.000690055
0.000690647
0.000701688
0.000701118
0.000700522
0.000699903
0.000699261
0.0006986
0.000697924
0.000697236
0.000696541
0.000695846
0.000695155
0.000694477
0.000693818
0.000693189
0.000692599
0.00069206
0.000691586
0.000691191
0.000690894
0.000690712
0.000690662
0.000690753
0.00069099
0.000691362
0.000691758
0.000702022
0.000701487
0.00070093
0.000700353
0.000699759
0.000699149
0.000698527
0.000697898
0.000697267
0.000696637
0.000696017
0.000695411
0.000694828
0.000694275
0.000693762
0.000693299
0.000692896
0.000692566
0.00069232
0.000692169
0.000692124
0.000692185
0.000692349
0.000692605
0.000692877
0.000702381
0.00070188
0.00070136
0.000700824
0.000700273
0.000699711
0.000699141
0.000698566
0.000697992
0.000697423
0.000696866
0.000696325
0.000695808
0.000695322
0.000694876
0.000694476
0.000694131
0.000693851
0.000693644
0.000693515
0.00069347
0.000693507
0.00069362
0.000693798
0.000693989
0.00070276
0.000702292
0.000701808
0.00070131
0.000700801
0.000700283
0.00069976
0.000699236
0.000698715
0.000698201
0.0006977
0.000697217
0.000696759
0.000696331
0.000695941
0.000695595
0.000695298
0.000695059
0.000694881
0.000694769
0.000694723
0.000694742
0.000694817
0.000694943
0.00069508
0.000703157
0.00070272
0.000702269
0.000701808
0.000701338
0.000700861
0.000700382
0.000699904
0.000699431
0.000698967
0.000698517
0.000698086
0.00069768
0.000697303
0.000696962
0.00069666
0.000696404
0.000696197
0.000696043
0.000695944
0.000695899
0.000695904
0.000695954
0.000696043
0.000696144
0.000703568
0.00070316
0.000702742
0.000702314
0.000701881
0.000701443
0.000701005
0.000700569
0.00070014
0.000699721
0.000699317
0.000698932
0.000698571
0.000698239
0.000697939
0.000697676
0.000697454
0.000697275
0.000697141
0.000697052
0.000697008
0.000697004
0.000697036
0.000697101
0.000697176
0.000703991
0.000703611
0.000703222
0.000702827
0.000702427
0.000702025
0.000701625
0.000701228
0.000700839
0.000700461
0.000700098
0.000699754
0.000699434
0.00069914
0.000698877
0.000698647
0.000698453
0.000698297
0.00069818
0.000698101
0.000698059
0.000698049
0.000698069
0.000698116
0.000698173
0.000704422
0.000704069
0.000703708
0.000703343
0.000702975
0.000702606
0.00070224
0.000701879
0.000701526
0.000701186
0.00070086
0.000700553
0.000700268
0.000700008
0.000699777
0.000699576
0.000699407
0.000699271
0.000699168
0.000699097
0.000699058
0.000699045
0.000699057
0.000699091
0.000699134
0.000704859
0.000704531
0.000704198
0.000703861
0.000703522
0.000703184
0.00070285
0.000702521
0.000702202
0.000701894
0.000701602
0.000701328
0.000701075
0.000700845
0.000700641
0.000700465
0.000700318
0.000700199
0.000700109
0.000700046
0.00070001
0.000699995
0.000700001
0.000700026
0.00070006
0.000705301
0.000704997
0.000704688
0.000704377
0.000704066
0.000703757
0.000703452
0.000703153
0.000702864
0.000702587
0.000702324
0.000702079
0.000701854
0.000701651
0.000701472
0.000701318
0.000701189
0.000701086
0.000701007
0.000700952
0.000700919
0.000700904
0.000700906
0.000700925
0.000700951
0.000705746
0.000705464
0.000705178
0.000704892
0.000704606
0.000704323
0.000704045
0.000703774
0.000703512
0.000703262
0.000703027
0.000702808
0.000702608
0.000702429
0.000702271
0.000702136
0.000702024
0.000701934
0.000701866
0.000701818
0.000701788
0.000701774
0.000701774
0.000701787
0.000701808
0.000706191
0.00070593
0.000705667
0.000705403
0.000705141
0.000704882
0.000704628
0.000704382
0.000704146
0.000703921
0.00070371
0.000703515
0.000703337
0.000703179
0.00070304
0.000702922
0.000702825
0.000702747
0.000702688
0.000702646
0.000702619
0.000702606
0.000702605
0.000702615
0.000702631
0.000706636
0.000706395
0.000706152
0.000705909
0.000705669
0.000705432
0.000705201
0.000704978
0.000704764
0.000704562
0.000704373
0.000704199
0.000704042
0.000703902
0.000703781
0.000703678
0.000703593
0.000703526
0.000703475
0.000703439
0.000703416
0.000703405
0.000703402
0.00070341
0.000703422
0.00070708
0.000706856
0.000706632
0.000706409
0.000706189
0.000705973
0.000705763
0.000705561
0.000705368
0.000705186
0.000705017
0.000704862
0.000704723
0.0007046
0.000704494
0.000704405
0.000704332
0.000704274
0.000704231
0.0007042
0.00070418
0.00070417
0.000704167
0.000704172
0.000704182
0.00070752
0.000707314
0.000707107
0.000706903
0.000706701
0.000706505
0.000706314
0.00070613
0.000705956
0.000705793
0.000705642
0.000705505
0.000705381
0.000705274
0.000705181
0.000705104
0.000705041
0.000704992
0.000704955
0.000704929
0.000704913
0.000704904
0.000704901
0.000704905
0.000704912
0.000707956
0.000707766
0.000707576
0.000707389
0.000707205
0.000707025
0.000706852
0.000706686
0.00070653
0.000706383
0.000706248
0.000706126
0.000706018
0.000705923
0.000705843
0.000705777
0.000705723
0.000705682
0.000705651
0.00070563
0.000705616
0.000705608
0.000705606
0.000705608
0.000705613
0.000708388
0.000708213
0.000708038
0.000707866
0.000707698
0.000707535
0.000707378
0.000707228
0.000707087
0.000706956
0.000706836
0.000706728
0.000706633
0.000706551
0.000706481
0.000706424
0.000706379
0.000706345
0.000706319
0.000706302
0.000706291
0.000706285
0.000706282
0.000706283
0.000706287
0.000708814
0.000708652
0.000708493
0.000708335
0.000708182
0.000708033
0.000707891
0.000707756
0.00070763
0.000707513
0.000707406
0.000707311
0.000707227
0.000707156
0.000707096
0.000707048
0.00070701
0.000706982
0.000706961
0.000706948
0.000706939
0.000706934
0.000706931
0.000706931
0.000706933
0.000709234
0.000709085
0.000708939
0.000708795
0.000708655
0.00070852
0.000708392
0.00070827
0.000708157
0.000708053
0.000707958
0.000707875
0.000707802
0.00070774
0.000707689
0.000707649
0.000707618
0.000707595
0.000707579
0.000707568
0.000707561
0.000707557
0.000707554
0.000707553
0.000707554
0.000709647
0.00070951
0.000709376
0.000709245
0.000709118
0.000708996
0.00070888
0.00070877
0.000708669
0.000708576
0.000708493
0.00070842
0.000708357
0.000708304
0.000708261
0.000708228
0.000708202
0.000708184
0.000708172
0.000708164
0.000708159
0.000708156
0.000708153
0.000708151
0.000708149
0.000710053
0.000709927
0.000709804
0.000709685
0.000709569
0.000709459
0.000709354
0.000709257
0.000709166
0.000709084
0.000709011
0.000708947
0.000708893
0.000708848
0.000708812
0.000708785
0.000708765
0.000708751
0.000708742
0.000708737
0.000708733
0.00070873
0.000708727
0.000708724
0.000708721
0.00071045
0.000710335
0.000710223
0.000710114
0.000710009
0.00070991
0.000709816
0.000709729
0.000709649
0.000709576
0.000709512
0.000709457
0.000709411
0.000709373
0.000709344
0.000709322
0.000709307
0.000709297
0.000709291
0.000709287
0.000709285
0.000709282
0.000709279
0.000709274
0.00070927
0.00071084
0.000710735
0.000710632
0.000710533
0.000710438
0.000710349
0.000710265
0.000710187
0.000710116
0.000710053
0.000709998
0.00070995
0.000709911
0.00070988
0.000709857
0.00070984
0.000709829
0.000709822
0.000709819
0.000709817
0.000709815
0.000709813
0.000709809
0.000709803
0.000709796
0.000711221
0.000711124
0.000711031
0.000710941
0.000710856
0.000710775
0.0007107
0.000710632
0.000710569
0.000710514
0.000710467
0.000710427
0.000710395
0.00071037
0.000710351
0.000710339
0.000710332
0.000710328
0.000710326
0.000710326
0.000710325
0.000710322
0.000710317
0.000710309
0.000710301
0.000711592
0.000711504
0.000711419
0.000711338
0.000711261
0.00071119
0.000711123
0.000711063
0.000711008
0.000710961
0.000710921
0.000710887
0.000710861
0.000710842
0.000710828
0.00071082
0.000710816
0.000710815
0.000710815
0.000710816
0.000710815
0.000710812
0.000710805
0.000710796
0.000710786
0.000711955
0.000711874
0.000711797
0.000711724
0.000711655
0.000711591
0.000711533
0.00071148
0.000711433
0.000711393
0.000711359
0.000711332
0.000711312
0.000711298
0.000711289
0.000711284
0.000711283
0.000711284
0.000711286
0.000711287
0.000711286
0.000711282
0.000711274
0.000711263
0.00071125
0.000712307
0.000712234
0.000712164
0.000712099
0.000712037
0.000711981
0.00071193
0.000711884
0.000711844
0.000711811
0.000711784
0.000711762
0.000711747
0.000711738
0.000711733
0.000711732
0.000711734
0.000711737
0.000711739
0.000711741
0.00071174
0.000711735
0.000711725
0.000711711
0.000711695
0.00071265
0.000712583
0.00071252
0.000712462
0.000712407
0.000712358
0.000712314
0.000712275
0.000712242
0.000712215
0.000712193
0.000712178
0.000712168
0.000712163
0.000712162
0.000712164
0.000712168
0.000712173
0.000712177
0.000712178
0.000712176
0.00071217
0.000712158
0.000712141
0.000712122
0.000712982
0.000712921
0.000712865
0.000712813
0.000712765
0.000712722
0.000712685
0.000712652
0.000712626
0.000712605
0.000712589
0.000712579
0.000712574
0.000712573
0.000712576
0.000712581
0.000712588
0.000712594
0.000712599
0.0007126
0.000712597
0.000712589
0.000712575
0.000712553
0.000712531
0.000713303
0.000713248
0.000713198
0.000713152
0.000713111
0.000713074
0.000713043
0.000713017
0.000712996
0.000712981
0.000712971
0.000712966
0.000712966
0.00071297
0.000712976
0.000712985
0.000712993
0.000713001
0.000713006
0.000713008
0.000713003
0.000712993
0.000712975
0.00071295
0.000712923
0.000713613
0.000713564
0.000713519
0.000713479
0.000713443
0.000713413
0.000713388
0.000713368
0.000713354
0.000713344
0.00071334
0.000713341
0.000713345
0.000713353
0.000713363
0.000713375
0.000713386
0.000713395
0.000713401
0.000713402
0.000713396
0.000713383
0.000713362
0.000713332
0.000713299
0.000713912
0.000713868
0.000713828
0.000713793
0.000713764
0.000713739
0.00071372
0.000713706
0.000713698
0.000713694
0.000713696
0.000713702
0.000713711
0.000713724
0.000713738
0.000713753
0.000713766
0.000713777
0.000713783
0.000713783
0.000713776
0.00071376
0.000713735
0.000713699
0.000713661
0.000714198
0.000714159
0.000714124
0.000714095
0.000714071
0.000714052
0.000714039
0.000714031
0.000714029
0.000714031
0.000714039
0.00071405
0.000714065
0.000714082
0.000714101
0.000714119
0.000714136
0.000714148
0.000714155
0.000714155
0.000714146
0.000714126
0.000714096
0.000714053
0.000714008
0.000714473
0.000714438
0.000714408
0.000714383
0.000714365
0.000714352
0.000714344
0.000714343
0.000714346
0.000714355
0.000714369
0.000714386
0.000714407
0.00071443
0.000714453
0.000714475
0.000714495
0.00071451
0.000714518
0.000714517
0.000714506
0.000714483
0.000714447
0.000714396
0.000714343
0.000714734
0.000714703
0.000714678
0.000714658
0.000714645
0.000714638
0.000714636
0.000714641
0.000714651
0.000714666
0.000714686
0.00071471
0.000714737
0.000714766
0.000714795
0.000714822
0.000714846
0.000714863
0.000714873
0.000714872
0.000714858
0.000714832
0.000714789
0.00071473
0.000714666
0.000714981
0.000714954
0.000714933
0.000714919
0.000714911
0.000714909
0.000714914
0.000714925
0.000714942
0.000714964
0.000714991
0.000715022
0.000715056
0.000715092
0.000715127
0.00071516
0.000715189
0.00071521
0.000715222
0.000715221
0.000715206
0.000715175
0.000715125
0.000715055
0.000714981
0.000715215
0.000715191
0.000715174
0.000715165
0.000715162
0.000715166
0.000715177
0.000715194
0.000715218
0.000715248
0.000715283
0.000715322
0.000715364
0.000715408
0.000715451
0.000715491
0.000715526
0.000715553
0.000715568
0.000715568
0.000715552
0.000715516
0.000715458
0.000715376
0.000715287
0.000715433
0.000715413
0.0007154
0.000715395
0.000715397
0.000715407
0.000715425
0.000715449
0.00071548
0.000715518
0.000715562
0.00071561
0.000715661
0.000715714
0.000715766
0.000715816
0.000715859
0.000715892
0.000715912
0.000715915
0.000715898
0.000715858
0.000715791
0.000715694
0.000715589
0.000715635
0.000715618
0.00071561
0.000715609
0.000715617
0.000715632
0.000715656
0.000715688
0.000715728
0.000715774
0.000715827
0.000715885
0.000715947
0.000716011
0.000716074
0.000716135
0.000716188
0.000716231
0.000716258
0.000716266
0.000716249
0.000716205
0.000716129
0.000716015
0.00071589
0.000715821
0.000715807
0.000715802
0.000715806
0.000715819
0.000715841
0.000715871
0.000715911
0.000715958
0.000716014
0.000716077
0.000716147
0.000716221
0.000716297
0.000716374
0.000716448
0.000716515
0.000716571
0.000716609
0.000716624
0.000716611
0.000716564
0.000716477
0.000716344
0.000716194
0.00071599
0.000715979
0.000715977
0.000715985
0.000716003
0.000716031
0.000716068
0.000716116
0.000716172
0.000716238
0.000716312
0.000716394
0.000716482
0.000716574
0.000716667
0.000716758
0.000716842
0.000716914
0.000716967
0.000716995
0.000716988
0.000716941
0.000716844
0.000716687
0.000716507
0.00071614
0.000716131
0.000716133
0.000716145
0.000716168
0.000716202
0.000716246
0.000716302
0.000716368
0.000716444
0.00071653
0.000716626
0.000716729
0.000716838
0.00071695
0.000717062
0.000717168
0.000717262
0.000717337
0.000717383
0.000717389
0.000717347
0.000717241
0.000717056
0.000716839
0.000716271
0.000716265
0.00071627
0.000716286
0.000716314
0.000716353
0.000716404
0.000716468
0.000716543
0.00071663
0.000716729
0.00071684
0.00071696
0.000717089
0.000717223
0.00071736
0.000717494
0.000717617
0.000717721
0.000717794
0.000717823
0.000717792
0.000717681
0.000717466
0.000717204
0.000716382
0.000716378
0.000716386
0.000716406
0.000716438
0.000716483
0.000716541
0.000716612
0.000716697
0.000716795
0.000716907
0.000717033
0.000717172
0.000717323
0.000717483
0.00071765
0.000717817
0.000717978
0.000718123
0.000718236
0.000718301
0.000718295
0.000718187
0.00071794
0.000717621
0.000716473
0.00071647
0.000716481
0.000716504
0.00071654
0.00071659
0.000716654
0.000716733
0.000716827
0.000716936
0.000717062
0.000717204
0.000717362
0.000717536
0.000717726
0.000717927
0.000718135
0.000718344
0.000718542
0.000718713
0.000718834
0.000718874
0.000718788
0.000718512
0.000718128
0.000716542
0.000716542
0.000716554
0.00071658
0.00071662
0.000716674
0.000716744
0.000716829
0.000716931
0.000717051
0.000717189
0.000717347
0.000717525
0.000717724
0.000717945
0.000718185
0.000718442
0.000718709
0.000718977
0.000719227
0.000719434
0.000719557
0.000719524
0.000719236
0.000718786
0.00071659
0.000716591
0.000716605
0.000716633
0.000716676
0.000716734
0.000716808
0.000716899
0.000717008
0.000717137
0.000717286
0.000717459
0.000717656
0.00071788
0.000718132
0.000718414
0.000718725
0.000719063
0.000719419
0.000719777
0.000720112
0.00072037
0.000720454
0.000720199
0.000719712
0.000716617
0.000716618
0.000716634
0.000716664
0.000716709
0.000716769
0.000716846
0.000716942
0.000717056
0.000717192
0.000717351
0.000717536
0.000717749
0.000717996
0.000718279
0.000718603
0.000718971
0.000719387
0.000719849
0.00072035
0.000720865
0.000721342
0.000721648
0.000721535
0.000721114
0.000716621
0.000716624
0.00071664
0.000716671
0.000716717
0.000716779
0.000716858
0.000716956
0.000717074
0.000717214
0.000717379
0.000717573
0.000717799
0.000718064
0.000718373
0.000718734
0.000719159
0.000719656
0.000720238
0.00072091
0.000721671
0.000722479
0.000723181
0.000723439
0.000723346
0.000716603
0.000716606
0.000716622
0.000716654
0.0007167
0.000716762
0.000716841
0.000716939
0.000717058
0.000717199
0.000717367
0.000717564
0.000717797
0.000718072
0.000718398
0.000718786
0.000719255
0.000719824
0.000720522
0.000721383
0.000722442
0.000723714
0.000725105
0.000726313
0.000727312
0.000716561
0.000716563
0.000716579
0.00071661
0.000716655
0.000716716
0.000716793
0.000716889
0.000717005
0.000717144
0.000717309
0.000717503
0.000717734
0.000718007
0.000718334
0.00071873
0.000719216
0.000719824
0.000720603
0.000721625
0.000722996
0.00072484
0.000727355
0.000731048
0.00073622
0.000716508
0.00071651
0.000716526
0.000716555
0.000716598
0.000716656
0.000716731
0.000716824
0.000716936
0.000717069
0.000717228
0.000717415
0.000717637
0.000717901
0.000718217
0.000718602
0.00071908
0.00071969
0.000720495
0.000721608
0.000723213
0.000725598
0.000729438
0.000737497
0.000754398
0.000626063
0.000617645
0.00061346
0.000608883
0.000604132
0.000599342
0.000594468
0.000589502
0.000584462
0.000579367
0.00057423
0.000569064
0.000563874
0.000558666
0.000553445
0.000548214
0.000542974
0.000537729
0.00053248
0.000527229
0.000521977
0.000516725
0.000511474
0.000506224
0.000500976
0.00049573
0.000490486
0.000485244
0.000480005
0.000474767
0.000469532
0.000464298
0.000459065
0.000453834
0.000448605
0.000443376
0.000438149
0.000432922
0.000427696
0.00042247
0.000417245
0.00041202
0.000406795
0.000401569
0.000396344
0.000391119
0.000385893
0.000380667
0.000375441
0.000370214
0.000364987
0.000359759
0.00035453
0.000349301
0.000344071
0.00033884
0.000333608
0.000328376
0.000323143
0.000317909
0.000312674
0.000307438
0.000302201
0.000296963
0.000291725
0.000286485
0.000281245
0.000276004
0.000270762
0.000265519
0.000260275
0.00025503
0.000249784
0.000244538
0.000239291
0.000234043
0.000228794
0.000223544
0.000218294
0.000213042
0.00020779
0.000202538
0.000197285
0.000192031
0.000186776
0.000181521
0.000176265
0.000171008
0.000165751
0.000160494
0.000155236
0.000149977
0.000144718
0.000139459
0.000134199
0.000128938
0.000123678
0.000118416
0.000113155
0.000107893
0.000102631
9.73682e-05
9.21053e-05
8.68422e-05
8.15789e-05
7.63153e-05
7.10515e-05
6.57875e-05
6.05233e-05
5.52589e-05
4.99944e-05
4.47297e-05
3.94649e-05
3.42e-05
2.8935e-05
2.36699e-05
1.84049e-05
1.31394e-05
7.87287e-06
2.62133e-06
0.00062895
0.000620381
0.000614827
0.000609785
0.000604779
0.000599788
0.000594774
0.000589715
0.000584613
0.000579476
0.00057431
0.000569121
0.000563916
0.000558696
0.000553466
0.000548228
0.000542984
0.000537735
0.000532484
0.000527232
0.000521979
0.000516726
0.000511474
0.000506224
0.000500976
0.00049573
0.000490486
0.000485245
0.000480005
0.000474767
0.000469532
0.000464298
0.000459066
0.000453835
0.000448605
0.000443377
0.000438149
0.000432922
0.000427696
0.00042247
0.000417245
0.00041202
0.000406795
0.00040157
0.000396345
0.000391119
0.000385894
0.000380668
0.000375441
0.000370214
0.000364987
0.000359759
0.00035453
0.000349301
0.000344071
0.00033884
0.000333608
0.000328376
0.000323143
0.000317909
0.000312674
0.000307438
0.000302201
0.000296963
0.000291725
0.000286485
0.000281245
0.000276004
0.000270762
0.000265519
0.000260275
0.00025503
0.000249784
0.000244538
0.000239291
0.000234043
0.000228794
0.000223544
0.000218294
0.000213042
0.000207791
0.000202538
0.000197285
0.000192031
0.000186776
0.000181521
0.000176265
0.000171008
0.000165751
0.000160494
0.000155236
0.000149977
0.000144718
0.000139459
0.000134199
0.000128938
0.000123678
0.000118416
0.000113155
0.000107893
0.000102631
9.73681e-05
9.21053e-05
8.68422e-05
8.15789e-05
7.63153e-05
7.10515e-05
6.57875e-05
6.05233e-05
5.52589e-05
4.99944e-05
4.47297e-05
3.94649e-05
3.42e-05
2.8935e-05
2.367e-05
1.84049e-05
1.31393e-05
7.87289e-06
2.62169e-06
0.000629879
0.000622383
0.00061635
0.000610865
0.000605559
0.000600347
0.000595174
0.000590004
0.000584825
0.000579633
0.000574428
0.00056921
0.000563982
0.000558746
0.000553503
0.000548255
0.000543004
0.00053775
0.000532495
0.000527239
0.000521984
0.00051673
0.000511477
0.000506226
0.000500978
0.000495731
0.000490487
0.000485245
0.000480006
0.000474768
0.000469532
0.000464298
0.000459066
0.000453835
0.000448606
0.000443377
0.000438149
0.000432923
0.000427696
0.000422471
0.000417245
0.00041202
0.000406795
0.00040157
0.000396345
0.000391119
0.000385894
0.000380668
0.000375441
0.000370214
0.000364987
0.000359759
0.00035453
0.000349301
0.000344071
0.00033884
0.000333608
0.000328376
0.000323143
0.000317909
0.000312674
0.000307438
0.000302201
0.000296963
0.000291725
0.000286485
0.000281245
0.000276004
0.000270762
0.000265519
0.000260275
0.00025503
0.000249784
0.000244538
0.000239291
0.000234042
0.000228794
0.000223544
0.000218294
0.000213042
0.00020779
0.000202538
0.000197285
0.000192031
0.000186776
0.000181521
0.000176265
0.000171008
0.000165751
0.000160494
0.000155236
0.000149977
0.000144718
0.000139459
0.000134199
0.000128938
0.000123677
0.000118416
0.000113155
0.000107893
0.000102631
9.73681e-05
9.21053e-05
8.68422e-05
8.15789e-05
7.63153e-05
7.10515e-05
6.57874e-05
6.05232e-05
5.52589e-05
4.99944e-05
4.47297e-05
3.94649e-05
3.42e-05
2.8935e-05
2.367e-05
1.84049e-05
1.31394e-05
7.87305e-06
2.62181e-06
0.000630575
0.000623714
0.000617563
0.00061183
0.000606311
0.000600922
0.000595608
0.000590332
0.000585075
0.000579824
0.000574575
0.000569324
0.00056407
0.000558814
0.000553555
0.000548295
0.000543034
0.000537772
0.000532511
0.000527251
0.000521993
0.000516736
0.000511482
0.00050623
0.000500981
0.000495733
0.000490489
0.000485247
0.000480007
0.000474769
0.000469533
0.000464299
0.000459067
0.000453836
0.000448606
0.000443377
0.00043815
0.000432923
0.000427697
0.000422471
0.000417245
0.00041202
0.000406795
0.00040157
0.000396345
0.000391119
0.000385894
0.000380668
0.000375441
0.000370215
0.000364987
0.000359759
0.00035453
0.000349301
0.000344071
0.00033884
0.000333608
0.000328376
0.000323143
0.000317909
0.000312674
0.000307438
0.000302201
0.000296963
0.000291725
0.000286485
0.000281245
0.000276004
0.000270761
0.000265518
0.000260275
0.00025503
0.000249784
0.000244538
0.00023929
0.000234042
0.000228794
0.000223544
0.000218293
0.000213042
0.00020779
0.000202538
0.000197284
0.000192031
0.000186776
0.000181521
0.000176265
0.000171008
0.000165751
0.000160494
0.000155236
0.000149977
0.000144718
0.000139459
0.000134199
0.000128938
0.000123677
0.000118416
0.000113155
0.000107893
0.000102631
9.73681e-05
9.21053e-05
8.68422e-05
8.15788e-05
7.63152e-05
7.10514e-05
6.57874e-05
6.05232e-05
5.52588e-05
4.99943e-05
4.47297e-05
3.94649e-05
3.42e-05
2.8935e-05
2.367e-05
1.84049e-05
1.31395e-05
7.87312e-06
2.62179e-06
0.000631355
0.000624787
0.00061858
0.00061269
0.000607017
0.000601485
0.000596047
0.000590675
0.000585344
0.000580037
0.000574743
0.000569457
0.000564175
0.000558896
0.00055362
0.000548345
0.000543072
0.000537802
0.000532533
0.000527268
0.000522005
0.000516746
0.000511489
0.000506235
0.000500984
0.000495736
0.000490491
0.000485248
0.000480008
0.00047477
0.000469534
0.0004643
0.000459067
0.000453836
0.000448606
0.000443378
0.00043815
0.000432923
0.000427697
0.000422471
0.000417246
0.00041202
0.000406795
0.00040157
0.000396345
0.00039112
0.000385894
0.000380668
0.000375441
0.000370214
0.000364987
0.000359759
0.00035453
0.000349301
0.000344071
0.00033884
0.000333608
0.000328376
0.000323143
0.000317908
0.000312673
0.000307438
0.000302201
0.000296963
0.000291725
0.000286485
0.000281245
0.000276003
0.000270761
0.000265518
0.000260274
0.00025503
0.000249784
0.000244538
0.00023929
0.000234042
0.000228793
0.000223544
0.000218293
0.000213042
0.00020779
0.000202538
0.000197284
0.00019203
0.000186776
0.000181521
0.000176265
0.000171008
0.000165751
0.000160494
0.000155236
0.000149977
0.000144718
0.000139459
0.000134199
0.000128938
0.000123677
0.000118416
0.000113155
0.000107893
0.000102631
9.7368e-05
9.21052e-05
8.68421e-05
8.15788e-05
7.63152e-05
7.10514e-05
6.57874e-05
6.05232e-05
5.52588e-05
4.99943e-05
4.47296e-05
3.94648e-05
3.42e-05
2.8935e-05
2.367e-05
1.84049e-05
1.31395e-05
7.87314e-06
2.62175e-06
0.000632159
0.000625662
0.000619394
0.000613403
0.000607629
0.00060199
0.000596453
0.000591003
0.000585611
0.000580254
0.00057492
0.0005696
0.00056429
0.000558988
0.000553692
0.000548401
0.000543116
0.000537835
0.000532559
0.000527287
0.00052202
0.000516756
0.000511497
0.000506241
0.000500988
0.000495739
0.000490493
0.00048525
0.000480009
0.000474771
0.000469535
0.0004643
0.000459068
0.000453837
0.000448607
0.000443378
0.00043815
0.000432923
0.000427697
0.000422471
0.000417246
0.00041202
0.000406795
0.00040157
0.000396345
0.000391119
0.000385894
0.000380668
0.000375441
0.000370214
0.000364987
0.000359759
0.00035453
0.000349301
0.000344071
0.00033884
0.000333608
0.000328376
0.000323142
0.000317908
0.000312673
0.000307437
0.000302201
0.000296963
0.000291724
0.000286485
0.000281244
0.000276003
0.000270761
0.000265518
0.000260274
0.000255029
0.000249784
0.000244537
0.00023929
0.000234042
0.000228793
0.000223544
0.000218293
0.000213042
0.00020779
0.000202537
0.000197284
0.00019203
0.000186776
0.00018152
0.000176265
0.000171008
0.000165751
0.000160494
0.000155236
0.000149977
0.000144718
0.000139458
0.000134198
0.000128938
0.000123677
0.000118416
0.000113155
0.000107893
0.00010263
9.73679e-05
9.21051e-05
8.6842e-05
8.15787e-05
7.63151e-05
7.10513e-05
6.57873e-05
6.05231e-05
5.52588e-05
4.99942e-05
4.47296e-05
3.94648e-05
3.41999e-05
2.8935e-05
2.367e-05
1.84049e-05
1.31394e-05
7.8731e-06
2.6217e-06
0.000632939
0.000626333
0.000619981
0.000613929
0.000608087
0.000602378
0.000596791
0.000591296
0.00058586
0.000580464
0.000575094
0.000569743
0.000564406
0.000559081
0.000553766
0.00054846
0.000543161
0.00053787
0.000532585
0.000527307
0.000522035
0.000516767
0.000511505
0.000506247
0.000500993
0.000495743
0.000490496
0.000485252
0.000480011
0.000474772
0.000469536
0.000464301
0.000459068
0.000453837
0.000448607
0.000443378
0.000438151
0.000432923
0.000427697
0.000422471
0.000417246
0.00041202
0.000406795
0.00040157
0.000396345
0.000391119
0.000385894
0.000380668
0.000375441
0.000370214
0.000364987
0.000359759
0.00035453
0.0003493
0.00034407
0.000338839
0.000333608
0.000328375
0.000323142
0.000317908
0.000312673
0.000307437
0.0003022
0.000296962
0.000291724
0.000286484
0.000281244
0.000276003
0.000270761
0.000265518
0.000260274
0.000255029
0.000249784
0.000244537
0.00023929
0.000234042
0.000228793
0.000223543
0.000218293
0.000213042
0.00020779
0.000202537
0.000197284
0.00019203
0.000186775
0.00018152
0.000176264
0.000171008
0.000165751
0.000160493
0.000155235
0.000149977
0.000144718
0.000139458
0.000134198
0.000128938
0.000123677
0.000118416
0.000113154
0.000107893
0.00010263
9.73678e-05
9.2105e-05
8.68419e-05
8.15786e-05
7.6315e-05
7.10512e-05
6.57872e-05
6.0523e-05
5.52587e-05
4.99942e-05
4.47295e-05
3.94648e-05
3.41999e-05
2.89349e-05
2.36699e-05
1.84049e-05
1.31394e-05
7.87309e-06
2.6217e-06
0.000633707
0.000626809
0.000620344
0.000614233
0.000608359
0.000602646
0.000597052
0.000591538
0.000586078
0.000580654
0.000575256
0.000569878
0.000564517
0.000559171
0.000553838
0.000548516
0.000543205
0.000537904
0.000532611
0.000527327
0.000522049
0.000516778
0.000511513
0.000506253
0.000500997
0.000495746
0.000490498
0.000485254
0.000480012
0.000474773
0.000469536
0.000464302
0.000459069
0.000453837
0.000448607
0.000443379
0.000438151
0.000432924
0.000427697
0.000422471
0.000417246
0.00041202
0.000406795
0.00040157
0.000396345
0.000391119
0.000385893
0.000380667
0.000375441
0.000370214
0.000364986
0.000359758
0.000354529
0.0003493
0.00034407
0.000338839
0.000333607
0.000328375
0.000323142
0.000317907
0.000312672
0.000307436
0.0003022
0.000296962
0.000291724
0.000286484
0.000281244
0.000276002
0.00027076
0.000265517
0.000260273
0.000255029
0.000249783
0.000244537
0.000239289
0.000234041
0.000228793
0.000223543
0.000218292
0.000213041
0.000207789
0.000202537
0.000197284
0.00019203
0.000186775
0.00018152
0.000176264
0.000171008
0.000165751
0.000160493
0.000155235
0.000149977
0.000144718
0.000139458
0.000134198
0.000128938
0.000123677
0.000118416
0.000113154
0.000107892
0.00010263
9.73677e-05
9.21049e-05
8.68418e-05
8.15785e-05
7.63149e-05
7.10511e-05
6.57871e-05
6.0523e-05
5.52586e-05
4.99941e-05
4.47295e-05
3.94647e-05
3.41998e-05
2.89349e-05
2.36699e-05
1.84049e-05
1.31394e-05
7.87311e-06
2.62174e-06
0.000634508
0.000627076
0.000620479
0.000614356
0.000608498
0.000602813
0.000597235
0.000591724
0.000586254
0.000580813
0.000575395
0.000569996
0.000564615
0.00055925
0.000553901
0.000548566
0.000543244
0.000537933
0.000532634
0.000527344
0.000522062
0.000516788
0.00051152
0.000506258
0.000501001
0.000495749
0.0004905
0.000485255
0.000480013
0.000474774
0.000469537
0.000464302
0.000459069
0.000453838
0.000448608
0.000443379
0.000438151
0.000432924
0.000427697
0.000422471
0.000417245
0.00041202
0.000406795
0.00040157
0.000396344
0.000391119
0.000385893
0.000380667
0.00037544
0.000370213
0.000364986
0.000359758
0.000354529
0.0003493
0.000344069
0.000338839
0.000333607
0.000328374
0.000323141
0.000317907
0.000312672
0.000307436
0.000302199
0.000296962
0.000291723
0.000286484
0.000281243
0.000276002
0.00027076
0.000265517
0.000260273
0.000255028
0.000249783
0.000244536
0.000239289
0.000234041
0.000228792
0.000223542
0.000218292
0.000213041
0.000207789
0.000202537
0.000197283
0.000192029
0.000186775
0.00018152
0.000176264
0.000171007
0.00016575
0.000160493
0.000155235
0.000149976
0.000144717
0.000139458
0.000134198
0.000128937
0.000123677
0.000118416
0.000113154
0.000107892
0.00010263
9.73675e-05
9.21047e-05
8.68417e-05
8.15784e-05
7.63148e-05
7.1051e-05
6.5787e-05
6.05229e-05
5.52585e-05
4.9994e-05
4.47294e-05
3.94646e-05
3.41998e-05
2.89348e-05
2.36698e-05
1.84048e-05
1.31394e-05
7.87307e-06
2.62177e-06
0.000635318
0.000627007
0.000620342
0.000614299
0.000608518
0.000602896
0.00059736
0.000591866
0.000586396
0.000580945
0.000575511
0.000570094
0.000564696
0.000559315
0.000553952
0.000548606
0.000543274
0.000537957
0.000532651
0.000527357
0.000522072
0.000516795
0.000511525
0.000506262
0.000501004
0.000495751
0.000490502
0.000485256
0.000480014
0.000474775
0.000469538
0.000464303
0.00045907
0.000453838
0.000448608
0.000443379
0.000438151
0.000432924
0.000427697
0.000422471
0.000417245
0.00041202
0.000406795
0.000401569
0.000396344
0.000391118
0.000385893
0.000380666
0.00037544
0.000370213
0.000364985
0.000359757
0.000354529
0.000349299
0.000344069
0.000338838
0.000333606
0.000328374
0.000323141
0.000317906
0.000312671
0.000307436
0.000302199
0.000296961
0.000291723
0.000286483
0.000281243
0.000276002
0.000270759
0.000265516
0.000260273
0.000255028
0.000249782
0.000244536
0.000239289
0.000234041
0.000228792
0.000223542
0.000218292
0.000213041
0.000207789
0.000202536
0.000197283
0.000192029
0.000186774
0.000181519
0.000176263
0.000171007
0.00016575
0.000160493
0.000155235
0.000149976
0.000144717
0.000139458
0.000134198
0.000128937
0.000123677
0.000118415
0.000113154
0.000107892
0.00010263
9.73674e-05
9.21046e-05
8.68416e-05
8.15782e-05
7.63147e-05
7.10509e-05
6.5787e-05
6.05228e-05
5.52585e-05
4.9994e-05
4.47293e-05
3.94646e-05
3.41997e-05
2.89348e-05
2.36698e-05
1.84048e-05
1.31393e-05
7.87299e-06
2.62179e-06
0.000635436
0.000626005
0.000619743
0.000614015
0.000608418
0.000602918
0.000597452
0.000591986
0.00058652
0.000581058
0.000575609
0.000570175
0.00056476
0.000559365
0.00055399
0.000548634
0.000543295
0.000537972
0.000532662
0.000527364
0.000522077
0.000516799
0.000511528
0.000506264
0.000501005
0.000495752
0.000490503
0.000485257
0.000480015
0.000474775
0.000469538
0.000464303
0.00045907
0.000453838
0.000448608
0.000443379
0.000438151
0.000432924
0.000427697
0.000422471
0.000417245
0.00041202
0.000406794
0.000401569
0.000396344
0.000391118
0.000385892
0.000380666
0.00037544
0.000370213
0.000364985
0.000359757
0.000354528
0.000349299
0.000344068
0.000338838
0.000333606
0.000328373
0.00032314
0.000317906
0.000312671
0.000307435
0.000302198
0.000296961
0.000291722
0.000286483
0.000281242
0.000276001
0.000270759
0.000265516
0.000260272
0.000255027
0.000249782
0.000244535
0.000239288
0.00023404
0.000228791
0.000223542
0.000218291
0.00021304
0.000207788
0.000202536
0.000197283
0.000192029
0.000186774
0.000181519
0.000176263
0.000171007
0.00016575
0.000160492
0.000155234
0.000149976
0.000144717
0.000139457
0.000134197
0.000128937
0.000123676
0.000118415
0.000113154
0.000107892
0.00010263
9.73673e-05
9.21045e-05
8.68414e-05
8.15781e-05
7.63146e-05
7.10508e-05
6.57869e-05
6.05227e-05
5.52584e-05
4.99939e-05
4.47293e-05
3.94645e-05
3.41997e-05
2.89347e-05
2.36697e-05
1.84047e-05
1.31392e-05
7.87281e-06
2.62166e-06
0.000632802
0.000623796
0.000619028
0.000613712
0.000608301
0.000602931
0.000597533
0.000592092
0.000586625
0.000581151
0.000575685
0.000570235
0.000564805
0.000559399
0.000554014
0.000548651
0.000543306
0.000537979
0.000532667
0.000527367
0.000522079
0.0005168
0.000511528
0.000506264
0.000501006
0.000495752
0.000490503
0.000485257
0.000480015
0.000474775
0.000469538
0.000464303
0.00045907
0.000453838
0.000448608
0.000443379
0.000438151
0.000432924
0.000427697
0.000422471
0.000417245
0.00041202
0.000406794
0.000401569
0.000396343
0.000391118
0.000385892
0.000380666
0.000375439
0.000370212
0.000364985
0.000359756
0.000354528
0.000349298
0.000344068
0.000338837
0.000333606
0.000328373
0.00032314
0.000317906
0.000312671
0.000307435
0.000302198
0.00029696
0.000291722
0.000286482
0.000281242
0.000276001
0.000270759
0.000265516
0.000260272
0.000255027
0.000249782
0.000244535
0.000239288
0.00023404
0.000228791
0.000223541
0.000218291
0.00021304
0.000207788
0.000202536
0.000197282
0.000192028
0.000186774
0.000181519
0.000176263
0.000171007
0.00016575
0.000160492
0.000155234
0.000149976
0.000144717
0.000139457
0.000134197
0.000128937
0.000123676
0.000118415
0.000113154
0.000107892
0.00010263
9.73672e-05
9.21044e-05
8.68414e-05
8.15781e-05
7.63145e-05
7.10508e-05
6.57868e-05
6.05227e-05
5.52583e-05
4.99939e-05
4.47292e-05
3.94645e-05
3.41996e-05
2.89347e-05
2.36697e-05
1.84047e-05
1.31392e-05
7.87279e-06
2.62129e-06
)
;

boundaryField
{
    frontWall
    {
        type            empty;
    }
    backWall
    {
        type            empty;
    }
    sideWall
    {
        type            zeroGradient;
    }
    outlet
    {
        type            fixedValue;
        value           uniform 0;
    }
    inlet
    {
        type            zeroGradient;
    }
}


// ************************************************************************* //
